8.199909999999999144e+00 1.398705000000000083e-07
8.200919000000000736e+00 1.574114999999999931e-07
8.201570999999999501e+00 1.281779999999999981e-07
8.202569000000000443e+00 1.574106000000000106e-07
8.202906999999999726e+00 1.632572999999999937e-07
8.203908000000000200e+00 1.574087000000000005e-07
8.204952000000000467e+00 1.515639000000000010e-07
8.205596999999999142e+00 1.574106000000000106e-07
8.206573000000000562e+00 1.340234000000000035e-07
8.206931000000000864e+00 1.340247000000000077e-07
8.207928000000000779e+00 1.457171999999999914e-07
8.208966000000000207e+00 1.515639000000000010e-07
8.209626000000000090e+00 1.515639000000000010e-07
8.210623999999999256e+00 1.515639000000000010e-07
8.210957999999999757e+00 1.398705000000000083e-07
8.211940999999999491e+00 1.632568000000000064e-07
8.212979999999999947e+00 1.632562999999999926e-07
8.213632999999999740e+00 1.281762000000000066e-07
8.214631000000000682e+00 1.515621000000000096e-07
8.214987000000000705e+00 1.457171999999999914e-07
8.215992999999999213e+00 1.574114999999999931e-07
8.217005999999999588e+00 1.340243000000000125e-07
8.217672000000000310e+00 1.223300000000000108e-07
8.218368999999999147e+00 1.515633999999999872e-07
8.219022000000000716e+00 1.632558999999999974e-07
8.220029000000000252e+00 1.632568000000000064e-07
8.221059999999999590e+00 1.574110000000000058e-07
8.221361999999999171e+00 1.340224999999999946e-07
8.222374000000000294e+00 1.807973000000000039e-07
8.223031000000000645e+00 1.632568000000000064e-07
8.224026000000000280e+00 1.457176000000000130e-07
8.225056999999999618e+00 1.457171999999999914e-07
8.225365999999999289e+00 1.515621000000000096e-07
8.226414000000000115e+00 1.457163000000000089e-07
8.227062000000000097e+00 1.398705000000000083e-07
8.228049999999999642e+00 1.398705000000000083e-07
8.229098999999999720e+00 1.749511000000000081e-07
8.229404999999999859e+00 1.457171999999999914e-07
8.230437000000000225e+00 1.691030000000000022e-07
8.231102999999999170e+00 1.281762000000000066e-07
8.232098999999999833e+00 1.574100999999999968e-07
8.233119000000000298e+00 1.691034999999999895e-07
8.233427999999999969e+00 1.515639000000000010e-07
8.234465000000000146e+00 1.691043999999999985e-07
8.235106999999999289e+00 1.632568000000000064e-07
8.236114999999999853e+00 1.457171999999999914e-07
8.237166999999999462e+00 1.632572999999999937e-07
8.237474999999999881e+00 1.574100999999999968e-07
8.238497000000000625e+00 1.632562999999999926e-07
8.239155999999999480e+00 1.515621000000000096e-07
8.240161999999999765e+00 1.749478999999999939e-07
8.241205000000000780e+00 1.574091999999999879e-07
8.241521000000000541e+00 1.574100999999999968e-07
8.242565000000000808e+00 1.515633999999999872e-07
8.243204000000000420e+00 1.457163000000000089e-07
8.244184000000000623e+00 1.515625000000000047e-07
8.244849000000000316e+00 1.340210999999999983e-07
8.245521999999999352e+00 1.340210999999999983e-07
8.246544999999999348e+00 1.398701000000000131e-07
8.246859000000000606e+00 1.398691000000000120e-07
8.247906000000000404e+00 1.457167000000000041e-07
8.248862000000000805e+00 1.457167000000000041e-07
8.249541999999999931e+00 1.691034999999999895e-07
8.250572999999999269e+00 1.457176000000000130e-07
8.251557999999999282e+00 1.515639000000000010e-07
8.251915000000000333e+00 1.457167000000000041e-07
8.252921000000000618e+00 1.691043999999999985e-07
8.253579000000000221e+00 1.574106000000000106e-07
8.254592000000000596e+00 1.749501999999999991e-07
8.255580000000000140e+00 1.749505999999999943e-07
8.255940000000000722e+00 1.691034999999999895e-07
8.256902000000000186e+00 1.574091999999999879e-07
8.257586999999999122e+00 1.749511000000000081e-07
8.258634000000000697e+00 1.632558999999999974e-07
8.259593000000000629e+00 1.632568000000000064e-07
8.259954999999999714e+00 1.457171999999999914e-07
8.260942999999999259e+00 1.223300000000000108e-07
8.261620000000000630e+00 1.515639000000000010e-07
8.262650000000000716e+00 1.691039000000000112e-07
8.263659000000000532e+00 1.574110000000000058e-07
8.263996000000000564e+00 1.749505999999999943e-07
8.264955999999999747e+00 1.515639000000000010e-07
8.265617999999999910e+00 1.457163000000000089e-07
8.266659000000000646e+00 1.866431000000000045e-07
8.267623000000000388e+00 1.632576999999999889e-07
8.267988000000000781e+00 1.632576999999999889e-07
8.268981000000000137e+00 1.515639000000000010e-07
8.269648999999999361e+00 1.398705000000000083e-07
8.270671000000000106e+00 1.691034999999999895e-07
8.271663999999999461e+00 1.866431000000000045e-07
8.272016999999999953e+00 1.632558999999999974e-07
8.272992000000000345e+00 1.457149000000000126e-07
8.273360999999999521e+00 1.691030000000000022e-07
8.274362999999999246e+00 1.457163000000000089e-07
8.275365000000000748e+00 1.515629999999999921e-07
8.276035999999999504e+00 1.457167000000000041e-07
8.277022999999999797e+00 1.457163000000000089e-07
8.277390000000000470e+00 1.515625000000000047e-07
8.278365000000000862e+00 1.749488000000000028e-07
8.279386999999999830e+00 1.515625000000000047e-07
8.280098000000000624e+00 1.632562999999999926e-07
8.281060000000000088e+00 1.691020999999999932e-07
8.281416999999999362e+00 1.574091999999999879e-07
8.282415999999999556e+00 1.457163000000000089e-07
8.283433999999999742e+00 1.515629999999999921e-07
8.284124000000000265e+00 1.574097000000000017e-07
8.285130999999999801e+00 1.574091999999999879e-07
8.285460999999999743e+00 1.632558999999999974e-07
8.286421999999999954e+00 1.574106000000000106e-07
8.287432000000000798e+00 1.691039000000000112e-07
8.288111000000000672e+00 1.515625000000000047e-07
8.289084000000000785e+00 1.398695999999999993e-07
8.289434999999999221e+00 1.281749000000000025e-07
8.290428999999999604e+00 1.632545000000000012e-07
8.291444000000000258e+00 1.574091999999999879e-07
8.292120999999999853e+00 1.807969000000000087e-07
8.293113999999999209e+00 1.749497000000000118e-07
8.293473000000000539e+00 1.574091999999999879e-07
8.294449999999999434e+00 1.457154000000000000e-07
8.295477999999999241e+00 1.574087000000000005e-07
8.296169000000000793e+00 1.398691000000000120e-07
8.297131999999999508e+00 1.632558999999999974e-07
8.297482999999999720e+00 1.574083000000000054e-07
8.298467999999999734e+00 1.632545000000000012e-07
8.299478000000000577e+00 1.515633999999999872e-07
8.299811999999999301e+00 1.515639000000000010e-07
8.300836000000000325e+00 1.691020999999999932e-07
8.301538000000000750e+00 1.807969000000000087e-07
8.302495000000000402e+00 1.749492999999999902e-07
8.303520000000000678e+00 1.866431000000000045e-07
8.303850000000000620e+00 1.749505999999999943e-07
8.304862999999999218e+00 1.691012000000000108e-07
8.305554000000000769e+00 1.574091999999999879e-07
8.306568000000000396e+00 1.924897999999999877e-07
8.307539999999999480e+00 1.632549999999999885e-07
8.307866999999999891e+00 1.632572999999999937e-07
8.308868000000000364e+00 1.632535999999999922e-07
8.309568000000000509e+00 1.574091999999999879e-07
8.310534000000000532e+00 1.398695999999999993e-07
8.311562999999999590e+00 1.515625000000000047e-07
8.311896000000000839e+00 1.866431000000000045e-07
8.312903000000000375e+00 1.807963999999999949e-07
8.313579000000000718e+00 1.574087000000000005e-07
8.314569999999999794e+00 1.632549999999999885e-07
8.315592000000000539e+00 1.807959999999999998e-07
8.315910999999999831e+00 1.866404000000000041e-07
8.316945000000000476e+00 1.691030000000000022e-07
8.317638999999999783e+00 1.515625000000000047e-07
8.318599000000000743e+00 1.749488000000000028e-07
8.319615000000000649e+00 1.866425999999999907e-07
8.319943999999999562e+00 1.749488000000000028e-07
8.320964000000000027e+00 1.866431000000000045e-07
8.321645999999999432e+00 1.632568000000000064e-07
8.322649999999999437e+00 1.691034999999999895e-07
8.323655000000000470e+00 1.632549999999999885e-07
8.323980000000000601e+00 1.691007999999999891e-07
8.324998000000000786e+00 1.457144999999999910e-07
8.325328000000000728e+00 1.691003000000000018e-07
8.326354000000000255e+00 1.691020999999999932e-07
8.327365000000000350e+00 1.807959999999999998e-07
8.328053000000000594e+00 1.866425999999999907e-07
8.329072999999999283e+00 1.632554000000000101e-07
8.329389000000000820e+00 1.691012000000000108e-07
8.330398999999999887e+00 1.691020999999999932e-07
8.331395000000000550e+00 1.632562999999999926e-07
8.332055999999999685e+00 1.515629999999999921e-07
8.333087000000000799e+00 1.574091999999999879e-07
8.333406999999999343e+00 1.632535999999999922e-07
8.334419000000000466e+00 1.632549999999999885e-07
8.335404000000000480e+00 1.632558999999999974e-07
8.336090999999999696e+00 1.632558999999999974e-07
8.337099999999999511e+00 1.691020999999999932e-07
8.337415000000000020e+00 1.574087000000000005e-07
8.338452000000000197e+00 1.924875000000000089e-07
8.339451999999999643e+00 1.691020999999999932e-07
8.340104999999999436e+00 1.807940999999999897e-07
8.341124999999999901e+00 1.515629999999999921e-07
8.341445000000000221e+00 1.632545000000000012e-07
8.342461999999999378e+00 1.574064999999999874e-07
8.343453000000000230e+00 1.691016999999999981e-07
8.344139999999999446e+00 1.749488000000000028e-07
8.345155000000000101e+00 1.691030000000000022e-07
8.345477999999999952e+00 1.749505999999999943e-07
8.346489999999999299e+00 1.749488000000000028e-07
8.347497999999999863e+00 1.632549999999999885e-07
8.348166000000000864e+00 1.574077999999999916e-07
8.349199999999999733e+00 1.807969000000000087e-07
8.349531999999999954e+00 1.691012000000000108e-07
8.350516000000000716e+00 1.983360000000000099e-07
8.351501999999999981e+00 1.749497000000000118e-07
8.351855000000000473e+00 1.866425999999999907e-07
8.352840999999999738e+00 1.691034999999999895e-07
8.353870999999999825e+00 1.749511000000000081e-07
8.354532000000000735e+00 1.807969000000000087e-07
8.355525999999999343e+00 1.807959999999999998e-07
8.355867999999999185e+00 1.807973000000000039e-07
8.356868000000000407e+00 1.691020999999999932e-07
8.357900000000000773e+00 1.807949999999999986e-07
8.358546999999999727e+00 1.983345999999999872e-07
8.359557999999999822e+00 1.807959999999999998e-07
8.359915000000000873e+00 1.691030000000000022e-07
8.360903999999999670e+00 1.691020999999999932e-07
8.361933999999999756e+00 1.924897999999999877e-07
8.362586000000000297e+00 1.866421999999999956e-07
8.363581999999999184e+00 2.158769999999999947e-07
8.363920000000000243e+00 1.866431000000000045e-07
8.364922999999999220e+00 2.041826999999999931e-07
8.365978000000000137e+00 1.691030000000000022e-07
8.366631999999999181e+00 1.807963999999999949e-07
8.367606000000000321e+00 1.866413000000000131e-07
8.367955999999999506e+00 1.866413000000000131e-07
8.368959999999999511e+00 1.866413000000000131e-07
8.370003000000000526e+00 2.100294000000000027e-07
8.370679000000000869e+00 1.983355999999999883e-07
8.371646999999999395e+00 1.924889000000000052e-07
8.371969999999999246e+00 1.866431000000000045e-07
8.372954000000000008e+00 1.749492999999999902e-07
8.373998000000000275e+00 2.158769999999999947e-07
8.374632000000000076e+00 1.983341999999999920e-07
8.375624999999999432e+00 1.691007999999999891e-07
8.375984000000000762e+00 1.749474000000000066e-07
8.376982999999999180e+00 1.632558999999999974e-07
8.377995000000000303e+00 1.632535999999999922e-07
8.378303999999999974e+00 1.691020999999999932e-07
8.379353999999999303e+00 1.691030000000000022e-07
8.380005999999999844e+00 1.515625000000000047e-07
8.381009999999999849e+00 1.983364999999999973e-07
8.382056999999999647e+00 1.749488000000000028e-07
8.382355000000000445e+00 1.866425999999999907e-07
8.383373000000000630e+00 2.041832000000000069e-07
8.384019999999999584e+00 1.807955000000000124e-07
8.385021999999999309e+00 1.983341999999999920e-07
8.386044000000000054e+00 1.866413000000000131e-07
8.386371000000000464e+00 1.983360000000000099e-07
8.387423000000000073e+00 1.866413000000000131e-07
8.388059000000000154e+00 1.749488000000000028e-07
8.389053000000000537e+00 1.866431000000000045e-07
8.390100000000000335e+00 1.924889000000000052e-07
8.390406999999999726e+00 1.691016999999999981e-07
8.391446000000000183e+00 1.983355999999999883e-07
8.392113999999999407e+00 1.924897999999999877e-07
8.393096999999999142e+00 2.100280000000000064e-07
8.394102000000000174e+00 1.807936999999999945e-07
8.394417999999999935e+00 1.924893000000000003e-07
8.395448999999999273e+00 1.866413000000000131e-07
8.396102000000000842e+00 2.041822000000000057e-07
8.397097999999999729e+00 1.807946000000000035e-07
8.398149000000000086e+00 2.100284999999999937e-07
8.398443000000000325e+00 1.924875000000000089e-07
8.399476999999999194e+00 2.100288999999999889e-07
8.400130000000000763e+00 1.983351000000000010e-07
8.401132000000000488e+00 2.100297999999999978e-07
8.402155999999999736e+00 1.983345999999999872e-07
8.402476000000000056e+00 1.866407999999999993e-07
8.403529000000000693e+00 1.866421999999999956e-07
8.404166999999999277e+00 1.924883999999999914e-07
8.404842000000000368e+00 1.807949999999999986e-07
8.405832999999999444e+00 1.924897999999999877e-07
8.406506000000000256e+00 2.158755999999999985e-07
8.407536999999999594e+00 1.983355999999999883e-07
8.407847999999999544e+00 1.866413000000000131e-07
8.408898999999999901e+00 1.983337000000000047e-07
8.409865999999999175e+00 1.749474000000000066e-07
8.410541999999999518e+00 1.924879999999999962e-07
8.411592999999999876e+00 1.924889000000000052e-07
8.411892999999999176e+00 1.924875000000000089e-07
8.412938000000000471e+00 2.100288999999999889e-07
8.413945999999999259e+00 1.924889000000000052e-07
8.414604999999999890e+00 1.983360000000000099e-07
8.415615000000000734e+00 2.158752000000000033e-07
8.415929000000000215e+00 2.100288999999999889e-07
8.416954000000000491e+00 1.924870999999999872e-07
8.417935999999999197e+00 1.866425999999999907e-07
8.418601999999999919e+00 2.041826999999999931e-07
8.419641999999999626e+00 1.807940999999999897e-07
8.419947000000000514e+00 2.100280000000000064e-07
8.420965000000000700e+00 1.983355999999999883e-07
8.421946999999999406e+00 1.690997999999999880e-07
8.422624000000000777e+00 2.334151999999999870e-07
8.423650999999999556e+00 2.100284999999999937e-07
8.423968000000000345e+00 1.866413000000000131e-07
8.425017000000000422e+00 2.100284999999999937e-07
8.425974999999999326e+00 1.983355999999999883e-07
8.426636000000000237e+00 1.924870999999999872e-07
8.427671000000000134e+00 2.100270999999999974e-07
8.427979000000000553e+00 1.924883999999999914e-07
8.429002999999999801e+00 2.100270999999999974e-07
8.430001999999999995e+00 1.924889000000000052e-07
8.430661999999999878e+00 1.983345999999999872e-07
8.431340000000000501e+00 2.041826999999999931e-07
8.432000000000000384e+00 2.100288999999999889e-07
8.433049999999999713e+00 2.217227999999999954e-07
8.434029999999999916e+00 2.158738000000000070e-07
8.434388999999999470e+00 1.924856999999999910e-07
8.435397999999999286e+00 2.100284999999999937e-07
8.436037000000000674e+00 2.158738000000000070e-07
8.437049999999999272e+00 2.100288999999999889e-07
8.438034000000000034e+00 2.217227999999999954e-07
8.438394999999999868e+00 2.100284999999999937e-07
8.439360999999999891e+00 2.158746999999999895e-07
8.440035999999999206e+00 2.217213999999999991e-07
8.441088000000000591e+00 2.041812999999999968e-07
8.442055999999999116e+00 2.100294000000000027e-07
8.442406999999999329e+00 2.217209000000000118e-07
8.443398000000000181e+00 2.100267000000000022e-07
8.444065999999999406e+00 2.334139000000000093e-07
8.445093999999999212e+00 2.041791000000000102e-07
8.446104000000000056e+00 2.158752000000000033e-07
8.446465999999999141e+00 1.924893000000000003e-07
8.447421999999999542e+00 2.158752000000000033e-07
8.448090999999999795e+00 2.100270999999999974e-07
8.449135999999999314e+00 2.100284999999999937e-07
8.450108999999999426e+00 2.041822000000000057e-07
8.450466000000000477e+00 2.158746999999999895e-07
8.451463000000000392e+00 2.158732999999999932e-07
8.452479000000000298e+00 2.275694000000000128e-07
8.453155000000000641e+00 1.924875000000000089e-07
8.454155999999999338e+00 2.217217999999999943e-07
8.454513999999999641e+00 2.041818000000000106e-07
8.455496000000000123e+00 2.334147999999999918e-07
8.456528000000000489e+00 2.451077000000000237e-07
8.457202000000000552e+00 2.217213999999999991e-07
8.457836000000000354e+00 2.275685000000000039e-07
8.458501000000000047e+00 2.041809000000000016e-07
8.459493999999999403e+00 2.275699000000000001e-07
8.460499999999999687e+00 2.275685000000000039e-07
8.460826000000000846e+00 2.392632999999999929e-07
8.461843999999999255e+00 1.983355999999999883e-07
8.462536000000000058e+00 2.100270999999999974e-07
8.463499000000000549e+00 2.158752000000000033e-07
8.464513999999999427e+00 2.158746999999999895e-07
8.464845000000000397e+00 1.866413000000000131e-07
8.465861000000000303e+00 2.334151999999999870e-07
8.466537999999999897e+00 2.158724000000000107e-07
8.467553000000000551e+00 2.041809000000000016e-07
8.468540000000000845e+00 2.158732999999999932e-07
8.468870000000000786e+00 2.158752000000000033e-07
8.469877999999999574e+00 2.158738000000000070e-07
8.470575999999999439e+00 2.334147999999999918e-07
8.471545000000000769e+00 2.392618999999999966e-07
8.472568000000000765e+00 2.158742999999999943e-07
8.472901999999999489e+00 2.217209000000000118e-07
8.473909000000000802e+00 2.334143000000000045e-07
8.474586000000000396e+00 2.100280000000000064e-07
8.475588000000000122e+00 2.158752000000000033e-07
8.476601000000000496e+00 2.041809000000000016e-07
8.476926000000000627e+00 2.158752000000000033e-07
8.477966999999999587e+00 2.392618999999999966e-07
8.478645000000000209e+00 2.334157000000000008e-07
8.479590999999999212e+00 1.983341999999999920e-07
8.480608999999999398e+00 2.158738000000000070e-07
8.480935000000000556e+00 2.509548000000000020e-07
8.481944000000000372e+00 2.334147999999999918e-07
8.482632000000000616e+00 2.568015000000000116e-07
8.483634000000000341e+00 2.626486999999999820e-07
8.484638999999999598e+00 2.451080999999999924e-07
8.484949000000000296e+00 2.217209000000000118e-07
8.485974999999999824e+00 2.275681000000000087e-07
8.486309000000000324e+00 2.568010999999999899e-07
8.487318000000000140e+00 2.334147999999999918e-07
8.488317000000000334e+00 2.158738000000000070e-07
8.489017000000000479e+00 2.626477000000000074e-07
8.490016999999999925e+00 2.509526000000000154e-07
8.490334999999999965e+00 2.451067999999999883e-07
8.491351999999999123e+00 2.451072000000000099e-07
8.492350999999999317e+00 2.217217999999999943e-07
8.493019999999999570e+00 2.509556999999999845e-07
8.494054000000000215e+00 2.392624000000000104e-07
8.494384999999999408e+00 2.100284999999999937e-07
8.495397000000000531e+00 2.217217999999999943e-07
8.496389000000000635e+00 2.392610000000000141e-07
8.497068000000000509e+00 2.509539000000000195e-07
8.498089999999999478e+00 2.684944000000000170e-07
8.498412000000000077e+00 2.684948999999999778e-07
8.499446999999999974e+00 2.334143000000000045e-07
8.500472999999999502e+00 2.392591999999999962e-07
8.501122000000000511e+00 2.567969999999999932e-07
8.502136000000000138e+00 2.509534999999999979e-07
8.502465000000000828e+00 2.626472999999999857e-07
8.503469000000000833e+00 2.568005999999999761e-07
8.504469000000000278e+00 2.217209000000000118e-07
8.505141000000000062e+00 2.392596000000000178e-07
8.506152000000000157e+00 2.334116000000000041e-07
8.506475000000000009e+00 2.392586999999999824e-07
8.507493000000000194e+00 2.509539000000000195e-07
8.508494000000000668e+00 2.509543999999999803e-07
8.509161999999999892e+00 2.684934999999999815e-07
8.510203000000000628e+00 2.509548000000000020e-07
8.510529000000000011e+00 2.684944000000000170e-07
8.511525000000000674e+00 2.626486999999999820e-07
8.512501999999999569e+00 2.509539000000000195e-07
8.512854000000000809e+00 2.684944000000000170e-07
8.513844000000000634e+00 2.334125000000000130e-07
8.514526999999999290e+00 2.860353999999999753e-07
8.515534000000000603e+00 2.451067999999999883e-07
8.516541000000000139e+00 2.568010999999999899e-07
8.516887000000000540e+00 2.684948999999999778e-07
8.517870000000000275e+00 2.684934999999999815e-07
8.518568000000000140e+00 2.568020000000000254e-07
8.519581999999999766e+00 2.275667000000000124e-07
8.520569000000000059e+00 2.626426999999999752e-07
8.520929999999999893e+00 2.684931000000000128e-07
8.521912000000000376e+00 2.568005999999999761e-07
8.522572999999999510e+00 2.451072000000000099e-07
8.523588000000000164e+00 2.684934999999999815e-07
8.524589000000000638e+00 2.684934999999999815e-07
8.524919999999999831e+00 2.684944000000000170e-07
8.525916999999999746e+00 2.509534999999999979e-07
8.526604999999999990e+00 2.743407000000000049e-07
8.527608999999999995e+00 2.568001000000000153e-07
8.528601999999999350e+00 2.626464000000000032e-07
8.528956000000000870e+00 2.567991999999999798e-07
8.529951999999999757e+00 2.626468000000000249e-07
8.530613999999999919e+00 2.801860000000000182e-07
8.531643000000000754e+00 2.743393000000000086e-07
8.532648000000000010e+00 2.743415999999999874e-07
8.532985000000000042e+00 2.918803000000000199e-07
8.533972999999999587e+00 2.684934999999999815e-07
8.534648999999999930e+00 2.977279000000000120e-07
8.535648000000000124e+00 2.918774999999999744e-07
8.536654999999999660e+00 2.918785000000000020e-07
8.537010999999999683e+00 2.918785000000000020e-07
8.538009999999999877e+00 2.801877999999999832e-07
8.538365999999999900e+00 2.977269999999999766e-07
8.539341000000000292e+00 2.743393000000000086e-07
8.540393999999999153e+00 3.035746000000000216e-07
8.541038999999999604e+00 2.743393000000000086e-07
8.542047999999999419e+00 2.801863999999999869e-07
8.542414000000000840e+00 3.035746000000000216e-07
8.543374999999999275e+00 2.918798000000000061e-07
8.544375999999999749e+00 2.801860000000000182e-07
8.545037000000000660e+00 3.035746000000000216e-07
8.546030999999999267e+00 2.801874000000000145e-07
8.546367999999999299e+00 2.860322000000000140e-07
8.547356999999999871e+00 2.918765999999999919e-07
8.548413000000000039e+00 2.860326999999999749e-07
8.549056999999999462e+00 2.860322000000000140e-07
8.550053000000000125e+00 3.035746000000000216e-07
8.551097000000000392e+00 3.035749999999999903e-07
8.551398999999999972e+00 2.801860000000000182e-07
8.552422999999999220e+00 2.801860000000000182e-07
8.553098999999999563e+00 2.860326999999999749e-07
8.554090000000000416e+00 2.977260000000000019e-07
8.555111999999999384e+00 2.801882999999999970e-07
8.555412000000000461e+00 3.094194000000000211e-07
8.556454999999999700e+00 3.211137000000000228e-07
8.557102999999999682e+00 2.860336000000000103e-07
8.558101000000000624e+00 3.035732000000000253e-07
8.559150999999999954e+00 3.152646999999999815e-07
8.559457999999999345e+00 2.977269999999999766e-07
8.560475999999999530e+00 3.269603999999999795e-07
8.561144999999999783e+00 3.094211999999999861e-07
8.562141999999999697e+00 2.918798000000000061e-07
8.563176000000000343e+00 3.035727000000000115e-07
8.563494000000000383e+00 3.035732000000000253e-07
8.564531999999999812e+00 3.094189999999999995e-07
8.564826999999999302e+00 2.977273999999999982e-07
8.565835999999999117e+00 3.035732000000000253e-07
8.566819999999999879e+00 3.094189999999999995e-07
8.567488000000000881e+00 3.269572000000000182e-07
8.568512000000000128e+00 3.094181000000000170e-07
8.568834000000000728e+00 3.328056999999999928e-07
8.569884999999999309e+00 2.977269999999999766e-07
8.570842999999999989e+00 3.269603999999999795e-07
8.571521999999999863e+00 3.386537999999999987e-07
8.572556000000000509e+00 3.211122999999999736e-07
8.572863999999999152e+00 3.269589999999999832e-07
8.573899000000000825e+00 3.386529000000000162e-07
8.574904000000000082e+00 3.269594999999999970e-07
8.575563999999999965e+00 3.269603999999999795e-07
8.576582000000000150e+00 3.094198999999999820e-07
8.576888999999999541e+00 3.328065999999999753e-07
8.577932000000000556e+00 3.386537999999999987e-07
8.578903999999999641e+00 3.328070999999999891e-07
8.579591000000000633e+00 3.561947000000000178e-07
8.580638000000000432e+00 3.386537999999999987e-07
8.580928000000000111e+00 3.211092000000000045e-07
8.581960000000000477e+00 3.269594999999999970e-07
8.582945999999999742e+00 3.035708999999999936e-07
8.583615999999999246e+00 3.386510000000000061e-07
8.584661000000000541e+00 3.561934000000000137e-07
8.584989999999999455e+00 3.620413999999999744e-07
8.586031999999999442e+00 3.678863000000000191e-07
8.586983000000000033e+00 3.561928999999999999e-07
8.587640000000000384e+00 3.678853999999999836e-07
8.588680999999999344e+00 3.737339000000000112e-07
8.588981000000000421e+00 3.444999999999999945e-07
8.590004999999999669e+00 3.561934000000000137e-07
8.591001999999999583e+00 3.561937999999999824e-07
8.591371000000000535e+00 3.561924999999999782e-07
8.592326999999999160e+00 3.795792000000000245e-07
8.592999000000000720e+00 3.971211000000000182e-07
8.594032000000000338e+00 3.503461999999999903e-07
8.595007999999999981e+00 3.678853999999999836e-07
8.595373999999999626e+00 3.854268000000000165e-07
8.596372999999999820e+00 3.737312000000000107e-07
8.597030999999999423e+00 3.503444000000000253e-07
8.598046000000000078e+00 3.620382000000000132e-07
8.599030000000000840e+00 3.854263000000000027e-07
8.599389999999999645e+00 3.795792000000000245e-07
8.600367999999999569e+00 3.854272999999999774e-07
8.601039000000000101e+00 3.854249999999999986e-07
8.602090000000000458e+00 3.854249999999999986e-07
8.603049999999999642e+00 3.678839999999999873e-07
8.603412000000000504e+00 3.854249999999999986e-07
8.604412999999999201e+00 4.029668999999999924e-07
8.605081000000000202e+00 3.912717000000000082e-07
8.606113999999999820e+00 3.971184000000000178e-07
8.607122999999999635e+00 3.795801000000000070e-07
8.607461999999999946e+00 4.029660000000000099e-07
8.608423000000000158e+00 4.088130999999999882e-07
8.609085999999999572e+00 4.146589000000000153e-07
8.610125999999999280e+00 4.380464999999999911e-07
8.611088000000000520e+00 4.205056000000000249e-07
8.611449999999999605e+00 4.205065000000000074e-07
8.612450000000000827e+00 3.912730000000000123e-07
8.613111999999999213e+00 4.029654999999999961e-07
8.614134999999999209e+00 4.088140000000000236e-07
8.615114000000000161e+00 4.321970999999999811e-07
8.615477999999999525e+00 4.088116999999999919e-07
8.616457000000000477e+00 4.088130999999999882e-07
8.617139999999999134e+00 4.029663999999999786e-07
8.617822999999999567e+00 4.205045999999999973e-07
8.618831000000000131e+00 4.146592999999999840e-07
8.619500999999999635e+00 4.263513000000000069e-07
8.620490999999999460e+00 4.321984999999999774e-07
8.620851000000000042e+00 4.380464999999999911e-07
8.621826999999999686e+00 4.497393999999999965e-07
8.622856000000000520e+00 4.614328000000000157e-07
8.623552000000000106e+00 4.438918000000000044e-07
8.624513000000000318e+00 4.321984999999999774e-07
8.624869999999999592e+00 4.321984999999999774e-07
8.625873000000000346e+00 4.438932000000000007e-07
8.626884999999999692e+00 4.438923000000000182e-07
8.627580999999999278e+00 4.380464999999999911e-07
8.628590000000000870e+00 4.438937000000000145e-07
8.628925999999999874e+00 4.614332999999999765e-07
8.629875000000000185e+00 4.555852000000000236e-07
8.630883000000000749e+00 4.614315000000000116e-07
8.631567999999999685e+00 4.380451999999999870e-07
8.632545000000000357e+00 4.731271000000000174e-07
8.632904999999999163e+00 4.672795000000000253e-07
8.633898999999999546e+00 4.848191000000000403e-07
8.634904999999999831e+00 4.497399000000000103e-07
8.635586999999999236e+00 4.965124999999999536e-07
8.636571999999999250e+00 4.965138000000000107e-07
8.636936999999999642e+00 4.965138000000000107e-07
8.637902999999999665e+00 4.672791000000000036e-07
8.638941000000000869e+00 5.023586999999999494e-07
8.639632999999999896e+00 4.965120000000000457e-07
8.640580999999999179e+00 4.789701999999999911e-07
8.640945999999999572e+00 5.082058999999999728e-07
8.641930000000000334e+00 5.082053999999999590e-07
8.642929000000000528e+00 4.965106999999999886e-07
8.643627000000000393e+00 5.140525000000000432e-07
8.644287999999999528e+00 5.198987999999999782e-07
8.644990999999999204e+00 5.140515999999999548e-07
8.645951000000000164e+00 5.140497999999999898e-07
8.646979999999999222e+00 5.198996999999999607e-07
8.647304999999999353e+00 5.374378999999999794e-07
8.648327000000000098e+00 5.198996999999999607e-07
8.649015000000000342e+00 5.315925999999999661e-07
8.650017999999999319e+00 5.315916999999999836e-07
8.651002000000000081e+00 5.374387999999999619e-07
8.651322999999999652e+00 5.315916999999999836e-07
8.652331999999999468e+00 5.725190000000000195e-07
8.653321000000000041e+00 5.666705000000000449e-07
8.653985000000000483e+00 5.549771000000000257e-07
8.655022999999999911e+00 5.725193999999999882e-07
8.655352999999999852e+00 5.608264999999999828e-07
8.656354999999999578e+00 5.432854999999999715e-07
8.657351000000000241e+00 5.842122999999999935e-07
8.658025999999999556e+00 5.725176000000000232e-07
8.659048000000000300e+00 5.959048000000000303e-07
8.659383000000000052e+00 5.900595000000000169e-07
8.660410999999999859e+00 5.900590000000000031e-07
8.661402999999999963e+00 5.900590000000000031e-07
8.662060000000000315e+00 6.017519000000000085e-07
8.663078999999999752e+00 6.134453000000000277e-07
8.663406999999999414e+00 6.017519000000000085e-07
8.664424000000000348e+00 6.017527999999999910e-07
8.665421000000000262e+00 6.251391000000000156e-07
8.666100999999999388e+00 6.309835000000000464e-07
8.667115000000000791e+00 6.134416999999999919e-07
8.667438999999999893e+00 6.543693999999999965e-07
8.668468000000000728e+00 6.485240999999999832e-07
8.669477000000000544e+00 6.543725999999999577e-07
8.670147000000000048e+00 6.777583999999999685e-07
8.670821000000000112e+00 6.836033000000000131e-07
8.671509000000000356e+00 6.836005000000000206e-07
8.672520000000000451e+00 6.602164999999999748e-07
8.673519999999999897e+00 6.777583999999999685e-07
8.673866999999999550e+00 6.952988999999999660e-07
8.674851000000000312e+00 6.894486000000000265e-07
8.675520999999999816e+00 7.186839000000000394e-07
8.676539999999999253e+00 7.069886999999999494e-07
8.677557999999999439e+00 7.362225000000000268e-07
8.677877000000000507e+00 7.362230000000000406e-07
8.678867000000000331e+00 7.420715000000000152e-07
8.679551999999999268e+00 7.479182000000000248e-07
8.680559999999999832e+00 7.713035999999999610e-07
8.681561999999999557e+00 7.654578000000000398e-07
8.681926999999999950e+00 7.829969000000000410e-07
8.682914000000000243e+00 8.180770999999999927e-07
8.683564999999999756e+00 7.829964999999999664e-07
8.684585000000000221e+00 8.180756999999999964e-07
8.685581000000000884e+00 8.063841999999999873e-07
8.685919000000000167e+00 8.356167000000000077e-07
8.686934000000000822e+00 8.531572000000000052e-07
8.687613000000000696e+00 8.590042999999999835e-07
8.688613000000000142e+00 8.765444000000000123e-07
8.689602000000000714e+00 8.882378000000000315e-07
8.689958000000000737e+00 8.765444000000000123e-07
8.690958999999999435e+00 9.057774000000000465e-07
8.691639999999999588e+00 9.116240999999999502e-07
8.692660000000000053e+00 8.999302000000000231e-07
8.693644000000000815e+00 9.583975000000000426e-07
8.693974000000000757e+00 9.525499999999999898e-07
8.694955000000000211e+00 9.642428999999999952e-07
8.695629000000000275e+00 9.759362000000000751e-07
8.696642999999999901e+00 1.005166000000000042e-06
8.697317999999999216e+00 9.993211999999999368e-07
8.697988999999999749e+00 1.028556000000000042e-06
8.698995000000000033e+00 1.063637000000000037e-06
8.699329999999999785e+00 1.069484000000000076e-06
8.700321999999999889e+00 1.081176000000000099e-06
8.701382000000000616e+00 1.133796999999999972e-06
8.702016000000000417e+00 1.139641999999999955e-06
8.703020999999999674e+00 1.163029000000000084e-06
8.703376000000000445e+00 1.192260999999999985e-06
8.704368000000000549e+00 1.215648999999999929e-06
8.705384000000000455e+00 1.244882000000000069e-06
8.706046000000000618e+00 1.279959999999999981e-06
8.707034999999999414e+00 1.326736000000000082e-06
8.707383000000000095e+00 1.344275999999999960e-06
8.708380999999999261e+00 1.396894999999999989e-06
8.709433999999999898e+00 1.455360000000000030e-06
8.710084999999999411e+00 1.507981999999999930e-06
8.711078999999999795e+00 1.583985000000000006e-06
8.711417000000000854e+00 1.619066000000000001e-06
8.712426000000000670e+00 1.706762999999999942e-06
8.713464999999999350e+00 1.794465000000000022e-06
8.714140999999999693e+00 1.870473000000000023e-06
8.715108000000000743e+00 2.010792999999999892e-06
8.715441000000000216e+00 2.063413000000000161e-06
8.716426000000000229e+00 2.227119000000000132e-06
8.717454000000000036e+00 2.431750999999999869e-06
8.718104000000000298e+00 2.601304999999999906e-06
8.719099999999999184e+00 2.952102000000000132e-06
8.719452999999999676e+00 3.104116000000000080e-06
8.720454000000000150e+00 3.630312999999999931e-06
8.721465000000000245e+00 4.355297999999999987e-06
8.722125000000000128e+00 5.103669000000000144e-06
8.723122999999999294e+00 6.658877000000000315e-06
8.723482999999999876e+00 7.296163000000000163e-06
8.724467999999999890e+00 9.593888999999999651e-06
8.725533999999999679e+00 1.392041000000000044e-05
8.725809999999999178e+00 1.603689999999999887e-05
8.726820000000000022e+00 2.350890000000000119e-05
8.727472999999999814e+00 3.228472000000000080e-05
8.728431999999999746e+00 6.637648999999999644e-05
8.729514999999999247e+00 1.501003999999999902e-04
8.729827999999999477e+00 1.601507999999999914e-04
8.730873000000000772e+00 2.305793999999999899e-04
8.731517999999999446e+00 2.952081999999999970e-04
8.732516999999999641e+00 4.062068999999999749e-04
8.733556999999999348e+00 5.254838999999999647e-04
8.733860999999999208e+00 5.581257999999999749e-04
8.734904999999999475e+00 7.038711000000000446e-04
8.735576000000000008e+00 7.957688999999999561e-04
8.736558000000000490e+00 9.395496000000000143e-04
8.737569999999999837e+00 1.091457000000000104e-03
8.737880000000000535e+00 1.117158999999999947e-03
8.738906000000000063e+00 1.283927999999999936e-03
8.739553000000000793e+00 1.375200000000000033e-03
8.740550000000000708e+00 1.533824999999999945e-03
8.741597000000000506e+00 1.703178999999999978e-03
8.741903999999999897e+00 1.726590000000000069e-03
8.742926000000000641e+00 1.894323000000000057e-03
8.743579999999999686e+00 1.991600000000000054e-03
8.744581999999999411e+00 2.162578999999999977e-03
8.745620000000000616e+00 2.333745999999999824e-03
8.745936000000000377e+00 2.353272999999999910e-03
8.746975000000000833e+00 2.543450999999999958e-03
8.747621999999999787e+00 2.633082000000000131e-03
8.748609999999999332e+00 2.800238000000000033e-03
8.749653999999999598e+00 2.980771000000000115e-03
8.749954999999999927e+00 2.993001999999999815e-03
8.750987000000000293e+00 3.175504999999999908e-03
8.751984000000000208e+00 3.349261000000000078e-03
8.752349000000000601e+00 3.370946000000000099e-03
8.753311999999999315e+00 3.535616000000000106e-03
8.753985999999999379e+00 3.629549000000000143e-03
8.755031000000000674e+00 3.812536000000000050e-03
8.756023000000000778e+00 3.971612999999999706e-03
8.756394000000000233e+00 3.989719000000000078e-03
8.757398999999999489e+00 4.168269999999999961e-03
8.758112999999999815e+00 4.265581000000000060e-03
8.759121000000000379e+00 4.438781999999999624e-03
8.760104999999999364e+00 4.585917999999999592e-03
8.760459000000000884e+00 4.599475999999999912e-03
8.761435000000000528e+00 4.773356000000000300e-03
8.762107000000000312e+00 4.853777000000000091e-03
8.763147999999999271e+00 5.051182000000000415e-03
8.764106999999999204e+00 5.198458999999999892e-03
8.764466999999999786e+00 5.197547000000000278e-03
8.765458000000000638e+00 5.364795999999999801e-03
8.766123000000000332e+00 5.413773000000000196e-03
8.767156999999999201e+00 5.597246999999999639e-03
8.768153999999999115e+00 5.752631999999999711e-03
8.768520999999999788e+00 5.756195000000000409e-03
8.769462000000000756e+00 5.930064999999999989e-03
8.770132000000000261e+00 6.025481000000000066e-03
8.771179999999999310e+00 6.212628000000000421e-03
8.772138999999999243e+00 6.360372000000000421e-03
8.772501999999999356e+00 6.353138999999999835e-03
8.773495000000000488e+00 6.524300000000000238e-03
8.774169000000000551e+00 6.605874999999999768e-03
8.775183000000000177e+00 6.777880000000000016e-03
8.776180000000000092e+00 6.931099999999999935e-03
8.776543000000000205e+00 6.913383000000000375e-03
8.777514000000000038e+00 7.080893999999999903e-03
8.777881999999999962e+00 7.072448000000000276e-03
8.778881000000000157e+00 7.245683000000000158e-03
8.779866999999999422e+00 7.401875999999999942e-03
8.780542000000000513e+00 7.474775000000000343e-03
8.781527000000000527e+00 7.633436999999999861e-03
8.781883999999999801e+00 7.614260999999999772e-03
8.782859000000000194e+00 7.774699000000000366e-03
8.783868999999999261e+00 7.963314000000000850e-03
8.784579000000000804e+00 8.039591000000000445e-03
8.785536999999999708e+00 8.175800999999999902e-03
8.785899000000000569e+00 8.134453999999999296e-03
8.786880999999999275e+00 8.288016999999999954e-03
8.787905999999999551e+00 8.463017999999999236e-03
8.788588000000000733e+00 8.533193999999999155e-03
8.789592999999999989e+00 8.711978000000000430e-03
8.789956999999999354e+00 8.681796999999999778e-03
8.790907999999999944e+00 8.839163000000000575e-03
8.791919999999999291e+00 8.980010000000000076e-03
8.792614999999999625e+00 9.036798999999999873e-03
8.793578999999999368e+00 9.184549999999999659e-03
8.793939999999999202e+00 9.185007999999999714e-03
8.794947000000000514e+00 9.347615000000000091e-03
8.795954000000000050e+00 9.455140000000000766e-03
8.796635999999999456e+00 9.508723999999999649e-03
8.797636999999999929e+00 9.655181000000000527e-03
8.797995999999999484e+00 9.639731000000000341e-03
8.798965000000000813e+00 9.774731000000000045e-03
8.800000000000000711e+00 9.949230999999999353e-03
8.800665999999999656e+00 1.003783999999999926e-02
8.801624000000000336e+00 1.018244999999999914e-02
8.801985999999999422e+00 1.015732999999999914e-02
8.802956000000000003e+00 1.031081000000000011e-02
8.803969999999999629e+00 1.046904000000000064e-02
8.804292000000000229e+00 1.043189999999999916e-02
8.805317999999999756e+00 1.059486999999999929e-02
8.806017000000000650e+00 1.066269000000000071e-02
8.806967999999999464e+00 1.080834999999999956e-02
8.807997999999999550e+00 1.096916000000000037e-02
8.808322000000000429e+00 1.092909000000000068e-02
8.809343000000000146e+00 1.109760000000000087e-02
8.810026999999999830e+00 1.116346000000000005e-02
8.811028000000000304e+00 1.131895999999999944e-02
8.812027999999999750e+00 1.145788000000000015e-02
8.812341999999999231e+00 1.141414999999999964e-02
8.813354999999999606e+00 1.156813999999999933e-02
8.814049000000000689e+00 1.169785999999999916e-02
8.815020000000000522e+00 1.184700999999999983e-02
8.816038999999999959e+00 1.199666999999999921e-02
8.816375000000000739e+00 1.197041000000000077e-02
8.817380999999999247e+00 1.213393999999999931e-02
8.818061000000000149e+00 1.218629000000000066e-02
8.819055000000000533e+00 1.234152999999999986e-02
8.820074999999999221e+00 1.249175999999999932e-02
8.820389999999999731e+00 1.247111000000000053e-02
8.821429000000000187e+00 1.264360999999999957e-02
8.822112999999999872e+00 1.268834999999999928e-02
8.823069999999999524e+00 1.281845000000000033e-02
8.824078999999999340e+00 1.296659000000000006e-02
8.824412000000000589e+00 1.291574000000000021e-02
8.825418000000000873e+00 1.307666000000000037e-02
8.826097000000000747e+00 1.313036000000000064e-02
8.827104999999999535e+00 1.327931000000000077e-02
8.828113999999999351e+00 1.342314000000000007e-02
8.828430000000000888e+00 1.336874000000000048e-02
8.829442000000000235e+00 1.352897999999999948e-02
8.830135000000000289e+00 1.358476999999999948e-02
8.830788999999999334e+00 1.363269999999999933e-02
8.831784000000000745e+00 1.377600000000000005e-02
8.832475000000000520e+00 1.383190999999999934e-02
8.833486000000000615e+00 1.398355000000000084e-02
8.833804000000000656e+00 1.392060999999999993e-02
8.834811000000000192e+00 1.393693000000000015e-02
8.835810000000000386e+00 1.406878999999999942e-02
8.836477000000000359e+00 1.419872999999999968e-02
8.837512999999999508e+00 1.426970999999999969e-02
8.837847999999999260e+00 1.424209000000000065e-02
8.838853999999999544e+00 1.440612999999999963e-02
8.839845000000000397e+00 1.456798999999999941e-02
8.840531000000000361e+00 1.462800000000000038e-02
8.841537000000000646e+00 1.478431000000000016e-02
8.841870000000000118e+00 1.473019000000000064e-02
8.842909000000000574e+00 1.490325999999999977e-02
8.843937000000000381e+00 1.505825000000000045e-02
8.844585999999999615e+00 1.509583999999999926e-02
8.845594999999999430e+00 1.525870000000000004e-02
8.845929999999999183e+00 1.521224000000000014e-02
8.846932000000000684e+00 1.537411999999999980e-02
8.847927000000000319e+00 1.551812999999999977e-02
8.848603999999999914e+00 1.557337999999999952e-02
8.849607000000000667e+00 1.571996999999999978e-02
8.850595000000000212e+00 1.586798000000000028e-02
8.850946000000000424e+00 1.582282999999999953e-02
8.851950000000000429e+00 1.598118000000000108e-02
8.852615000000000123e+00 1.602378000000000136e-02
8.853642999999999930e+00 1.617698000000000053e-02
8.854635000000000034e+00 1.631420999999999913e-02
8.854971000000000814e+00 1.625543000000000127e-02
8.855959000000000358e+00 1.640221000000000040e-02
8.856636999999999205e+00 1.644976999999999898e-02
8.857298999999999367e+00 1.650367999999999974e-02
8.858325000000000671e+00 1.666739000000000068e-02
8.858997000000000455e+00 1.671212000000000045e-02
8.859994999999999621e+00 1.686023999999999856e-02
8.860336000000000212e+00 1.680446999999999844e-02
8.861326000000000036e+00 1.696661000000000002e-02
8.862370999999999555e+00 1.712844999999999993e-02
8.863023999999999347e+00 1.716550999999999841e-02
8.864029000000000380e+00 1.731233000000000077e-02
8.864385000000000403e+00 1.726124000000000061e-02
8.865365000000000606e+00 1.740521000000000082e-02
8.866372000000000142e+00 1.754841000000000040e-02
8.867032000000000025e+00 1.758956999999999882e-02
8.868024000000000129e+00 1.772939000000000112e-02
8.868365999999999971e+00 1.767569999999999905e-02
8.869362000000000634e+00 1.782330000000000025e-02
8.870416000000000523e+00 1.797655999999999907e-02
8.871045000000000513e+00 1.800639000000000059e-02
8.872044999999999959e+00 1.814730000000000162e-02
8.872381999999999991e+00 1.809333999999999942e-02
8.873385000000000744e+00 1.824459999999999971e-02
8.874416999999999334e+00 1.839433000000000040e-02
8.875092999999999677e+00 1.843343999999999885e-02
8.876089000000000340e+00 1.857775000000000051e-02
8.876436999999999244e+00 1.851604000000000097e-02
8.877408000000000854e+00 1.866506999999999888e-02
8.878455999999999904e+00 1.881473000000000173e-02
8.879103000000000634e+00 1.884554999999999911e-02
8.880100000000000549e+00 1.898029000000000036e-02
8.880454000000000292e+00 1.891939000000000121e-02
8.881453999999999738e+00 1.904973999999999903e-02
8.882476000000000482e+00 1.920909000000000158e-02
8.883141000000000176e+00 1.925158999999999898e-02
8.883843999999999852e+00 1.932220999999999939e-02
8.884493000000000862e+00 1.936059999999999864e-02
8.885488000000000497e+00 1.949793000000000012e-02
8.886518000000000583e+00 1.963604999999999864e-02
8.886815999999999605e+00 1.957135000000000125e-02
8.887829999999999231e+00 1.973748999999999990e-02
8.888481999999999772e+00 1.978330999999999840e-02
8.889469000000000065e+00 1.993485999999999869e-02
8.890325999999999951e+00 1.999777999999999972e-02
8.890800000000000480e+00 1.999725000000000114e-02
8.891298000000000812e+00 1.999884999999999857e-02
