7.800036000000000413e+00 6.967116000000000035e-08
7.800041000000000224e+00 1.164459999999999960e-07
7.800041000000000224e+00 8.721304000000000099e-08
7.800041000000000224e+00 9.305881999999999526e-08
7.800037999999999805e+00 9.305881999999999526e-08
7.800378000000000256e+00 7.551876000000000568e-08
7.800381999999999927e+00 9.305791000000000296e-08
7.800378000000000256e+00 9.890595999999999953e-08
7.800372999999999557e+00 8.721122000000000317e-08
7.800370000000000026e+00 7.551693999999999462e-08
7.800372000000000305e+00 8.136453000000000337e-08
7.800378000000000256e+00 9.305835999999999420e-08
7.800374999999999837e+00 7.551693999999999462e-08
7.800375999999999976e+00 9.305745000000000191e-08
7.800381999999999927e+00 6.382538000000000609e-08
7.801071999999999562e+00 8.721166999999999441e-08
7.801065000000000360e+00 8.136499000000000442e-08
7.801065999999999612e+00 6.382355999999999503e-08
7.801065999999999612e+00 8.721030999999999763e-08
7.801065999999999612e+00 9.890276999999999512e-08
7.801059999999999661e+00 9.890368000000000065e-08
7.801061999999999941e+00 6.382493000000000161e-08
7.801064000000000220e+00 9.305791000000000296e-08
7.801070000000000171e+00 8.721212999999999546e-08
7.801070000000000171e+00 8.721212999999999546e-08
7.801375000000000171e+00 6.967069999999999930e-08
7.801382000000000261e+00 8.136317000000000659e-08
7.801383999999999652e+00 7.551830000000000463e-08
7.801390999999999742e+00 7.551830000000000463e-08
7.801381000000000121e+00 8.721122000000000317e-08
7.801389999999999603e+00 8.136499000000000442e-08
7.801382000000000261e+00 5.797778999999999734e-08
7.801381000000000121e+00 5.213155000000000202e-08
7.801385999999999932e+00 6.382538000000000609e-08
7.801377999999999702e+00 8.721166999999999441e-08
7.802075999999999567e+00 7.551785000000000015e-08
7.802071999999999896e+00 8.136180000000000001e-08
7.802073000000000036e+00 8.136407999999999889e-08
7.802075000000000315e+00 7.551785000000000015e-08
7.802073000000000036e+00 9.890232000000000387e-08
7.802075000000000315e+00 7.551647999999999357e-08
7.802064999999999806e+00 7.551511999999999679e-08
7.802073000000000036e+00 9.305699999999999743e-08
7.802076999999999707e+00 6.967161000000000484e-08
7.802068000000000225e+00 7.551647999999999357e-08
7.802426999999999779e+00 6.967024999999999482e-08
7.802432999999999730e+00 9.305791000000000296e-08
7.802432999999999730e+00 8.136589999999999672e-08
7.802424000000000248e+00 8.136543999999999567e-08
7.802420999999999829e+00 6.967161000000000484e-08
7.802426999999999779e+00 8.721212999999999546e-08
7.802433999999999870e+00 8.136589999999999672e-08
7.802431000000000338e+00 1.047526000000000032e-07
7.802429000000000059e+00 9.890504999999999400e-08
7.802427999999999919e+00 9.305791000000000296e-08
7.803069999999999951e+00 8.721166999999999441e-08
7.803066000000000280e+00 8.136226000000000106e-08
7.803060000000000329e+00 5.212927999999999972e-08
7.803074999999999761e+00 9.890504999999999400e-08
7.803073999999999621e+00 8.721122000000000317e-08
7.803069999999999951e+00 8.721166999999999441e-08
7.803067999999999671e+00 7.551738999999999910e-08
7.803069999999999951e+00 8.721122000000000317e-08
7.803064000000000000e+00 5.213201000000000308e-08
7.803067999999999671e+00 1.105979999999999955e-07
7.803384999999999572e+00 8.136589999999999672e-08
7.803384999999999572e+00 7.551738999999999910e-08
7.803382000000000041e+00 8.721030999999999763e-08
7.803384999999999572e+00 9.890459000000000618e-08
7.803384999999999572e+00 8.721166999999999441e-08
7.803387999999999991e+00 9.305881999999999526e-08
7.803380999999999901e+00 9.305609000000000513e-08
7.803377000000000230e+00 8.136407999999999889e-08
7.803384000000000320e+00 8.136407999999999889e-08
7.803386999999999851e+00 8.721122000000000317e-08
7.804062000000000054e+00 8.136453000000000337e-08
7.804062000000000054e+00 8.721166999999999441e-08
7.804056000000000104e+00 1.047504000000000034e-07
7.804063000000000194e+00 8.136543999999999567e-08
7.804054999999999964e+00 7.551830000000000463e-08
7.804051000000000293e+00 6.382401999999999608e-08
7.804050000000000153e+00 8.136361999999999784e-08
7.804059999999999775e+00 9.305881999999999526e-08
7.804062000000000054e+00 8.136543999999999567e-08
7.804062000000000054e+00 1.105979999999999955e-07
7.804407000000000316e+00 8.721122000000000317e-08
7.804405000000000037e+00 9.305791000000000296e-08
7.804407999999999568e+00 9.305791000000000296e-08
7.804395000000000415e+00 1.047489999999999939e-07
7.804397999999999946e+00 9.305791000000000296e-08
7.804400000000000226e+00 8.721122000000000317e-08
7.804397999999999946e+00 9.305791000000000296e-08
7.804402999999999757e+00 9.305791000000000296e-08
7.804407999999999568e+00 9.305835999999999420e-08
7.804397999999999946e+00 8.721166999999999441e-08
7.805100000000000371e+00 8.136407999999999889e-08
7.805091000000000001e+00 9.305426999999999407e-08
7.805087000000000330e+00 4.628258999999999992e-08
7.805091000000000001e+00 8.136317000000000659e-08
7.805100000000000371e+00 9.305699999999999743e-08
7.805099000000000231e+00 8.136499000000000442e-08
7.805094999999999672e+00 8.720940000000000534e-08
7.805094000000000420e+00 8.720986000000000639e-08
7.805091000000000001e+00 8.720940000000000534e-08
7.805092000000000141e+00 6.382447000000000056e-08
7.805407999999999902e+00 9.890595999999999953e-08
7.805403000000000091e+00 9.890504999999999400e-08
7.805399000000000420e+00 8.721030999999999763e-08
7.805399999999999672e+00 8.136317000000000659e-08
7.805407999999999902e+00 8.136453000000000337e-08
7.805399000000000420e+00 7.551785000000000015e-08
7.805409000000000042e+00 8.721166999999999441e-08
7.805405000000000371e+00 5.797733000000000290e-08
7.805407999999999902e+00 1.105979999999999955e-07
7.805401999999999951e+00 9.890414000000000170e-08
7.806076000000000015e+00 8.721212999999999546e-08
7.806079000000000434e+00 1.047521999999999948e-07
7.806071000000000204e+00 8.136226000000000106e-08
7.806074999999999875e+00 9.305699999999999743e-08
7.806071000000000204e+00 7.551785000000000015e-08
7.806068999999999924e+00 6.967161000000000484e-08
7.806067999999999785e+00 8.720986000000000639e-08
7.806070000000000064e+00 8.136361999999999784e-08
7.806079000000000434e+00 1.047512999999999991e-07
7.806072999999999595e+00 9.305699999999999743e-08
7.806434999999999569e+00 1.164437000000000039e-07
7.806427000000000227e+00 7.551785000000000015e-08
7.806434999999999569e+00 8.721166999999999441e-08
7.806434000000000317e+00 9.890504999999999400e-08
7.806428999999999618e+00 8.136543999999999567e-08
7.806433000000000177e+00 9.305835999999999420e-08
7.806432000000000038e+00 1.047504000000000034e-07
7.806423999999999808e+00 7.551693999999999462e-08
7.806430999999999898e+00 9.305791000000000296e-08
7.806433000000000177e+00 8.136499000000000442e-08
7.807102000000000430e+00 8.721122000000000317e-08
7.807094000000000200e+00 9.890414000000000170e-08
7.807096999999999731e+00 9.890459000000000618e-08
7.807095999999999592e+00 8.136499000000000442e-08
7.807090999999999781e+00 8.136361999999999784e-08
7.807094000000000200e+00 9.890459000000000618e-08
7.807097999999999871e+00 1.105979999999999955e-07
7.807094000000000200e+00 8.721212999999999546e-08
7.807106000000000101e+00 9.305791000000000296e-08
7.807094000000000200e+00 6.967116000000000035e-08
7.807430000000000092e+00 8.136361999999999784e-08
7.807432000000000372e+00 8.136407999999999889e-08
7.807428999999999952e+00 1.222912999999999960e-07
7.807421999999999862e+00 8.721122000000000317e-08
7.807428999999999952e+00 9.305609000000000513e-08
7.807423000000000002e+00 9.305699999999999743e-08
7.807431000000000232e+00 9.305791000000000296e-08
7.807420999999999722e+00 8.136134999999999553e-08
7.807423000000000002e+00 1.047489999999999939e-07
7.807420999999999722e+00 9.890276999999999512e-08
7.808101999999999876e+00 9.890504999999999400e-08
7.808097000000000065e+00 1.164437000000000039e-07
7.808098000000000205e+00 9.890459000000000618e-08
7.808089999999999975e+00 9.890368000000000065e-08
7.808093000000000394e+00 8.721030999999999763e-08
7.808094999999999786e+00 8.136361999999999784e-08
7.808104000000000156e+00 7.551647999999999357e-08
7.808094999999999786e+00 8.720986000000000639e-08
7.808094999999999786e+00 9.305653999999999638e-08
7.808093999999999646e+00 1.222885999999999956e-07
7.808442999999999579e+00 1.047504000000000034e-07
7.808436000000000377e+00 1.105979999999999955e-07
7.808450999999999809e+00 1.222909000000000009e-07
7.808443999999999718e+00 1.047507999999999985e-07
7.808442000000000327e+00 1.047507999999999985e-07
7.808442999999999579e+00 1.047504000000000034e-07
7.808436999999999628e+00 9.890414000000000170e-08
7.808436999999999628e+00 7.551647999999999357e-08
7.808459000000000039e+00 1.105984000000000039e-07
7.808447000000000138e+00 1.105979999999999955e-07
7.809118999999999922e+00 2.098437999999999881e-06
7.809120000000000061e+00 2.788336000000000200e-06
7.809123999999999732e+00 2.747412000000000064e-06
7.809120000000000061e+00 2.800029000000000039e-06
7.809120000000000061e+00 2.759102999999999848e-06
7.809120000000000061e+00 2.782488000000000133e-06
7.809114000000000111e+00 2.753255000000000205e-06
7.809114000000000111e+00 2.770796000000000110e-06
7.809123999999999732e+00 2.788337999999999831e-06
7.809122999999999593e+00 2.759106000000000143e-06
7.809431000000000012e+00 3.390534999999999887e-06
7.809434000000000431e+00 3.367147999999999970e-06
7.809440000000000381e+00 3.402228999999999965e-06
7.809436999999999962e+00 3.425613999999999827e-06
7.809433000000000291e+00 3.396382999999999953e-06
7.809440999999999633e+00 3.402228999999999965e-06
7.809442999999999913e+00 3.437307999999999905e-06
7.809438000000000102e+00 3.413921999999999804e-06
7.809442999999999913e+00 3.413923999999999859e-06
7.809434000000000431e+00 3.437307000000000089e-06
7.810120000000000395e+00 4.764484999999999666e-06
7.810118000000000116e+00 4.752788000000000141e-06
7.810115999999999836e+00 4.793715999999999963e-06
7.810113999999999557e+00 4.776172999999999579e-06
7.810116999999999976e+00 4.764483000000000035e-06
7.810121999999999787e+00 4.805412000000000096e-06
7.810119000000000256e+00 4.799563999999999606e-06
7.810116999999999976e+00 4.811256999999999868e-06
7.810113000000000305e+00 4.793717000000000202e-06
7.810113999999999557e+00 4.770330000000000285e-06
7.810480000000000089e+00 5.501153999999999948e-06
7.810483999999999760e+00 5.501156999999999819e-06
7.810480000000000089e+00 5.471919999999999780e-06
7.810476999999999670e+00 5.524543000000000344e-06
7.810482000000000369e+00 5.512850000000000081e-06
7.810475000000000279e+00 5.512847000000000210e-06
7.810476000000000418e+00 5.530386999999999876e-06
7.810482999999999620e+00 5.495310000000000415e-06
7.810489999999999711e+00 5.495313000000000286e-06
7.810481000000000229e+00 5.512847000000000210e-06
7.811128000000000071e+00 6.816636000000000239e-06
7.811128000000000071e+00 6.845870000000000407e-06
7.811126999999999931e+00 6.787404999999999942e-06
7.811130999999999602e+00 6.810791999999999859e-06
7.811130999999999602e+00 6.816639000000000110e-06
7.811126999999999931e+00 6.828328000000000262e-06
7.811124000000000400e+00 6.781557000000000299e-06
7.811134000000000022e+00 6.804947000000000087e-06
7.811130999999999602e+00 6.799098000000000205e-06
7.811129000000000211e+00 6.799098999999999597e-06
7.811465000000000103e+00 7.459765000000000227e-06
7.811463999999999963e+00 7.471457000000000250e-06
7.811452000000000062e+00 7.465594999999999797e-06
7.811453000000000202e+00 7.459757000000000006e-06
7.811460000000000292e+00 7.465605999999999889e-06
7.811455999999999733e+00 7.453908000000000124e-06
7.811460000000000292e+00 7.442220999999999604e-06
7.811461000000000432e+00 7.465609999999999999e-06
7.811460000000000292e+00 7.436378000000000310e-06
7.811460000000000292e+00 7.418837000000000405e-06
7.812133000000000216e+00 8.804471000000000833e-06
7.812140999999999558e+00 8.833713000000000375e-06
7.812139000000000166e+00 8.827867999999999756e-06
7.812136999999999887e+00 8.839559000000000386e-06
7.812140999999999558e+00 8.833713999999999767e-06
7.812143999999999977e+00 8.839559000000000386e-06
7.812128999999999657e+00 8.798629999999999478e-06
7.812140999999999558e+00 8.827867999999999756e-06
7.812130999999999936e+00 8.816167000000000120e-06
7.812138000000000027e+00 8.816169000000000598e-06
7.812491999999999770e+00 9.576228999999999213e-06
7.812486999999999959e+00 9.546994000000000500e-06
7.812486999999999959e+00 9.587922000000000323e-06
7.812491999999999770e+00 9.593771000000000205e-06
7.812490000000000379e+00 9.558692000000000265e-06
7.812488000000000099e+00 9.558686999999999916e-06
7.812485999999999819e+00 9.541146999999999402e-06
7.812488000000000099e+00 9.558687999999999308e-06
7.812494000000000050e+00 9.576230000000000300e-06
7.812488000000000099e+00 9.535299000000000606e-06
7.813208000000000375e+00 1.105540999999999992e-05
7.813207000000000235e+00 1.104956000000000064e-05
7.813204999999999956e+00 1.102617999999999986e-05
7.813212000000000046e+00 1.110218999999999949e-05
7.813214000000000325e+00 1.107879999999999970e-05
7.813212000000000046e+00 1.107295000000000043e-05
7.813210999999999906e+00 1.104956000000000064e-05
7.813210999999999906e+00 1.109049999999999995e-05
7.813209999999999766e+00 1.109634000000000022e-05
7.813217999999999996e+00 1.109634000000000022e-05
7.813517000000000046e+00 1.170439000000000027e-05
7.813515999999999906e+00 1.170439000000000027e-05
7.813513999999999626e+00 1.171607999999999981e-05
7.813508999999999816e+00 1.172192000000000008e-05
7.813512000000000235e+00 1.171023000000000054e-05
7.813513999999999626e+00 1.171607999999999981e-05
7.813522999999999996e+00 1.172778000000000005e-05
7.813515999999999906e+00 1.173946000000000059e-05
7.813514999999999766e+00 1.173946000000000059e-05
7.813515999999999906e+00 1.171023999999999954e-05
7.814174000000000397e+00 1.312510999999999977e-05
7.814167999999999559e+00 1.311926000000000049e-05
7.814175999999999789e+00 1.311926000000000049e-05
7.814174999999999649e+00 1.311342000000000022e-05
7.814169999999999838e+00 1.310171999999999998e-05
7.814168999999999699e+00 1.310756999999999926e-05
7.814163999999999888e+00 1.311926000000000049e-05
7.814174999999999649e+00 1.311926999999999950e-05
7.814184000000000019e+00 1.313096999999999974e-05
7.814173000000000258e+00 1.308417999999999947e-05
7.814523999999999582e+00 1.385592000000000032e-05
7.814534000000000091e+00 1.387932000000000080e-05
7.814528000000000141e+00 1.384423999999999978e-05
7.814534000000000091e+00 1.387932999999999981e-05
7.814527000000000001e+00 1.388515999999999938e-05
7.814531999999999812e+00 1.386762999999999956e-05
7.814532999999999952e+00 1.389685999999999962e-05
7.814521000000000051e+00 1.385592999999999932e-05
7.814529000000000281e+00 1.387348000000000053e-05
7.814524999999999721e+00 1.385592999999999932e-05
7.815178000000000402e+00 1.525326000000000073e-05
7.815171999999999564e+00 1.527079999999999955e-05
7.815169000000000032e+00 1.523572000000000022e-05
7.815173999999999843e+00 1.527079999999999955e-05
7.815189000000000163e+00 1.528250999999999880e-05
7.815182000000000073e+00 1.524742000000000046e-05
7.815183000000000213e+00 1.528835000000000076e-05
7.815173999999999843e+00 1.528250000000000149e-05
7.815176000000000123e+00 1.527664999999999882e-05
7.815184000000000353e+00 1.527665999999999952e-05
7.815501000000000253e+00 1.599577999999999883e-05
7.815510999999999875e+00 1.602502000000000128e-05
7.815515999999999686e+00 1.601333000000000004e-05
7.815512000000000015e+00 1.599577999999999883e-05
7.815516999999999825e+00 1.601331999999999934e-05
7.815507000000000204e+00 1.599577999999999883e-05
7.815514000000000294e+00 1.600748000000000077e-05
7.815513000000000154e+00 1.602502000000000128e-05
7.815508999999999595e+00 1.600748000000000077e-05
7.815515999999999686e+00 1.598994000000000026e-05
7.816181000000000267e+00 1.749252000000000036e-05
7.816182999999999659e+00 1.751589999999999945e-05
7.816173000000000037e+00 1.748081999999999842e-05
7.816175000000000317e+00 1.749252000000000036e-05
7.816180000000000128e+00 1.746911999999999987e-05
7.816175999999999569e+00 1.748666000000000039e-05
7.816175999999999569e+00 1.751005000000000017e-05
7.816180000000000128e+00 1.751006000000000087e-05
7.816180000000000128e+00 1.752759000000000069e-05
7.816181000000000267e+00 1.751589999999999945e-05
7.816519999999999690e+00 1.826426000000000121e-05
7.816519999999999690e+00 1.828180999999999903e-05
7.816518000000000299e+00 1.829348999999999957e-05
7.816513999999999740e+00 1.828765000000000100e-05
7.816516000000000020e+00 1.825256999999999997e-05
7.816516000000000020e+00 1.826426000000000121e-05
7.816523000000000110e+00 1.827012000000000118e-05
7.816521999999999970e+00 1.828765000000000100e-05
7.816517000000000159e+00 1.825840999999999855e-05
7.816523000000000110e+00 1.827009999999999978e-05
7.817200999999999844e+00 1.981944000000000145e-05
7.817224000000000395e+00 1.998315999999999927e-05
7.817199999999999704e+00 1.982530000000000143e-05
7.817222000000000115e+00 1.992469999999999916e-05
7.817197000000000173e+00 1.983114000000000000e-05
7.817205999999999655e+00 1.987207000000000030e-05
7.817201999999999984e+00 2.039241999999999948e-05
7.817203000000000124e+00 1.983698999999999928e-05
7.817201999999999984e+00 1.988961000000000082e-05
7.817201999999999984e+00 1.992469999999999916e-05
7.817516999999999605e+00 2.111154999999999949e-05
7.817518999999999885e+00 2.250304000000000063e-05
7.817510000000000403e+00 2.239780000000000094e-05
7.817512999999999934e+00 2.246211000000000033e-05
7.817486999999999853e+00 2.180727999999999901e-05
7.817506999999999984e+00 2.245625000000000035e-05
7.817515000000000214e+00 2.243287000000000127e-05
7.817487999999999992e+00 2.053272999999999950e-05
7.817520000000000024e+00 2.247380999999999888e-05
7.817514000000000074e+00 2.240948999999999879e-05
7.818196000000000367e+00 2.528017000000000025e-05
7.818197999999999759e+00 2.529186000000000148e-05
7.818189000000000277e+00 2.524506000000000051e-05
7.818196000000000367e+00 2.528600999999999882e-05
7.818194000000000088e+00 2.522168999999999873e-05
7.818194000000000088e+00 2.528600999999999882e-05
7.818194000000000088e+00 2.529770000000000006e-05
7.818196000000000367e+00 2.529185000000000078e-05
7.818197999999999759e+00 2.528600999999999882e-05
7.818200000000000038e+00 2.527432000000000097e-05
7.818566999999999823e+00 2.678275000000000035e-05
7.818562000000000012e+00 2.683536000000000119e-05
7.818560999999999872e+00 2.678858999999999893e-05
7.818563000000000152e+00 2.680029000000000086e-05
7.818558999999999592e+00 2.677690000000000108e-05
7.818563000000000152e+00 2.678273999999999965e-05
7.818563000000000152e+00 2.681783000000000138e-05
7.818565999999999683e+00 2.678858000000000161e-05
7.818564000000000291e+00 2.683536000000000119e-05
7.818566999999999823e+00 2.680612999999999944e-05
7.819196999999999953e+00 2.944290999999999963e-05
7.819205000000000183e+00 3.193356999999999994e-05
7.819206999999999574e+00 3.196867000000000236e-05
7.819204000000000043e+00 3.191602999999999942e-05
7.819206000000000323e+00 3.194527999999999918e-05
7.819201999999999764e+00 3.189851000000000031e-05
7.819198000000000093e+00 3.190435000000000227e-05
7.819200999999999624e+00 3.191605000000000082e-05
7.819200999999999624e+00 3.189851000000000031e-05
7.819198000000000093e+00 3.189851000000000031e-05
7.819524999999999615e+00 3.390390999999999978e-05
7.819519999999999804e+00 3.392727000000000085e-05
7.819524000000000363e+00 3.391558000000000300e-05
7.819519999999999804e+00 3.393896999999999940e-05
7.819524000000000363e+00 3.389220000000000053e-05
7.819523000000000224e+00 3.391558000000000300e-05
7.819524999999999615e+00 3.390971999999999964e-05
7.819525999999999755e+00 3.388635999999999856e-05
7.819523000000000224e+00 3.389804000000000249e-05
7.819518000000000413e+00 3.386297000000000216e-05
7.819866000000000206e+00 3.607296000000000233e-05
7.819873000000000296e+00 3.606712000000000036e-05
7.819873000000000296e+00 3.609635999999999943e-05
7.819876999999999967e+00 3.604372999999999719e-05
7.819873000000000296e+00 3.609635999999999943e-05
7.819874999999999687e+00 3.606127999999999840e-05
7.819867000000000345e+00 3.603201999999999794e-05
7.819866000000000206e+00 3.600863000000000154e-05
7.819874000000000436e+00 3.601449999999999883e-05
7.819871000000000016e+00 3.602036000000000219e-05
7.820528000000000368e+00 4.014220999999999729e-05
7.820536999999999850e+00 4.017144000000000243e-05
7.820532000000000039e+00 4.018898000000000294e-05
7.820527000000000228e+00 4.063917000000000007e-05
7.820524999999999949e+00 4.015389000000000122e-05
7.820528999999999620e+00 4.013050999999999874e-05
7.820528999999999620e+00 4.032930000000000027e-05
7.820528999999999620e+00 4.013048999999999734e-05
7.820517999999999859e+00 4.013049999999999804e-05
7.820527000000000228e+00 4.017144000000000243e-05
7.820858999999999561e+00 4.407695000000000157e-05
7.820852000000000359e+00 4.400094999999999755e-05
7.820858000000000310e+00 4.405355999999999839e-05
7.820857000000000170e+00 4.225281999999999774e-05
7.820846000000000409e+00 4.404771000000000250e-05
7.820865999999999651e+00 4.407113000000000100e-05
7.820860999999999841e+00 4.406526999999999764e-05
7.820869000000000071e+00 4.413544000000000039e-05
7.820857000000000170e+00 4.408865000000000012e-05
7.820857000000000170e+00 4.227621000000000091e-05
7.821526000000000423e+00 4.948504000000000081e-05
7.821530000000000094e+00 4.952595000000000310e-05
7.821527999999999814e+00 4.956690000000000141e-05
7.821526999999999674e+00 4.999953999999999732e-05
7.821526999999999674e+00 4.949089999999999739e-05
7.821523000000000003e+00 4.945581000000000244e-05
7.821526999999999674e+00 5.016907999999999909e-05
7.821527999999999814e+00 4.950259000000000202e-05
7.821532999999999625e+00 4.954936000000000090e-05
7.821533999999999764e+00 4.948505000000000151e-05
7.821875999999999607e+00 5.385243000000000170e-05
7.821874000000000215e+00 5.336132000000000158e-05
7.821877999999999886e+00 5.635477000000000254e-05
7.821882999999999697e+00 5.640743000000000010e-05
7.821881000000000306e+00 5.487561000000000093e-05
7.821874000000000215e+00 5.572918000000000029e-05
7.821876999999999747e+00 5.638984999999999679e-05
7.821871999999999936e+00 5.225047000000000187e-05
7.821881000000000306e+00 5.641910999999999725e-05
7.821876999999999747e+00 5.641910999999999725e-05
7.822569999999999801e+00 6.468620999999999811e-05
7.822567000000000270e+00 6.479727000000000175e-05
7.822569999999999801e+00 6.472126999999999774e-05
7.822569999999999801e+00 6.477389000000000605e-05
7.822569999999999801e+00 6.471541999999999508e-05
7.822564999999999991e+00 6.463938000000000181e-05
7.822572000000000081e+00 6.470958000000000666e-05
7.822576999999999892e+00 6.476806000000000479e-05
7.822569999999999801e+00 6.473297000000000306e-05
7.822566000000000130e+00 6.467449000000000494e-05
7.822885000000000311e+00 6.851569999999999861e-05
7.822885999999999562e+00 6.852152999999999987e-05
7.822885000000000311e+00 6.843384000000000478e-05
7.822883000000000031e+00 6.842799000000000212e-05
7.822883000000000031e+00 6.843967000000000605e-05
7.822879999999999612e+00 6.836368000000000273e-05
7.822881999999999891e+00 6.838121999999999647e-05
7.822885000000000311e+00 6.833444000000000367e-05
7.822879000000000360e+00 6.836368000000000273e-05
7.822883000000000031e+00 6.835785000000000147e-05
7.823557000000000095e+00 7.663073000000000009e-05
7.823565999999999576e+00 7.663074000000000079e-05
7.823564000000000185e+00 7.661322999999999560e-05
7.823565999999999576e+00 7.664245999999999396e-05
7.823559999999999626e+00 7.651383999999999519e-05
7.823567999999999856e+00 7.665414999999999859e-05
7.823560999999999765e+00 7.663661000000000485e-05
7.823557000000000095e+00 7.653136000000000108e-05
7.823563000000000045e+00 7.666583000000000252e-05
7.823560999999999765e+00 7.664242000000000472e-05
7.823917999999999928e+00 8.092797000000000640e-05
7.823915000000000397e+00 8.086950999999999612e-05
7.823927000000000298e+00 8.254755000000000556e-05
7.823922999999999739e+00 8.252410000000000496e-05
7.823921000000000348e+00 8.100398999999999826e-05
7.823920000000000208e+00 8.182837000000000205e-05
7.823919000000000068e+00 8.205051999999999788e-05
7.823920000000000208e+00 8.263517999999999645e-05
7.823923999999999879e+00 8.090459999999999785e-05
7.823926000000000158e+00 8.095722999999999331e-05
7.824563000000000379e+00 9.028839000000000038e-05
7.824563999999999631e+00 9.354495999999999688e-05
7.824563000000000379e+00 9.222946000000000583e-05
7.824558999999999820e+00 9.397171999999999481e-05
7.824564999999999770e+00 9.240486999999999811e-05
7.824565999999999910e+00 9.310644000000000298e-05
7.824568000000000190e+00 9.225870000000000490e-05
7.824567000000000050e+00 9.192543000000000122e-05
7.824557999999999680e+00 9.229956000000000369e-05
7.824569000000000329e+00 9.309475999999999906e-05
7.824882999999999811e+00 1.020400000000000056e-04
7.824887000000000370e+00 1.000639000000000026e-04
7.824878000000000000e+00 1.007596000000000034e-04
7.824883999999999951e+00 1.022387999999999943e-04
7.824885000000000090e+00 1.008005000000000050e-04
7.824887000000000370e+00 1.012215000000000066e-04
7.824886000000000230e+00 1.020516999999999974e-04
7.824878000000000000e+00 1.004554999999999939e-04
7.824882999999999811e+00 1.009642000000000048e-04
7.824883999999999951e+00 1.020574999999999965e-04
7.825548000000000393e+00 1.154930999999999937e-04
7.825548000000000393e+00 1.178434000000000041e-04
7.825552000000000064e+00 1.160368000000000001e-04
7.825547000000000253e+00 1.174400000000000004e-04
7.825552000000000064e+00 1.179778000000000006e-04
7.825556999999999874e+00 1.179662000000000023e-04
7.825555999999999734e+00 1.179077000000000028e-04
7.825560000000000294e+00 1.180129000000000030e-04
7.825554999999999595e+00 1.167442000000000062e-04
7.825554999999999595e+00 1.179660999999999953e-04
7.825893999999999906e+00 1.255549000000000064e-04
7.825898999999999717e+00 1.255258000000000036e-04
7.825898999999999717e+00 1.254030000000000054e-04
7.825906999999999947e+00 1.255550000000000134e-04
7.825899999999999856e+00 1.255491999999999871e-04
7.825910000000000366e+00 1.255433000000000081e-04
7.825898999999999717e+00 1.254380999999999942e-04
7.825908000000000087e+00 1.256426999999999956e-04
7.825910000000000366e+00 1.255841999999999961e-04
7.825902000000000136e+00 1.255433000000000081e-04
7.826591999999999771e+00 1.410953000000000109e-04
7.826597999999999722e+00 1.429427999999999894e-04
7.826594000000000051e+00 1.427908000000000085e-04
7.826596000000000330e+00 1.427908000000000085e-04
7.826595000000000191e+00 1.429427999999999894e-04
7.826594000000000051e+00 1.430362999999999980e-04
7.826582000000000150e+00 1.423930999999999971e-04
7.826589000000000240e+00 1.429192999999999989e-04
7.826590000000000380e+00 1.428842999999999899e-04
7.826590000000000380e+00 1.426913999999999938e-04
7.826901000000000330e+00 1.518822999999999875e-04
7.826889999999999681e+00 1.521802999999999904e-04
7.826901000000000330e+00 1.508648999999999928e-04
7.826901000000000330e+00 1.508180999999999986e-04
7.826895000000000380e+00 1.523441000000000107e-04
7.826903999999999861e+00 1.521979000000000018e-04
7.826895999999999631e+00 1.503328000000000119e-04
7.826889999999999681e+00 1.519172999999999964e-04
7.826901000000000330e+00 1.502743999999999922e-04
7.826902999999999722e+00 1.503797000000000131e-04
7.827557999999999794e+00 1.713863999999999893e-04
7.827560000000000073e+00 1.711934000000000134e-04
7.827564999999999884e+00 1.710824000000000004e-04
7.827561000000000213e+00 1.712109999999999977e-04
7.827562000000000353e+00 1.712050999999999916e-04
7.827560000000000073e+00 1.710589999999999897e-04
7.827550999999999704e+00 1.712167999999999969e-04
7.827551999999999843e+00 1.711290999999999876e-04
7.827557999999999794e+00 1.710999000000000048e-04
7.827561000000000213e+00 1.711349999999999937e-04
7.827920999999999907e+00 1.813255999999999906e-04
7.827914999999999957e+00 1.813724000000000120e-04
7.827923000000000187e+00 1.813607000000000066e-04
7.827917000000000236e+00 1.816238000000000075e-04
7.827918000000000376e+00 1.812729999999999973e-04
7.827919999999999767e+00 1.819044999999999928e-04
7.827916000000000096e+00 1.813022000000000071e-04
7.827918000000000376e+00 1.814716999999999925e-04
7.827920999999999907e+00 1.814367000000000106e-04
7.827911000000000286e+00 1.815418999999999974e-04
7.828589000000000020e+00 2.013619000000000075e-04
7.828584000000000209e+00 2.032562000000000073e-04
7.828591000000000300e+00 2.011163000000000111e-04
7.828589000000000020e+00 2.031683999999999910e-04
7.828583000000000069e+00 2.033322000000000113e-04
7.828583000000000069e+00 2.034433000000000042e-04
7.828581999999999930e+00 2.031508000000000066e-04
7.828580999999999790e+00 2.032034000000000000e-04
7.828594999999999970e+00 2.023616000000000108e-04
7.828587999999999880e+00 2.032737000000000118e-04
7.828926000000000052e+00 2.154756000000000076e-04
7.828929999999999723e+00 2.159608999999999943e-04
7.828922999999999632e+00 2.157328000000000023e-04
7.828917999999999822e+00 2.153117999999999872e-04
7.828922999999999632e+00 2.140897000000000112e-04
7.828927000000000191e+00 2.153000000000000020e-04
7.828917999999999822e+00 2.141773999999999935e-04
7.828926000000000052e+00 2.154636999999999883e-04
7.828926000000000052e+00 2.150955000000000076e-04
7.828918999999999961e+00 2.154870999999999989e-04
7.829591999999999885e+00 2.401597000000000107e-04
7.829595999999999556e+00 2.444160999999999925e-04
7.829588000000000214e+00 2.457315000000000172e-04
7.829590999999999745e+00 2.458191999999999994e-04
7.829594000000000165e+00 2.440303000000000003e-04
7.829593000000000025e+00 2.444629000000000138e-04
7.829583999999999655e+00 2.420307000000000068e-04
7.829589000000000354e+00 2.437262000000000044e-04
7.829595000000000304e+00 2.437262000000000044e-04
7.829587000000000074e+00 2.428491999999999923e-04
7.829926999999999637e+00 2.620201999999999753e-04
7.829922999999999966e+00 2.628503000000000133e-04
7.829926999999999637e+00 2.569335999999999755e-04
7.829932999999999588e+00 2.604123000000000071e-04
7.829934999999999867e+00 2.629614000000000062e-04
7.829933999999999727e+00 2.606346000000000270e-04
7.829936000000000007e+00 2.626692999999999823e-04
7.829932000000000336e+00 2.621429000000000207e-04
7.829932000000000336e+00 2.586584000000000170e-04
7.829938000000000287e+00 2.614647999999999907e-04
7.830617000000000161e+00 2.953283000000000232e-04
7.830612999999999602e+00 3.005902000000000075e-04
7.830608999999999931e+00 3.019289999999999886e-04
7.830606000000000400e+00 3.044545000000000172e-04
7.830608999999999931e+00 3.006425999999999868e-04
7.830607999999999791e+00 3.039634999999999841e-04
7.830606999999999651e+00 3.045656000000000101e-04
7.830610000000000070e+00 3.022154000000000203e-04
7.830606999999999651e+00 3.027999999999999876e-04
7.830602999999999980e+00 3.044195999999999881e-04
7.830913999999999930e+00 3.187261000000000044e-04
7.830922000000000160e+00 3.215501999999999965e-04
7.830919999999999881e+00 3.211992999999999793e-04
7.830925999999999831e+00 3.211466999999999859e-04
7.830917000000000350e+00 3.210708000000000160e-04
7.830922000000000160e+00 3.212695000000000112e-04
7.830929000000000251e+00 3.184164999999999760e-04
7.830923000000000300e+00 3.211935000000000072e-04
7.830917999999999601e+00 3.215267000000000060e-04
7.830913999999999930e+00 3.208834000000000252e-04
7.831601000000000035e+00 3.599386999999999899e-04
7.831599999999999895e+00 3.646745000000000065e-04
7.831597000000000364e+00 3.625053999999999733e-04
7.831603999999999566e+00 3.644524999999999805e-04
7.831598999999999755e+00 3.643354000000000015e-04
7.831596000000000224e+00 3.642534999999999914e-04
7.831597999999999615e+00 3.641540999999999767e-04
7.831601000000000035e+00 3.641540999999999767e-04
7.831598999999999755e+00 3.611371999999999955e-04
7.831605999999999845e+00 3.640898999999999850e-04
7.831960999999999729e+00 3.857396000000000024e-04
7.831972000000000378e+00 3.855059999999999780e-04
7.831959999999999589e+00 3.852603000000000017e-04
7.831961999999999868e+00 3.854532000000000249e-04
7.831963000000000008e+00 3.845879999999999980e-04
7.831959000000000337e+00 3.854884999999999735e-04
7.831957000000000058e+00 3.841259000000000080e-04
7.831957000000000058e+00 3.845353000000000247e-04
7.831953999999999638e+00 3.844066999999999732e-04
7.831957000000000058e+00 3.844709999999999990e-04
7.832608999999999710e+00 4.256252999999999989e-04
7.832607999999999571e+00 4.312144999999999759e-04
7.832609999999999850e+00 4.310626000000000019e-04
7.832607000000000319e+00 4.324889000000000055e-04
7.832610999999999990e+00 4.330677999999999806e-04
7.832614000000000409e+00 4.333954000000000213e-04
7.832609999999999850e+00 4.281627000000000197e-04
7.832613000000000270e+00 4.306064000000000181e-04
7.832618000000000080e+00 4.309340000000000045e-04
7.832609999999999850e+00 4.323369999999999774e-04
7.832931999999999562e+00 4.562260999999999856e-04
7.832929000000000030e+00 4.558637000000000041e-04
7.832937000000000261e+00 4.535424999999999830e-04
7.832938000000000400e+00 4.555130000000000008e-04
7.832939999999999792e+00 4.565713000000000106e-04
7.832936000000000121e+00 4.577054999999999904e-04
7.832931999999999562e+00 4.564834000000000144e-04
7.832936000000000121e+00 4.556764999999999731e-04
7.832934999999999981e+00 4.555537000000000020e-04
7.832938999999999652e+00 4.554895999999999901e-04
7.833616000000000135e+00 5.122015999999999852e-04
7.833609000000000044e+00 5.134817000000000070e-04
7.833617000000000274e+00 5.139788999999999860e-04
7.833613999999999855e+00 5.137625999999999521e-04
7.833617000000000274e+00 5.114180000000000288e-04
7.833620999999999945e+00 5.129556999999999650e-04
7.833607999999999905e+00 5.120667999999999878e-04
7.833606999999999765e+00 5.126220000000000125e-04
7.833612999999999715e+00 5.125519999999999946e-04
7.833617000000000274e+00 5.119617000000000352e-04
7.833971000000000018e+00 5.438724999999999940e-04
7.833967000000000347e+00 5.434103999999999497e-04
7.833967000000000347e+00 5.450299999999999503e-04
7.833968999999999738e+00 5.440183999999999818e-04
7.833967999999999599e+00 5.438078999999999743e-04
7.833959000000000117e+00 5.437610999999999530e-04
7.833961000000000396e+00 5.432816000000000468e-04
7.833965000000000067e+00 5.423757000000000187e-04
7.833967000000000347e+00 5.435391999999999611e-04
7.833968999999999738e+00 5.424458999999999965e-04
7.834649999999999892e+00 6.033322000000000034e-04
7.834641000000000410e+00 6.033263999999999771e-04
7.834641000000000410e+00 6.008123000000000413e-04
7.834649999999999892e+00 6.023969000000000329e-04
7.834645000000000081e+00 6.027068000000000009e-04
7.834645000000000081e+00 6.019934000000000222e-04
7.834643999999999942e+00 6.004438999999999653e-04
7.834641999999999662e+00 6.009175999999999537e-04
7.834642999999999802e+00 5.999528000000000066e-04
7.834642999999999802e+00 6.013035000000000341e-04
7.834948999999999941e+00 6.304019999999999589e-04
7.834946000000000410e+00 6.301152999999999876e-04
7.834946000000000410e+00 6.293845999999999642e-04
7.834941999999999851e+00 6.280046999999999539e-04
7.834948999999999941e+00 6.283204999999999823e-04
7.834948999999999941e+00 6.296185999999999623e-04
7.834944000000000131e+00 6.290456000000000476e-04
7.834944000000000131e+00 6.288816999999999931e-04
7.834946999999999662e+00 6.296243999999999886e-04
7.834948999999999941e+00 6.285778000000000112e-04
7.835609999999999964e+00 6.917502000000000503e-04
7.835602999999999874e+00 6.909610000000000274e-04
7.835596999999999923e+00 6.895693000000000048e-04
7.835598000000000063e+00 6.890019999999999738e-04
7.835599000000000203e+00 6.891016000000000025e-04
7.835600000000000342e+00 6.890546999999999471e-04
7.835598000000000063e+00 6.886865000000000478e-04
7.835601999999999734e+00 6.881720999999999498e-04
7.835594999999999644e+00 6.876631999999999927e-04
7.835596999999999923e+00 6.888150999999999909e-04
7.835956000000000365e+00 7.247425999999999955e-04
7.835952999999999946e+00 7.227897999999999962e-04
7.835952999999999946e+00 7.218717000000000363e-04
7.835950999999999667e+00 7.239822000000000358e-04
7.835952999999999946e+00 7.243096000000000083e-04
7.835956999999999617e+00 7.238945999999999792e-04
7.835956000000000365e+00 7.244092000000000369e-04
7.835946999999999996e+00 7.202753000000000324e-04
7.835957999999999757e+00 7.243329999999999647e-04
7.835955000000000226e+00 7.244149999999999548e-04
7.836611999999999689e+00 7.926740000000000478e-04
7.836609000000000158e+00 7.909141000000000175e-04
7.836605999999999739e+00 7.920132000000000084e-04
7.836605999999999739e+00 7.886338000000000115e-04
7.836602000000000068e+00 7.901599000000000036e-04
7.836605999999999739e+00 7.894875000000000200e-04
7.836606999999999879e+00 7.899610000000000486e-04
7.836609000000000158e+00 7.893471999999999902e-04
7.836608000000000018e+00 7.889788999999999483e-04
7.836609000000000158e+00 7.881077000000000438e-04
7.836935999999999680e+00 8.250815999999999576e-04
7.836935999999999680e+00 8.265138999999999472e-04
7.836939000000000100e+00 8.264494999999999958e-04
7.836943999999999910e+00 8.251460000000000175e-04
7.836943999999999910e+00 8.255553999999999800e-04
7.836941000000000379e+00 8.232575999999999696e-04
7.836935000000000429e+00 8.262626000000000128e-04
7.836935999999999680e+00 8.256719000000000254e-04
7.836943999999999910e+00 8.258824999999999587e-04
7.836942999999999770e+00 8.263854000000000382e-04
7.837607000000000212e+00 9.007247000000000127e-04
7.837602999999999653e+00 8.995378000000000054e-04
7.837600000000000122e+00 8.987603999999999949e-04
7.837604999999999933e+00 8.988127999999999743e-04
7.837602999999999653e+00 8.980880000000000113e-04
7.837601000000000262e+00 8.977774000000000214e-04
7.837602999999999653e+00 8.970291999999999936e-04
7.837596999999999703e+00 8.969301999999999527e-04
7.837607000000000212e+00 8.977428999999999661e-04
7.837603999999999793e+00 8.980581000000000067e-04
7.837940999999999825e+00 9.357162999999999505e-04
7.837946999999999775e+00 9.376401000000000353e-04
7.837951000000000334e+00 9.380315999999999654e-04
7.837934999999999874e+00 9.346752000000000055e-04
7.837939999999999685e+00 9.345641999999999925e-04
7.837945999999999636e+00 9.361547999999999701e-04
7.837939000000000433e+00 9.359325999999999843e-04
7.837938000000000294e+00 9.362303999999999462e-04
7.837943000000000104e+00 9.356812000000000159e-04
7.837946999999999775e+00 9.333251999999999998e-04
7.838624000000000258e+00 1.017106000000000043e-03
7.838632999999999740e+00 1.017492999999999957e-03
7.838625000000000398e+00 1.015826000000000055e-03
7.838630000000000209e+00 1.016563000000000059e-03
7.838625999999999650e+00 1.016135999999999949e-03
7.838633999999999880e+00 1.015061000000000045e-03
7.838629000000000069e+00 1.015066000000000015e-03
7.838630000000000209e+00 1.013732999999999952e-03
7.838630000000000209e+00 1.015101000000000024e-03
7.838629000000000069e+00 1.014242000000000051e-03
7.838942000000000299e+00 1.053022000000000029e-03
7.838940000000000019e+00 1.051407999999999987e-03
7.838943000000000438e+00 1.051372999999999978e-03
7.838945999999999970e+00 1.052413999999999997e-03
7.838948000000000249e+00 1.052409000000000027e-03
7.838948000000000249e+00 1.052355999999999951e-03
7.838947000000000109e+00 1.052215999999999915e-03
7.838953000000000060e+00 1.050467999999999931e-03
7.838950999999999780e+00 1.052168999999999934e-03
7.838948000000000249e+00 1.050661000000000043e-03
7.839631999999999934e+00 1.138265999999999974e-03
7.839629999999999654e+00 1.136342000000000038e-03
7.839622000000000313e+00 1.135535000000000017e-03
7.839628000000000263e+00 1.134961999999999993e-03
7.839625999999999983e+00 1.134412000000000007e-03
7.839628000000000263e+00 1.133932999999999946e-03
7.839621000000000173e+00 1.133031999999999963e-03
7.839622000000000313e+00 1.132774999999999928e-03
7.839627000000000123e+00 1.133419000000000093e-03
7.839629999999999654e+00 1.133827999999999919e-03
7.839993999999999907e+00 1.182880999999999993e-03
7.839998999999999718e+00 1.180705999999999900e-03
7.839989000000000097e+00 1.180962999999999935e-03
7.839993999999999907e+00 1.180588999999999901e-03
7.839999999999999858e+00 1.180875000000000067e-03
7.839995000000000047e+00 1.179759000000000059e-03
7.839991000000000376e+00 1.179560000000000070e-03
7.839991000000000376e+00 1.179425999999999912e-03
7.839995000000000047e+00 1.180899000000000011e-03
7.839993999999999907e+00 1.179303000000000035e-03
7.840633000000000408e+00 1.268136000000000003e-03
7.840634999999999799e+00 1.264872999999999909e-03
7.840633000000000408e+00 1.265796999999999929e-03
7.840627999999999709e+00 1.264528000000000006e-03
7.840633999999999659e+00 1.264287999999999914e-03
7.840637000000000079e+00 1.264907999999999918e-03
7.840646999999999700e+00 1.264424000000000103e-03
7.840637000000000079e+00 1.263236999999999954e-03
7.840631000000000128e+00 1.263603999999999986e-03
7.840638000000000218e+00 1.264270999999999971e-03
7.840956000000000259e+00 1.307886000000000075e-03
7.840957999999999650e+00 1.307711000000000030e-03
7.840956000000000259e+00 1.308682000000000031e-03
7.840958999999999790e+00 1.306793000000000104e-03
7.840953999999999979e+00 1.307271999999999948e-03
7.840952999999999840e+00 1.308668999999999935e-03
7.840952999999999840e+00 1.307002999999999941e-03
7.840950000000000308e+00 1.307278000000000042e-03
7.840955000000000119e+00 1.305547999999999908e-03
7.840961000000000070e+00 1.305741000000000020e-03
7.841625999999999763e+00 1.403355999999999918e-03
7.841629000000000183e+00 1.404307999999999945e-03
7.841628000000000043e+00 1.401928999999999892e-03
7.841622000000000092e+00 1.401888000000000006e-03
7.841630999999999574e+00 1.401034999999999911e-03
7.841630000000000322e+00 1.400713000000000045e-03
7.841631999999999714e+00 1.400367999999999925e-03
7.841629000000000183e+00 1.400584000000000074e-03
7.841620999999999952e+00 1.400547999999999941e-03
7.841625999999999763e+00 1.398853999999999939e-03
7.841980000000000395e+00 1.451058000000000079e-03
7.841962999999999795e+00 1.449465999999999949e-03
7.841961999999999655e+00 1.448426000000000054e-03
7.841961000000000404e+00 1.448309000000000055e-03
7.841966000000000214e+00 1.447684000000000080e-03
7.841971000000000025e+00 1.446748999999999995e-03
7.841973000000000305e+00 1.447064000000000076e-03
7.841967999999999606e+00 1.446830000000000078e-03
7.841972000000000165e+00 1.447081999999999926e-03
7.841969999999999885e+00 1.446755000000000090e-03
7.842666000000000359e+00 1.555560000000000102e-03
7.842662999999999940e+00 1.553471999999999969e-03
7.842666999999999611e+00 1.553274000000000104e-03
7.842662999999999940e+00 1.549070000000000048e-03
7.842664000000000080e+00 1.552308000000000073e-03
7.842668999999999890e+00 1.551566000000000100e-03
7.842672999999999561e+00 1.552502000000000092e-03
7.842675999999999981e+00 1.551754000000000024e-03
7.842668999999999890e+00 1.551063000000000094e-03
7.842672999999999561e+00 1.550549000000000024e-03
7.842977000000000309e+00 1.598765999999999946e-03
7.842977999999999561e+00 1.597029000000000027e-03
7.842965999999999660e+00 1.596339000000000004e-03
7.842971000000000359e+00 1.595655000000000077e-03
7.842975000000000030e+00 1.595952999999999998e-03
7.842979999999999841e+00 1.595590999999999936e-03
7.842978999999999701e+00 1.596486000000000042e-03
7.842977999999999561e+00 1.595059000000000017e-03
7.842966999999999800e+00 1.595725000000000095e-03
7.842977000000000309e+00 1.595784000000000048e-03
7.843638999999999584e+00 1.704577000000000089e-03
7.843643000000000143e+00 1.701859000000000011e-03
7.843634999999999913e+00 1.700836000000000058e-03
7.843642000000000003e+00 1.700976000000000094e-03
7.843639999999999723e+00 1.699110999999999894e-03
7.843636000000000053e+00 1.698518999999999897e-03
7.843638000000000332e+00 1.698719000000000010e-03
7.843634999999999913e+00 1.698707000000000038e-03
7.843646999999999814e+00 1.700303999999999921e-03
7.843632000000000382e+00 1.699888000000000093e-03
7.844007000000000396e+00 1.760265999999999914e-03
7.844006000000000256e+00 1.757728999999999975e-03
7.844009999999999927e+00 1.757073999999999962e-03
7.844000999999999557e+00 1.757599000000000097e-03
7.844007000000000396e+00 1.755178999999999941e-03
7.844003999999999976e+00 1.755512000000000088e-03
7.844002999999999837e+00 1.755108999999999923e-03
7.844002999999999837e+00 1.755910000000000066e-03
7.844000999999999557e+00 1.754401000000000051e-03
7.844000999999999557e+00 1.755283999999999968e-03
7.844668000000000418e+00 1.867334000000000008e-03
7.844668000000000418e+00 1.865474999999999902e-03
7.844668999999999670e+00 1.863084000000000094e-03
7.844663999999999859e+00 1.861393999999999939e-03
7.844675999999999760e+00 1.861933000000000078e-03
7.844672000000000089e+00 1.861948999999999896e-03
7.844663999999999859e+00 1.861814000000000047e-03
7.844668000000000418e+00 1.860452000000000069e-03
7.844673000000000229e+00 1.861194999999999950e-03
7.844675999999999760e+00 1.860885999999999964e-03
7.845004999999999562e+00 1.918556000000000081e-03
7.845009000000000121e+00 1.915971999999999944e-03
7.845011999999999652e+00 1.915983999999999916e-03
7.845007999999999981e+00 1.915042000000000046e-03
7.845007999999999981e+00 1.914405000000000100e-03
7.845006999999999842e+00 1.913889999999999906e-03
7.845006999999999842e+00 1.914417000000000072e-03
7.845009000000000121e+00 1.913821000000000012e-03
7.845007999999999981e+00 1.914347000000000054e-03
7.845006999999999842e+00 1.914363999999999996e-03
7.845674999999999955e+00 2.028934000000000033e-03
7.845661999999999914e+00 2.025607000000000015e-03
7.845659999999999634e+00 2.022875999999999841e-03
7.845667999999999864e+00 2.024222000000000000e-03
7.845677000000000234e+00 2.022982999999999899e-03
7.845671000000000284e+00 2.022969999999999803e-03
7.845665000000000333e+00 2.021876000000000142e-03
7.845665000000000333e+00 2.020327000000000147e-03
7.845671000000000284e+00 2.020970999999999879e-03
7.845665000000000333e+00 2.021274999999999895e-03
7.846014000000000266e+00 2.080471999999999877e-03
7.846002000000000365e+00 2.078664000000000033e-03
7.846009999999999707e+00 2.077630000000000015e-03
7.846015000000000406e+00 2.076834999999999966e-03
7.846013000000000126e+00 2.076647999999999949e-03
7.846004999999999896e+00 2.076114999999999905e-03
7.846008999999999567e+00 2.077104000000000190e-03
7.846014000000000266e+00 2.076636000000000194e-03
7.846006000000000036e+00 2.076746999999999881e-03
7.846022999999999747e+00 2.077355999999999821e-03
7.846330000000000027e+00 2.134757000000000147e-03
7.846327999999999747e+00 2.132902999999999796e-03
7.846330000000000027e+00 2.131909999999999882e-03
7.846332000000000306e+00 2.132476999999999810e-03
7.846331000000000166e+00 2.132873999999999881e-03
7.846330000000000027e+00 2.132785999999999797e-03
7.846331000000000166e+00 2.132119999999999935e-03
7.846333999999999698e+00 2.132803999999999863e-03
7.846335999999999977e+00 2.132091000000000021e-03
7.846327999999999747e+00 2.132429999999999829e-03
7.846997000000000000e+00 2.252769999999999859e-03
7.847001999999999811e+00 2.251004999999999933e-03
7.847002999999999950e+00 2.250308999999999816e-03
7.847002999999999950e+00 2.247513999999999935e-03
7.847006000000000370e+00 2.248712999999999840e-03
7.847006000000000370e+00 2.248251000000000156e-03
7.847000000000000419e+00 2.246304000000000183e-03
7.846991000000000049e+00 2.245906000000000204e-03
7.847001999999999811e+00 2.246240000000000042e-03
7.846993999999999581e+00 2.245140000000000070e-03
7.847337999999999703e+00 2.308586000000000058e-03
7.847342000000000262e+00 2.307056000000000037e-03
7.847349000000000352e+00 2.307144000000000122e-03
7.847343999999999653e+00 2.306809999999999850e-03
7.847349000000000352e+00 2.304477999999999995e-03
7.847351999999999883e+00 2.305226000000000063e-03
7.847351999999999883e+00 2.304103000000000054e-03
7.847348000000000212e+00 2.304511999999999880e-03
7.847354000000000163e+00 2.304917000000000077e-03
7.847343999999999653e+00 2.303747000000000086e-03
7.848035000000000316e+00 2.436839000000000106e-03
7.848040000000000127e+00 2.433816000000000104e-03
7.848031999999999897e+00 2.431331000000000117e-03
7.848043999999999798e+00 2.431448000000000116e-03
7.848036999999999708e+00 2.431307000000000173e-03
7.848038999999999987e+00 2.429511999999999991e-03
7.848042999999999658e+00 2.428547000000000084e-03
7.848041000000000267e+00 2.428472000000000096e-03
7.848037999999999847e+00 2.426337000000000198e-03
7.848037999999999847e+00 2.427371000000000216e-03
7.848342999999999847e+00 2.487936999999999961e-03
7.848347999999999658e+00 2.486610000000000209e-03
7.848352000000000217e+00 2.485493999999999985e-03
7.848351000000000077e+00 2.484693999999999965e-03
7.848342999999999847e+00 2.484867999999999886e-03
7.848341999999999707e+00 2.483960999999999808e-03
7.848347999999999658e+00 2.484002999999999819e-03
7.848348999999999798e+00 2.484360000000000127e-03
7.848347000000000406e+00 2.483113999999999807e-03
7.848348999999999798e+00 2.484313000000000146e-03
7.849015999999999771e+00 2.615048000000000025e-03
7.849015999999999771e+00 2.610775000000000075e-03
7.849010999999999960e+00 2.609330999999999890e-03
7.849009999999999820e+00 2.607284000000000077e-03
7.849006000000000149e+00 2.608838000000000042e-03
7.849012000000000100e+00 2.606710999999999837e-03
7.849006000000000149e+00 2.607049000000000172e-03
7.849014000000000379e+00 2.607172999999999956e-03
7.849012000000000100e+00 2.606606000000000027e-03
7.849006000000000149e+00 2.607540000000000205e-03
7.849358999999999753e+00 2.677341000000000183e-03
7.849369000000000263e+00 2.674918000000000087e-03
7.849365999999999843e+00 2.674881000000000047e-03
7.849358999999999753e+00 2.673786999999999952e-03
7.849363000000000312e+00 2.673343999999999807e-03
7.849363999999999564e+00 2.673431999999999892e-03
7.849370000000000402e+00 2.672251000000000053e-03
7.849374000000000073e+00 2.673455999999999836e-03
7.849369000000000263e+00 2.672198000000000195e-03
7.849368000000000123e+00 2.670764999999999858e-03
7.850030000000000285e+00 2.806697999999999832e-03
7.850030000000000285e+00 2.803050000000000073e-03
7.850039999999999907e+00 2.801221000000000006e-03
7.850038999999999767e+00 2.801319999999999939e-03
7.850042000000000186e+00 2.799438000000000013e-03
