7.750097000000000236e+00 1.047607999999999967e-07
7.750411999999999857e+00 1.164555999999999989e-07
7.750415000000000276e+00 1.164559999999999941e-07
7.751089000000000340e+00 1.223031999999999910e-07
7.751079999999999970e+00 8.137545000000000358e-08
7.751444000000000223e+00 1.047622000000000062e-07
7.751459999999999795e+00 6.968253000000000504e-08
7.752097000000000016e+00 9.891551000000000639e-08
7.752095999999999876e+00 1.106084000000000020e-07
7.752424000000000426e+00 1.164547000000000032e-07
7.752417999999999587e+00 1.106089000000000025e-07
7.753092999999999790e+00 9.306926999999999784e-08
7.753102000000000160e+00 1.164537000000000020e-07
7.753439000000000192e+00 1.047607999999999967e-07
7.753444000000000003e+00 1.164547000000000032e-07
7.754139999999999588e+00 1.047626000000000013e-07
7.754138000000000197e+00 1.106084000000000020e-07
7.754448000000000008e+00 8.722258999999999462e-08
7.754451999999999678e+00 1.047622000000000062e-07
7.755105000000000359e+00 9.306882000000000659e-08
7.755107999999999890e+00 8.722258999999999462e-08
7.755462999999999774e+00 9.306926999999999784e-08
7.755468999999999724e+00 1.047631000000000019e-07
7.756117999999999846e+00 1.164555999999999989e-07
7.756122000000000405e+00 1.047617000000000056e-07
7.756452999999999598e+00 1.106092999999999977e-07
7.756453999999999738e+00 1.223023000000000085e-07
7.757117000000000040e+00 9.891460000000000086e-08
7.757122999999999990e+00 9.306837000000000211e-08
7.757473000000000063e+00 1.281488999999999995e-07
7.757470999999999783e+00 1.047617000000000056e-07
7.758156999999999748e+00 1.106092999999999977e-07
7.758159000000000027e+00 9.891551000000000639e-08
7.758466999999999558e+00 8.722212999999999357e-08
7.758468999999999838e+00 9.306882000000000659e-08
7.759158000000000222e+00 9.891595999999999763e-08
7.759155999999999942e+00 8.137635999999999587e-08
7.759520000000000195e+00 1.164555999999999989e-07
7.759514000000000244e+00 8.722076999999999679e-08
7.760161000000000087e+00 1.223027000000000037e-07
7.760157000000000416e+00 9.306926999999999784e-08
7.760476999999999848e+00 8.722212999999999357e-08
7.760481999999999658e+00 1.164555999999999989e-07
7.761142999999999681e+00 8.722212999999999357e-08
7.761148000000000380e+00 8.722258999999999462e-08
7.761492999999999753e+00 9.891595999999999763e-08
7.761495000000000033e+00 1.106097999999999983e-07
7.762182000000000137e+00 9.306926999999999784e-08
7.762184000000000417e+00 1.223027000000000037e-07
7.762489999999999668e+00 8.722212999999999357e-08
7.762487000000000137e+00 9.306837000000000211e-08
7.763152999999999970e+00 7.552784999999999825e-08
7.763150999999999691e+00 8.137363000000000575e-08
7.763516000000000084e+00 9.891551000000000639e-08
7.763518999999999615e+00 1.047626000000000013e-07
7.764179000000000386e+00 9.891460000000000086e-08
7.764185999999999588e+00 1.106079999999999936e-07
7.764522000000000368e+00 1.106097999999999983e-07
7.764511999999999858e+00 1.223013000000000074e-07
7.765188000000000201e+00 1.047622000000000062e-07
7.765185999999999922e+00 8.722076999999999679e-08
7.765521999999999814e+00 9.891460000000000086e-08
7.765522999999999954e+00 1.164532999999999937e-07
7.765840999999999994e+00 8.722076999999999679e-08
7.765848000000000084e+00 9.306791000000000106e-08
7.766523000000000287e+00 9.891551000000000639e-08
7.766521000000000008e+00 9.891368999999999532e-08
7.766867999999999661e+00 9.306837000000000211e-08
7.766865000000000130e+00 8.722122000000000127e-08
7.767572000000000365e+00 1.164547000000000032e-07
7.767566999999999666e+00 9.891551000000000639e-08
7.767877999999999616e+00 1.047612999999999972e-07
7.767872999999999806e+00 8.722212999999999357e-08
7.768544000000000338e+00 9.306791000000000106e-08
7.768546999999999869e+00 9.306926999999999784e-08
7.768902999999999892e+00 1.047626000000000013e-07
7.768905000000000172e+00 1.106079999999999936e-07
7.769578000000000095e+00 1.047622000000000062e-07
7.769580999999999626e+00 8.722212999999999357e-08
7.769921000000000078e+00 9.306972999999999889e-08
7.769917000000000407e+00 1.047622000000000062e-07
7.770548999999999928e+00 9.891595999999999763e-08
7.770550000000000068e+00 1.106097999999999983e-07
7.770884999999999820e+00 9.891505000000000534e-08
7.770877999999999730e+00 1.164547000000000032e-07
7.771552999999999933e+00 8.722212999999999357e-08
7.771552999999999933e+00 8.722122000000000127e-08
7.771857999999999933e+00 1.047599000000000009e-07
7.771856999999999793e+00 9.306791000000000106e-08
7.772540000000000227e+00 1.106079999999999936e-07
7.772531999999999996e+00 1.047607999999999967e-07
7.772890000000000299e+00 8.137225999999999917e-08
7.772896000000000249e+00 9.306882000000000659e-08
7.773539999999999672e+00 8.722168000000000232e-08
7.773544000000000231e+00 1.164569000000000030e-07
7.773869999999999614e+00 1.047626000000000013e-07
7.773863999999999663e+00 1.047622000000000062e-07
7.774534000000000056e+00 9.891551000000000639e-08
7.774540000000000006e+00 9.307018000000000337e-08
7.774896000000000029e+00 1.047626000000000013e-07
7.774893999999999750e+00 1.281485000000000043e-07
7.775581999999999994e+00 9.891505000000000534e-08
7.775586999999999804e+00 9.306745999999999658e-08
7.775884999999999714e+00 8.722122000000000127e-08
7.775883999999999574e+00 6.968070999999999398e-08
7.776548000000000016e+00 1.047626000000000013e-07
7.776551000000000435e+00 9.306837000000000211e-08
7.776902999999999899e+00 9.891460000000000086e-08
7.776901999999999759e+00 8.137317000000000470e-08
7.777559000000000111e+00 1.106065999999999973e-07
7.777552000000000021e+00 9.891278000000000303e-08
7.777893999999999863e+00 9.306791000000000106e-08
7.777900999999999954e+00 1.047631000000000019e-07
7.778572999999999737e+00 1.106092999999999977e-07
7.778565000000000396e+00 8.722258999999999462e-08
7.778909999999999769e+00 8.137545000000000358e-08
7.778908999999999629e+00 8.722212999999999357e-08
7.779595999999999734e+00 9.306791000000000106e-08
7.779596999999999873e+00 9.891551000000000639e-08
7.779924000000000284e+00 9.891641999999999869e-08
7.779918999999999585e+00 9.891505000000000534e-08
7.780609000000000108e+00 1.339964999999999916e-07
7.780602000000000018e+00 8.722212999999999357e-08
7.780960999999999572e+00 1.106084000000000020e-07
7.780963999999999992e+00 9.306972999999999889e-08
7.781597999999999793e+00 9.306837000000000211e-08
7.781597999999999793e+00 6.968161999999999951e-08
7.781920000000000393e+00 1.047622000000000062e-07
7.781920999999999644e+00 9.891551000000000639e-08
7.782587000000000366e+00 1.164555999999999989e-07
7.782574000000000325e+00 1.047617000000000056e-07
7.782924000000000397e+00 9.306837000000000211e-08
7.782925999999999789e+00 9.891505000000000534e-08
7.783616000000000312e+00 1.047612999999999972e-07
7.783611999999999753e+00 6.968253000000000504e-08
7.783915999999999613e+00 5.798779000000000206e-08
7.783919000000000032e+00 9.306791000000000106e-08
7.784587000000000145e+00 9.306882000000000659e-08
7.784589999999999677e+00 9.306791000000000106e-08
7.784951000000000398e+00 8.722212999999999357e-08
7.784956000000000209e+00 1.164555999999999989e-07
7.785618999999999623e+00 6.383492999999999972e-08
7.785616000000000092e+00 8.722168000000000232e-08
7.785946000000000033e+00 1.047617000000000056e-07
7.785961000000000354e+00 1.047622000000000062e-07
7.786626000000000047e+00 1.047595000000000058e-07
7.786627000000000187e+00 1.047617000000000056e-07
7.786961999999999939e+00 8.137545000000000358e-08
7.786961999999999939e+00 1.106084000000000020e-07
7.787645000000000373e+00 9.891413999999999981e-08
7.787645000000000373e+00 1.164555999999999989e-07
7.787951999999999764e+00 8.722076999999999679e-08
7.787951999999999764e+00 8.137499000000000253e-08
7.788635000000000197e+00 1.106084000000000020e-07
7.788632999999999917e+00 8.722076999999999679e-08
7.789001999999999981e+00 8.137545000000000358e-08
7.788999999999999702e+00 1.106084000000000020e-07
7.789647999999999683e+00 1.164532999999999937e-07
7.789653999999999634e+00 9.891505000000000534e-08
7.789976000000000234e+00 8.722122000000000127e-08
7.789983000000000324e+00 8.137545000000000358e-08
7.790662000000000198e+00 8.137453999999999805e-08
7.790663999999999589e+00 1.047612999999999972e-07
7.791013000000000410e+00 1.106084000000000020e-07
7.791013000000000410e+00 1.164537000000000020e-07
7.791698000000000235e+00 9.891460000000000086e-08
7.791698000000000235e+00 7.552920999999999503e-08
7.791999999999999815e+00 1.106079999999999936e-07
7.791992999999999725e+00 8.137453999999999805e-08
7.792658999999999558e+00 1.164555999999999989e-07
7.792657000000000167e+00 1.047612999999999972e-07
7.793013000000000190e+00 1.164555999999999989e-07
7.793007000000000239e+00 1.106089000000000025e-07
7.793319000000000329e+00 9.891505000000000534e-08
7.793321999999999861e+00 9.891641999999999869e-08
7.793998000000000204e+00 9.306882000000000659e-08
7.793993000000000393e+00 1.106089000000000025e-07
7.794353000000000087e+00 9.306837000000000211e-08
7.794347000000000136e+00 9.891551000000000639e-08
7.795016999999999641e+00 1.223027000000000037e-07
7.795003000000000348e+00 1.164555999999999989e-07
7.795323999999999920e+00 1.047612999999999972e-07
7.795321000000000389e+00 9.891368999999999532e-08
7.795994000000000312e+00 1.047599000000000009e-07
7.795992000000000033e+00 9.891232000000000198e-08
7.796358999999999817e+00 9.306699999999999553e-08
7.796350000000000335e+00 9.891278000000000303e-08
7.797039999999999971e+00 1.047580999999999962e-07
7.797044999999999781e+00 1.106065999999999973e-07
7.797350999999999921e+00 1.106092999999999977e-07
7.797348000000000390e+00 1.047607999999999967e-07
7.798020000000000174e+00 1.047607999999999967e-07
7.798015000000000363e+00 1.223013000000000074e-07
7.798372999999999777e+00 1.339947000000000001e-07
7.798367999999999967e+00 9.306745999999999658e-08
7.799024000000000179e+00 1.164532999999999937e-07
7.799027999999999849e+00 9.891460000000000086e-08
7.799373000000000111e+00 1.164542000000000026e-07
7.799360000000000070e+00 9.891278000000000303e-08
7.800034000000000134e+00 9.306699999999999553e-08
7.800037999999999805e+00 1.106079999999999936e-07
7.800379000000000396e+00 1.106089000000000025e-07
7.800375999999999976e+00 8.722122000000000127e-08
7.801079999999999792e+00 9.306745999999999658e-08
7.801074999999999982e+00 1.398414000000000097e-07
7.801389000000000351e+00 8.722076999999999679e-08
7.801388000000000211e+00 1.164547000000000032e-07
7.802077999999999847e+00 1.106079999999999936e-07
7.802074000000000176e+00 1.106079999999999936e-07
7.802449000000000190e+00 1.047626000000000013e-07
7.802437000000000289e+00 9.891551000000000639e-08
7.803073000000000370e+00 1.047612999999999972e-07
7.803075999999999901e+00 1.281475999999999953e-07
7.803402000000000172e+00 1.573823999999999945e-07
7.803393999999999942e+00 8.137407999999999699e-08
7.804071000000000424e+00 9.891413999999999981e-08
7.804062000000000054e+00 1.106079999999999936e-07
7.804418000000000077e+00 1.106097999999999983e-07
7.804403999999999897e+00 8.137407999999999699e-08
7.805096999999999952e+00 8.722076999999999679e-08
7.805100000000000371e+00 8.722168000000000232e-08
7.805416000000000132e+00 7.552920999999999503e-08
7.805411000000000321e+00 1.106084000000000020e-07
7.806072000000000344e+00 8.137363000000000575e-08
7.806072000000000344e+00 1.047599000000000009e-07
7.806427000000000227e+00 9.891368999999999532e-08
7.806434999999999569e+00 1.047599000000000009e-07
7.807114999999999583e+00 1.047607999999999967e-07
7.807103999999999822e+00 1.456884999999999880e-07
7.807438000000000322e+00 9.306791000000000106e-08
7.807438000000000322e+00 9.891460000000000086e-08
7.808101999999999876e+00 6.968070999999999398e-08
7.808106999999999687e+00 9.306882000000000659e-08
7.808442999999999579e+00 9.306745999999999658e-08
7.808447000000000138e+00 8.722122000000000127e-08
7.809084999999999610e+00 9.891368999999999532e-08
7.809131999999999962e+00 2.829282000000000095e-06
7.809445000000000192e+00 3.431482999999999838e-06
7.809446999999999584e+00 3.443172999999999805e-06
7.810124000000000066e+00 4.828821999999999589e-06
7.810126000000000346e+00 4.822975999999999578e-06
7.810484999999999900e+00 5.512875000000000136e-06
7.810477999999999810e+00 5.518717000000000037e-06
7.811138999999999832e+00 6.822514000000000287e-06
7.811136000000000301e+00 6.840055000000000192e-06
7.811455999999999733e+00 7.477332999999999819e-06
7.811459000000000152e+00 7.442253999999999879e-06
7.812142999999999837e+00 8.874668000000000731e-06
7.812147000000000396e+00 8.874675999999999257e-06
7.812500000000000000e+00 9.611346999999999171e-06
7.812502000000000280e+00 9.605505000000000117e-06
7.813226000000000226e+00 1.110223000000000060e-05
7.813219000000000136e+00 1.107300000000000054e-05
7.813531000000000226e+00 1.173951999999999971e-05
7.813517000000000046e+00 1.173950000000000000e-05
7.814178000000000068e+00 1.310177000000000009e-05
7.814178000000000068e+00 1.309592999999999982e-05
7.814528000000000141e+00 1.390859999999999928e-05
7.814529000000000281e+00 1.385597999999999943e-05
7.815179999999999794e+00 1.527669999999999893e-05
7.815184000000000353e+00 1.528840000000000087e-05
7.815513000000000154e+00 1.603678000000000064e-05
7.815509999999999735e+00 1.601336999999999945e-05
7.816182000000000407e+00 1.751594999999999956e-05
7.816175999999999569e+00 1.748086999999999853e-05
7.816519999999999690e+00 1.825849000000000075e-05
7.816525999999999641e+00 1.825849000000000075e-05
7.817201999999999984e+00 1.984292000000000076e-05
7.817222000000000115e+00 2.060297000000000037e-05
7.817514000000000074e+00 2.144486999999999988e-05
7.817522000000000304e+00 2.242125999999999885e-05
7.818200000000000038e+00 2.521010000000000110e-05
7.818197999999999759e+00 2.526855000000000052e-05
7.818559999999999732e+00 2.674189999999999887e-05
7.818559999999999732e+00 2.677699000000000059e-05
7.819185000000000052e+00 2.943719999999999998e-05
7.819208999999999854e+00 3.191617000000000244e-05
7.819518999999999664e+00 3.389816999999999803e-05
7.819519999999999804e+00 3.388644999999999808e-05
7.819875999999999827e+00 3.610232000000000301e-05
7.819876999999999967e+00 3.616664999999999702e-05
7.820541999999999661e+00 4.025340999999999717e-05
7.820533000000000179e+00 4.056910999999999823e-05
7.820865000000000400e+00 4.242835999999999911e-05
7.820876000000000161e+00 4.424666000000000167e-05
7.821546999999999805e+00 4.967231999999999675e-05
7.821546999999999805e+00 4.969569999999999923e-05
7.821881999999999557e+00 5.292883000000000261e-05
7.821882999999999697e+00 5.496932999999999773e-05
7.822563999999999851e+00 6.279792999999999931e-05
7.822574000000000360e+00 6.484423999999999429e-05
7.822887999999999842e+00 6.863870999999999796e-05
7.822885999999999562e+00 6.862115000000000283e-05
7.823577000000000226e+00 7.691167000000000218e-05
7.823570000000000135e+00 7.688242000000000242e-05
7.823923999999999879e+00 8.156553000000000577e-05
7.823927000000000298e+00 8.124397999999999527e-05
7.824569999999999581e+00 9.294304999999999776e-05
7.824567000000000050e+00 9.246945000000000284e-05
7.824887000000000370e+00 1.013679999999999958e-04
7.824887999999999622e+00 1.027769999999999953e-04
7.825558000000000014e+00 1.160489000000000063e-04
7.825561999999999685e+00 1.184108999999999948e-04
7.825902000000000136e+00 1.261633999999999922e-04
7.825902000000000136e+00 1.261752000000000045e-04
7.826589000000000240e+00 1.435863999999999912e-04
7.826590000000000380e+00 1.434402000000000094e-04
7.826893000000000100e+00 1.507485000000000086e-04
7.826893000000000100e+00 1.526719999999999911e-04
7.827570999999999835e+00 1.717028000000000055e-04
7.827561000000000213e+00 1.716383999999999998e-04
7.827924000000000326e+00 1.821271999999999865e-04
7.827923000000000187e+00 1.819167000000000060e-04
7.828581999999999930e+00 2.031047999999999870e-04
7.828591000000000300e+00 2.036486000000000004e-04
7.828916000000000430e+00 2.158620999999999945e-04
7.828927000000000191e+00 2.158622000000000015e-04
7.829594000000000165e+00 2.449547999999999743e-04
7.829593000000000025e+00 2.447969999999999942e-04
7.829931000000000196e+00 2.600567000000000135e-04
7.829938000000000287e+00 2.639154000000000109e-04
7.830607999999999791e+00 3.023567999999999915e-04
7.830614999999999881e+00 3.023626999999999977e-04
7.830924000000000440e+00 3.180840999999999790e-04
7.830918999999999741e+00 3.214458999999999914e-04
7.831601000000000035e+00 3.609338000000000238e-04
7.831603999999999566e+00 3.642429999999999887e-04
7.831963000000000008e+00 3.859105999999999843e-04
7.831964000000000148e+00 3.856768999999999801e-04
7.832615999999999801e+00 4.314616999999999758e-04
7.832616999999999940e+00 4.351859000000000239e-04
7.832946999999999882e+00 4.584262000000000189e-04
7.832942000000000071e+00 4.573035999999999833e-04
7.833619999999999806e+00 5.152785000000000438e-04
7.833624000000000365e+00 5.142379000000000524e-04
7.833980999999999639e+00 5.460142000000000077e-04
7.833976999999999968e+00 5.450903000000000215e-04
7.834653000000000311e+00 6.036674000000000337e-04
7.834653000000000311e+00 6.025915999999999651e-04
7.834957000000000171e+00 6.323217999999999808e-04
7.834958999999999563e+00 6.308368000000000178e-04
7.835615999999999914e+00 6.935417000000000144e-04
7.835614999999999775e+00 6.931497999999999479e-04
7.835962999999999568e+00 7.277440000000000037e-04
7.835969000000000406e+00 7.267502999999999594e-04
7.836618999999999780e+00 7.954830000000000408e-04
7.836624999999999730e+00 7.922558000000000118e-04
7.836954999999999671e+00 8.314573999999999923e-04
7.836961999999999762e+00 8.299549999999999506e-04
7.837620000000000253e+00 9.044930999999999544e-04
7.837627000000000344e+00 9.031252000000000247e-04
7.837975000000000136e+00 9.407712000000000366e-04
7.837958999999999676e+00 9.387656000000000299e-04
7.838650999999999591e+00 1.020232999999999947e-03
7.838648000000000060e+00 1.021746999999999933e-03
7.838957999999999871e+00 1.057919000000000047e-03
7.838963999999999821e+00 1.056901999999999972e-03
7.839642999999999695e+00 1.143624999999999893e-03
7.839641000000000304e+00 1.141777000000000070e-03
7.840005999999999808e+00 1.189549999999999939e-03
7.840003000000000277e+00 1.186767000000000030e-03
7.840647999999999840e+00 1.272495999999999914e-03
7.840652999999999651e+00 1.271952000000000022e-03
7.840971999999999831e+00 1.315778000000000086e-03
7.840963000000000349e+00 1.312802000000000066e-03
7.841632999999999853e+00 1.409113000000000032e-03
7.841637999999999664e+00 1.408804000000000046e-03
7.841982999999999926e+00 1.458206999999999993e-03
7.841986000000000345e+00 1.457032000000000032e-03
7.842685000000000350e+00 1.565259000000000051e-03
7.842679999999999652e+00 1.561265999999999956e-03
7.842983000000000260e+00 1.608564000000000044e-03
7.842990000000000350e+00 1.607434999999999940e-03
7.843657000000000323e+00 1.712224999999999945e-03
7.843653999999999904e+00 1.710102999999999927e-03
7.844025000000000247e+00 1.768644999999999896e-03
7.844014999999999738e+00 1.766650999999999942e-03
7.844689999999999941e+00 1.877367999999999919e-03
7.844681999999999711e+00 1.870743000000000015e-03
7.845019999999999882e+00 1.927520000000000058e-03
7.845024000000000441e+00 1.923217000000000069e-03
7.845677000000000234e+00 2.035056999999999838e-03
7.845682000000000045e+00 2.031770999999999924e-03
7.846019000000000077e+00 2.089348999999999894e-03
7.846021999999999608e+00 2.086535999999999946e-03
7.846333999999999698e+00 2.141511999999999930e-03
7.846344000000000207e+00 2.140302000000000177e-03
7.847004000000000090e+00 2.260097999999999881e-03
7.847000000000000419e+00 2.254256999999999962e-03
7.847356999999999694e+00 2.317955999999999923e-03
7.847361000000000253e+00 2.314139000000000213e-03
7.848043999999999798e+00 2.446119999999999978e-03
7.848043999999999798e+00 2.440362000000000173e-03
7.848355999999999888e+00 2.498446999999999994e-03
7.848353000000000357e+00 2.493004000000000053e-03
7.849020000000000330e+00 2.623364999999999898e-03
7.849016999999999911e+00 2.617454999999999869e-03
7.849380000000000024e+00 2.688882000000000078e-03
7.849376000000000353e+00 2.682701999999999917e-03
7.850050000000000416e+00 2.816431999999999790e-03
7.850050999999999668e+00 2.810294000000000073e-03
7.850387999999999700e+00 2.875879999999999929e-03
7.850378000000000078e+00 2.872243000000000018e-03
7.851041999999999632e+00 3.009386000000000179e-03
7.851048999999999722e+00 3.004271000000000198e-03
7.851384999999999614e+00 3.072997999999999962e-03
7.851397000000000403e+00 3.068426999999999873e-03
7.852072999999999858e+00 3.212522000000000207e-03
7.852060999999999957e+00 3.204183000000000205e-03
7.852387000000000228e+00 3.268988000000000015e-03
7.852386000000000088e+00 3.264023999999999918e-03
7.853055000000000341e+00 3.412744000000000107e-03
7.853064999999999962e+00 3.406429999999999788e-03
7.853430999999999607e+00 3.484576000000000080e-03
7.853422000000000125e+00 3.478320999999999930e-03
7.854082000000000008e+00 3.620434999999999973e-03
7.854076000000000057e+00 3.614855000000000151e-03
7.854402000000000328e+00 3.684289999999999787e-03
7.854405999999999999e+00 3.679215999999999910e-03
7.855088000000000292e+00 3.828127000000000179e-03
7.855082000000000342e+00 3.822795999999999833e-03
7.855443000000000175e+00 3.899385999999999911e-03
7.855442000000000036e+00 3.892376999999999816e-03
7.856098000000000248e+00 4.043258999999999569e-03
7.856100999999999779e+00 4.034008000000000385e-03
7.856404000000000387e+00 4.101047000000000026e-03
7.856402000000000108e+00 4.097270000000000079e-03
7.857054999999999900e+00 4.248286999999999897e-03
7.857059999999999711e+00 4.240980000000000097e-03
7.857407000000000252e+00 4.321616999999999820e-03
7.857418000000000013e+00 4.315397000000000330e-03
7.858074000000000225e+00 4.468752999999999788e-03
7.858062999999999576e+00 4.459251000000000013e-03
7.858392000000000266e+00 4.535596000000000246e-03
7.858388999999999847e+00 4.530601999999999893e-03
7.859055999999999820e+00 4.687010999999999608e-03
7.859051000000000009e+00 4.679064000000000140e-03
7.859397999999999662e+00 4.758608999999999582e-03
7.859398999999999802e+00 4.752399000000000033e-03
7.860078999999999816e+00 4.918114999999999813e-03
7.860078999999999816e+00 4.908538999999999958e-03
7.860397999999999996e+00 4.984113000000000085e-03
7.860394000000000325e+00 4.976374999999999896e-03
7.861080000000000290e+00 5.144163000000000208e-03
7.861086000000000240e+00 5.134909000000000001e-03
7.861450999999999745e+00 5.222840000000000295e-03
7.861451999999999884e+00 5.213024999999999604e-03
7.862093999999999916e+00 5.370597000000000391e-03
7.862091999999999636e+00 5.364937999999999652e-03
7.862421000000000326e+00 5.439949999999999820e-03
7.862416999999999767e+00 5.433389999999999748e-03
7.863083999999999740e+00 5.599164000000000224e-03
7.863081000000000209e+00 5.589072999999999958e-03
7.863430000000000142e+00 5.672965999999999773e-03
7.863430000000000142e+00 5.667165000000000050e-03
7.864122000000000057e+00 5.840984999999999927e-03
7.864123000000000197e+00 5.832844999999999697e-03
7.864424999999999777e+00 5.907049000000000154e-03
7.864429000000000336e+00 5.899309999999999624e-03
7.865085999999999800e+00 6.069937000000000075e-03
7.865088000000000079e+00 6.060461999999999967e-03
7.865458000000000283e+00 6.150099000000000017e-03
7.865465999999999624e+00 6.144433999999999833e-03
7.866126999999999647e+00 6.317844999999999885e-03
7.866124000000000116e+00 6.309116000000000030e-03
7.866461000000000148e+00 6.392641000000000122e-03
7.866458999999999868e+00 6.386084999999999678e-03
7.867117000000000360e+00 6.558763999999999914e-03
7.867111999999999661e+00 6.551302999999999641e-03
7.867454000000000391e+00 6.636191999999999959e-03
7.867454000000000391e+00 6.629297999999999615e-03
7.868133000000000266e+00 6.808630999999999885e-03
7.868135999999999797e+00 6.799224000000000413e-03
7.868441999999999936e+00 6.876812999999999849e-03
7.868437000000000126e+00 6.870428999999999946e-03
7.869118000000000279e+00 7.050754999999999696e-03
7.869114999999999860e+00 7.041595999999999793e-03
7.869480000000000253e+00 7.135896000000000079e-03
7.869481999999999644e+00 7.129500999999999894e-03
7.870127000000000095e+00 7.302674999999999791e-03
7.870122000000000284e+00 7.291683999999999666e-03
7.870451000000000086e+00 7.377787000000000234e-03
7.870447999999999666e+00 7.371209000000000094e-03
7.871119000000000199e+00 7.553948999999999907e-03
7.871127999999999680e+00 7.545076000000000387e-03
7.871471999999999802e+00 7.636714000000000176e-03
7.871476000000000361e+00 7.631096000000000407e-03
7.872171999999999947e+00 7.820291000000000048e-03
7.872177999999999898e+00 7.810810999999999969e-03
7.872470999999999997e+00 7.891824000000000408e-03
7.872478000000000087e+00 7.884807000000000621e-03
7.872818999999999789e+00 7.975329999999999225e-03
7.872813999999999979e+00 7.968384999999999704e-03
7.873499999999999943e+00 8.158319000000000681e-03
7.873492999999999853e+00 8.146020000000000344e-03
7.873806000000000083e+00 8.230169000000000720e-03
7.873807000000000222e+00 8.223150999999999725e-03
7.874487000000000236e+00 8.411791999999999533e-03
7.874490999999999907e+00 8.400925000000000059e-03
7.874854000000000021e+00 8.498619000000000659e-03
7.874854000000000021e+00 8.490884000000000625e-03
7.875504000000000282e+00 8.670373999999999790e-03
7.875498999999999583e+00 8.659066999999999459e-03
7.875829999999999664e+00 8.744530999999999832e-03
7.875829000000000413e+00 8.738674999999999568e-03
7.876508000000000287e+00 8.931260999999999367e-03
7.876508000000000287e+00 8.918782999999999572e-03
7.876858999999999611e+00 9.017660999999999732e-03
7.876862000000000030e+00 9.010716000000000211e-03
7.877544000000000324e+00 9.206294000000000283e-03
7.877539999999999765e+00 9.194745000000000695e-03
7.877841000000000093e+00 9.276954999999999923e-03
7.877842000000000233e+00 9.271345999999999754e-03
7.878493999999999886e+00 9.459218999999999614e-03
7.878504000000000396e+00 9.448804999999999357e-03
7.878848999999999769e+00 9.547299000000000410e-03
7.878849999999999909e+00 9.538210000000000091e-03
7.879506000000000121e+00 9.727266000000000037e-03
7.879506000000000121e+00 9.716064999999999424e-03
7.879833999999999783e+00 9.805718999999999200e-03
7.879831000000000252e+00 9.801527000000000850e-03
7.880500999999999756e+00 9.993402999999999661e-03
7.880500999999999756e+00 9.983577000000000423e-03
7.880834000000000117e+00 1.007744999999999995e-02
7.880842000000000347e+00 1.007011000000000017e-02
7.881516999999999662e+00 1.026836000000000068e-02
7.881517999999999802e+00 1.025557000000000031e-02
7.881838000000000122e+00 1.034425999999999922e-02
7.881833999999999563e+00 1.033795000000000026e-02
7.882518000000000136e+00 1.053787999999999947e-02
7.882521999999999807e+00 1.052751000000000034e-02
7.882886000000000060e+00 1.063076999999999946e-02
7.882889999999999731e+00 1.062437999999999924e-02
7.883524999999999672e+00 1.081210999999999978e-02
7.883531999999999762e+00 1.080091000000000037e-02
7.883847000000000271e+00 1.089193999999999926e-02
7.883856999999999893e+00 1.088476000000000027e-02
7.884521999999999586e+00 1.108209999999999924e-02
7.884521000000000335e+00 1.107070999999999923e-02
7.884862000000000037e+00 1.116811000000000019e-02
7.884871000000000407e+00 1.115982000000000085e-02
7.885561000000000043e+00 1.136469000000000021e-02
7.885561000000000043e+00 1.135135999999999958e-02
7.885869999999999713e+00 1.143965000000000086e-02
7.885868999999999573e+00 1.143120000000000074e-02
7.886541000000000246e+00 1.163308000000000050e-02
7.886538999999999966e+00 1.162242999999999957e-02
7.886904999999999610e+00 1.172666999999999980e-02
7.886902000000000079e+00 1.171707999999999951e-02
7.887573999999999863e+00 1.191926999999999917e-02
7.887572999999999723e+00 1.190515999999999970e-02
7.887907000000000224e+00 1.200208999999999998e-02
7.887902999999999665e+00 1.199453999999999972e-02
7.888564999999999827e+00 1.219351999999999936e-02
7.888565999999999967e+00 1.218329999999999934e-02
7.888906999999999670e+00 1.228210000000000066e-02
7.888907999999999809e+00 1.227197000000000010e-02
7.889585000000000292e+00 1.247978999999999929e-02
7.889583000000000013e+00 1.246742999999999983e-02
7.889895000000000103e+00 1.255917999999999965e-02
7.889890000000000292e+00 1.254826000000000032e-02
7.890568000000000026e+00 1.275352000000000083e-02
7.890563000000000216e+00 1.273947999999999921e-02
7.890931000000000139e+00 1.284527000000000065e-02
7.890931000000000139e+00 1.283253999999999992e-02
7.891583999999999932e+00 1.303012999999999914e-02
7.891577999999999982e+00 1.301534000000000024e-02
7.891897000000000162e+00 1.311055000000000033e-02
7.891911000000000342e+00 1.310276999999999969e-02
7.892580999999999847e+00 1.330813999999999955e-02
7.892576000000000036e+00 1.329713000000000075e-02
7.892929999999999779e+00 1.340155999999999986e-02
7.892929999999999779e+00 1.339219000000000000e-02
7.893633000000000344e+00 1.361012999999999980e-02
7.893632000000000204e+00 1.359794999999999927e-02
7.893932000000000393e+00 1.368797000000000069e-02
7.893934999999999924e+00 1.368051999999999983e-02
7.894603000000000037e+00 1.388904000000000007e-02
7.894599000000000366e+00 1.387737999999999992e-02
7.894960000000000200e+00 1.398811999999999972e-02
7.894959000000000060e+00 1.398070000000000042e-02
7.895620000000000083e+00 1.418466999999999992e-02
7.895616999999999663e+00 1.417315000000000068e-02
7.895953999999999695e+00 1.427444999999999929e-02
7.895954999999999835e+00 1.426546000000000064e-02
7.896624000000000088e+00 1.447405000000000046e-02
7.896631000000000178e+00 1.446186999999999993e-02
7.896970999999999741e+00 1.456571000000000081e-02
7.896973000000000020e+00 1.455763000000000022e-02
7.897658999999999985e+00 1.477696000000000044e-02
7.897661000000000264e+00 1.476244999999999988e-02
7.897979999999999556e+00 1.485489000000000080e-02
7.897979999999999556e+00 1.484425999999999975e-02
7.898671000000000220e+00 1.506102999999999956e-02
7.898666999999999661e+00 1.504482000000000042e-02
7.899016999999999733e+00 1.515125999999999973e-02
7.899011999999999922e+00 1.514312999999999944e-02
7.899318000000000062e+00 1.523510999999999962e-02
7.899316999999999922e+00 1.522599000000000001e-02
7.899968000000000323e+00 1.543517999999999973e-02
7.899969999999999715e+00 1.542227000000000008e-02
7.900324999999999598e+00 1.553193999999999929e-02
7.900331000000000437e+00 1.552132999999999985e-02
7.900985000000000369e+00 1.572892999999999861e-02
7.900985000000000369e+00 1.571436999999999834e-02
7.901313000000000031e+00 1.581190000000000026e-02
7.901309999999999611e+00 1.579950000000000104e-02
7.901972999999999914e+00 1.601216000000000098e-02
7.901971999999999774e+00 1.599640000000000090e-02
7.902313999999999616e+00 1.609955000000000067e-02
7.902306000000000274e+00 1.608945000000000167e-02
7.902989999999999959e+00 1.630741999999999955e-02
7.902989999999999959e+00 1.629469999999999877e-02
7.903304000000000329e+00 1.639031999999999989e-02
7.903311000000000419e+00 1.638124999999999998e-02
7.903992999999999824e+00 1.660021000000000066e-02
7.903989000000000154e+00 1.658760999999999916e-02
7.904351000000000127e+00 1.670272999999999897e-02
7.904345000000000176e+00 1.669295000000000154e-02
7.904987000000000208e+00 1.689736000000000016e-02
7.904996999999999829e+00 1.688486999999999974e-02
7.905312999999999590e+00 1.698722999999999900e-02
7.905316000000000010e+00 1.698182999999999984e-02
7.905975999999999893e+00 1.719820000000000029e-02
7.905982999999999983e+00 1.718460000000000126e-02
7.906328000000000245e+00 1.728986000000000064e-02
7.906320000000000014e+00 1.727905000000000066e-02
7.907013000000000069e+00 1.750296000000000143e-02
7.907008000000000258e+00 1.748531999999999864e-02
7.907322999999999880e+00 1.758107999999999893e-02
7.907324000000000019e+00 1.757285999999999918e-02
7.907990999999999993e+00 1.779050000000000076e-02
7.908005000000000173e+00 1.777671000000000112e-02
7.908356000000000385e+00 1.789245999999999892e-02
7.908358999999999916e+00 1.788255999999999873e-02
7.909023000000000359e+00 1.810360999999999915e-02
7.909028000000000169e+00 1.809213000000000141e-02
7.909356999999999971e+00 1.819969000000000101e-02
7.909356999999999971e+00 1.818977000000000094e-02
7.910012000000000043e+00 1.840614000000000139e-02
7.910012000000000043e+00 1.839591999999999963e-02
7.910349000000000075e+00 1.850229999999999930e-02
7.910353999999999886e+00 1.849253000000000008e-02
7.911031999999999620e+00 1.871298999999999879e-02
7.911025000000000418e+00 1.869416000000000133e-02
7.911335000000000228e+00 1.878989000000000006e-02
7.911334000000000088e+00 1.877925000000000080e-02
7.912010999999999683e+00 1.900046999999999847e-02
7.912010999999999683e+00 1.898818999999999854e-02
7.912368999999999986e+00 1.910210000000000033e-02
7.912370000000000125e+00 1.908703000000000136e-02
7.913026999999999589e+00 1.930244000000000057e-02
7.913014999999999688e+00 1.928302000000000141e-02
7.913345999999999769e+00 1.938501000000000113e-02
7.913343000000000238e+00 1.937401000000000054e-02
7.914020999999999972e+00 1.959841999999999834e-02
7.914018000000000441e+00 1.958442000000000169e-02
7.914367999999999626e+00 1.969763999999999890e-02
7.914367000000000374e+00 1.968707999999999916e-02
7.915060999999999680e+00 1.991804000000000144e-02
7.915062999999999960e+00 1.990116000000000107e-02
7.915363000000000149e+00 1.999582999999999916e-02
7.915367999999999959e+00 1.999093999999999871e-02
