-1.671708999999999888e-05 2.298974999999999912e-08
2.745064000000000184e-03 2.298997999999999964e-08
5.503967000000000234e-03 2.883576000000000052e-08
8.231921999999999157e-03 2.883666999999999943e-08
1.102868000000000077e-02 4.637717999999999680e-08
1.378688999999999956e-02 4.637672999999999894e-08
1.654856000000000035e-02 4.052913000000000023e-08
1.927627999999999980e-02 4.637626999999999789e-08
2.203656000000000018e-02 4.637582000000000002e-08
2.479707999999999912e-02 3.468290000000000149e-08
2.753032999999999869e-02 5.807054999999999982e-08
3.035320000000000032e-02 5.807010000000000195e-08
3.308091999999999977e-02 4.637582000000000002e-08
3.584224999999999911e-02 3.468290000000000149e-08
3.860033999999999688e-02 6.976301999999999387e-08
4.132794000000000051e-02 3.468244000000000044e-08
4.409235999999999711e-02 3.468199000000000257e-08
4.684921000000000224e-02 4.637626999999999789e-08
4.957668999999999965e-02 5.222204999999999877e-08
5.241143000000000191e-02 5.806964999999999747e-08
5.514054000000000177e-02 5.807054999999999982e-08
5.789760000000000045e-02 6.976301999999999387e-08
6.066293999999999853e-02 4.637626999999999789e-08
6.339032000000000000e-02 7.560970999999999367e-08
6.614807000000000325e-02 5.222250000000000325e-08
6.891028000000000431e-02 6.391450999999999625e-08
7.170403999999999667e-02 4.052731000000000240e-08
7.446104000000000611e-02 6.976392999999999940e-08
7.719322000000000683e-02 4.052868000000000237e-08
7.995317000000000396e-02 5.806964999999999747e-08
8.271261000000000585e-02 5.222113999999999985e-08
8.544045999999999585e-02 5.222158999999999771e-08
8.820189000000000501e-02 4.052776999999999683e-08
9.099374999999999825e-02 4.052959000000000128e-08
9.375806999999999891e-02 7.561061000000000263e-08
9.648471999999999604e-02 4.052868000000000237e-08
9.924431999999999698e-02 5.222250000000000325e-08
1.020051000000000013e-01 5.222341000000000216e-08
1.047315000000000051e-01 5.806919000000000304e-08
1.074896999999999936e-01 5.806827999999999751e-08
1.102843000000000018e-01 6.391588000000000283e-08
1.130464999999999942e-01 6.976165000000000052e-08
1.158065999999999957e-01 6.976301999999999387e-08
1.185332999999999942e-01 6.976392999999999940e-08
1.212981999999999949e-01 4.052913000000000023e-08
1.240586999999999940e-01 7.560880000000000137e-08
1.267855999999999983e-01 6.975983999999999927e-08
1.295518999999999976e-01 6.976073999999999499e-08
1.323429000000000133e-01 6.391632999999999408e-08
1.351031000000000037e-01 6.976301999999999387e-08
1.378660999999999914e-01 7.560880000000000137e-08
1.405906000000000100e-01 5.806964999999999747e-08
1.433509000000000033e-01 4.637535999999999897e-08
1.461159999999999959e-01 6.976301999999999387e-08
1.488447999999999993e-01 5.806964999999999747e-08
1.516674000000000078e-01 8.145594000000000564e-08
1.543968000000000007e-01 6.976301999999999387e-08
1.571589999999999931e-01 8.145456999999999906e-08
1.599158999999999997e-01 6.391496999999999730e-08
1.626489999999999880e-01 8.145684999999999794e-08
1.654085000000000139e-01 6.391314999999999947e-08
1.681660000000000099e-01 8.145503000000000011e-08
1.709612000000000076e-01 5.806919000000000304e-08
1.736883999999999928e-01 8.145684999999999794e-08
1.764479999999999937e-01 6.391588000000000283e-08
1.792111000000000121e-01 9.314976999999999648e-08
1.819387000000000087e-01 6.976256000000000606e-08
1.846975999999999896e-01 5.806827999999999751e-08
1.874635000000000051e-01 7.560834000000000032e-08
1.902581000000000133e-01 8.145594000000000564e-08
1.930167999999999884e-01 9.314976999999999648e-08
1.957492000000000121e-01 8.145594000000000564e-08
1.985090999999999939e-01 8.730217000000000439e-08
2.012683000000000111e-01 9.315022000000000096e-08
2.039957000000000020e-01 8.145594000000000564e-08
2.067547999999999886e-01 9.899553999999999417e-08
2.095148000000000010e-01 9.314840000000000313e-08
2.123080999999999996e-01 8.145548000000000459e-08
2.150724999999999998e-01 7.560925000000000585e-08
2.177968999999999877e-01 1.048427000000000048e-07
2.205574999999999897e-01 8.145411999999999458e-08
2.233213000000000004e-01 1.048412999999999953e-07
2.260460999999999998e-01 9.899736000000000523e-08
2.288054999999999950e-01 1.282299000000000119e-07
2.316060000000000063e-01 1.048427000000000048e-07
2.343618000000000090e-01 1.106902999999999969e-07
2.371234999999999871e-01 8.145503000000000011e-08
2.398511000000000115e-01 1.048431000000000000e-07
2.426082999999999990e-01 1.048431000000000000e-07
2.453686999999999951e-01 1.048417999999999959e-07
2.481013999999999997e-01 1.106885000000000055e-07
2.508940000000000059e-01 1.340751999999999987e-07
2.536512000000000211e-01 1.223826999999999885e-07
2.564111000000000029e-01 1.106885000000000055e-07
2.591385999999999967e-01 9.899509000000000292e-08
2.618955000000000033e-01 1.106885000000000055e-07
2.646637000000000017e-01 1.223818000000000060e-07
2.673884000000000261e-01 1.048412999999999953e-07
2.702159000000000089e-01 1.223826999999999885e-07
2.729417000000000093e-01 1.223799999999999881e-07
2.757021000000000055e-01 1.223805000000000019e-07
2.784616999999999787e-01 1.399213999999999945e-07
2.811923000000000061e-01 1.282262000000000104e-07
2.839525999999999994e-01 1.340720000000000110e-07
2.867108999999999908e-01 1.106865999999999954e-07
2.894401999999999808e-01 1.282293999999999981e-07
2.922661999999999760e-01 1.340738000000000024e-07
2.949921999999999822e-01 1.223805000000000019e-07
2.977548999999999890e-01 1.340748000000000036e-07
3.005163000000000140e-01 1.340751999999999987e-07
3.032434999999999992e-01 1.282272000000000115e-07
3.060031999999999752e-01 1.574624000000000058e-07
3.087633000000000183e-01 1.691557999999999986e-07
3.115548000000000206e-01 1.574610000000000095e-07
3.143155999999999728e-01 1.574610000000000095e-07
3.170489000000000224e-01 1.633099999999999979e-07
3.198051000000000088e-01 1.691553000000000112e-07
3.225655000000000050e-01 1.633090999999999890e-07
3.253003999999999896e-01 1.574620000000000107e-07
3.280584999999999751e-01 1.925424999999999918e-07
3.308532000000000139e-01 1.808491999999999913e-07
3.336173000000000055e-01 1.691553000000000112e-07
3.363414000000000126e-01 1.691553000000000112e-07
3.391027999999999820e-01 1.866953999999999871e-07
3.418634999999999868e-01 1.925411999999999877e-07
3.445920000000000094e-01 1.866948999999999997e-07
3.473491000000000217e-01 2.042363999999999984e-07
3.501478000000000090e-01 2.217754999999999996e-07
3.529072999999999793e-01 2.100821000000000068e-07
3.556662999999999908e-01 2.276226000000000043e-07
3.583946000000000076e-01 2.100821000000000068e-07
3.611542999999999837e-01 2.100811999999999979e-07
3.639144999999999741e-01 2.159275000000000123e-07
3.666451000000000016e-01 2.510089000000000024e-07
3.694037000000000015e-01 2.334680000000000098e-07
3.721977000000000202e-01 2.393151000000000146e-07
3.749595000000000011e-01 2.510098999999999771e-07
3.777191999999999772e-01 2.685485000000000174e-07
3.804432999999999843e-01 2.568556000000000120e-07
3.832092000000000276e-01 2.685489999999999783e-07
3.859666999999999959e-01 2.860882000000000246e-07
3.886925999999999992e-01 2.802415000000000150e-07
3.915236000000000272e-01 3.036273000000000258e-07
3.942478999999999845e-01 2.919357000000000245e-07
3.970041999999999738e-01 3.270168000000000117e-07
3.997666000000000275e-01 3.328589000000000108e-07
4.024973000000000023e-01 3.504035000000000049e-07
4.052549999999999764e-01 3.387087999999999816e-07
4.080158999999999869e-01 3.445559000000000129e-07
4.108106000000000257e-01 3.562497999999999929e-07
4.135365999999999764e-01 3.620954999999999749e-07
4.162963000000000080e-01 3.737894000000000079e-07
4.190619999999999901e-01 3.913307999999999879e-07
4.217869000000000201e-01 4.030236999999999933e-07
4.245478999999999781e-01 4.088704000000000029e-07
4.273089999999999944e-01 4.205606000000000079e-07
4.301005999999999996e-01 4.439495999999999799e-07
4.328595000000000081e-01 4.381019999999999878e-07
4.355915000000000203e-01 4.848759999999999804e-07
4.383549999999999947e-01 4.907244999999999550e-07
4.411105000000000165e-01 4.965702000000000428e-07
4.438384000000000218e-01 5.258028000000000025e-07
4.466003000000000056e-01 5.316498999999999808e-07
4.493566999999999978e-01 5.433445999999999511e-07
4.521554999999999880e-01 5.608841999999999661e-07
4.549177999999999833e-01 6.018123999999999845e-07
4.576410000000000200e-01 6.251973000000000128e-07
4.604081999999999897e-01 6.368916000000000145e-07
4.631698000000000204e-01 6.661250999999999566e-07
4.658942999999999834e-01 6.778198000000000329e-07
4.686583000000000276e-01 7.245932999999999587e-07
4.714515000000000233e-01 7.421319999999999912e-07
4.742119000000000195e-01 7.655183000000000158e-07
4.769720000000000071e-01 7.713650000000000254e-07
4.796983000000000219e-01 7.947531000000000149e-07
4.824575999999999865e-01 8.356803000000000057e-07
4.852208000000000077e-01 8.649105999999999865e-07
4.879480999999999957e-01 9.116891000000000504e-07
4.907400000000000095e-01 9.409201999999999686e-07
4.935043000000000069e-01 9.701537000000000166e-07
4.962621999999999867e-01 1.028622999999999985e-06
4.989875999999999756e-01 1.034468999999999997e-06
5.017517000000000227e-01 1.057855999999999914e-06
5.045119999999999605e-01 1.092936999999999909e-06
5.072712999999999806e-01 1.133863999999999915e-06
5.100662999999999725e-01 1.157253000000000099e-06
5.127950999999999482e-01 1.198178000000000050e-06
5.155518000000000045e-01 1.227412000000000006e-06
5.183122000000000007e-01 1.274186000000000052e-06
5.210436000000000512e-01 1.326805000000000081e-06
5.238005999999999496e-01 1.350191999999999998e-06
5.265615999999999630e-01 1.396963999999999988e-06
5.292896999999999741e-01 1.449584000000000045e-06
5.321143999999999874e-01 1.490512999999999895e-06
5.348387000000000002e-01 1.531440999999999929e-06
5.376058000000000225e-01 1.601602000000000103e-06
5.403651999999999900e-01 1.642528999999999898e-06
5.430895000000000028e-01 1.712686999999999989e-06
5.458534999999999915e-01 1.782847999999999951e-06
5.486130000000000173e-01 1.812081999999999907e-06
5.514031000000000349e-01 1.882243999999999897e-06
5.541700000000000514e-01 1.969943999999999921e-06
5.568946999999999647e-01 2.045949999999999868e-06
5.596548000000000078e-01 2.092722000000000070e-06
5.624190000000000023e-01 2.186273000000000032e-06
5.651443000000000438e-01 2.297362000000000028e-06
5.679018000000000121e-01 2.367521999999999963e-06
5.706995000000000262e-01 2.449376999999999792e-06
5.734612999999999516e-01 2.566310000000000168e-06
5.761853000000000113e-01 2.636468999999999863e-06
5.789484000000000297e-01 2.782636999999999799e-06
5.817058999999999980e-01 2.858644999999999801e-06
5.844302000000000108e-01 2.963886999999999970e-06
5.871935000000000349e-01 3.104210000000000134e-06
5.899558999999999775e-01 3.203602999999999997e-06
5.927510999999999752e-01 3.343924000000000106e-06
5.955099999999999838e-01 3.472553000000000191e-06
5.982425000000000104e-01 3.589486999999999960e-06
6.010031999999999597e-01 3.735654999999999896e-06
6.037614000000000036e-01 3.858436999999999731e-06
6.064945999999999948e-01 4.016298000000000353e-06
6.092532000000000503e-01 4.162462999999999995e-06
6.120468000000000020e-01 4.343714000000000405e-06
6.148065000000000335e-01 4.501576000000000419e-06
6.175642000000000076e-01 4.636050000000000277e-06
6.202927999999999775e-01 4.864073000000000042e-06
6.230565000000000131e-01 5.021932000000000185e-06
6.258152000000000159e-01 5.209027000000000127e-06
6.285431000000000212e-01 5.419510000000000226e-06
6.313697000000000337e-01 5.641685999999999740e-06
6.340985000000000094e-01 5.828784000000000401e-06
6.368551999999999547e-01 6.068497999999999949e-06
6.396211000000000535e-01 6.296519000000000082e-06
6.423463000000000367e-01 6.530386999999999619e-06
6.451059999999999572e-01 6.781794999999999669e-06
6.478663000000000061e-01 7.044898999999999853e-06
6.506593000000000515e-01 7.313853000000000158e-06
6.533883000000000330e-01 7.571110000000000090e-06
6.561506000000000283e-01 7.834206000000000053e-06
6.589085000000000081e-01 8.155775000000000700e-06
6.616360999999999493e-01 8.453961000000000694e-06
6.643980000000000441e-01 8.757986999999999264e-06
6.671576000000000173e-01 9.091253999999999677e-06
6.699178000000000077e-01 9.424521000000000089e-06
6.727157999999999749e-01 9.763626000000000292e-06
6.754396999999999762e-01 1.011442999999999965e-05
6.781981999999999733e-01 1.049447000000000051e-05
6.809638999999999553e-01 1.088034999999999994e-05
6.836872999999999978e-01 1.126039000000000079e-05
6.864460999999999480e-01 1.165797000000000046e-05
6.892085999999999490e-01 1.207307999999999995e-05
6.920041999999999582e-01 1.252327000000000046e-05
6.947613999999999734e-01 1.293839000000000065e-05
6.974901999999999491e-01 1.342952000000000047e-05
7.002559000000000422e-01 1.389140999999999953e-05
7.030087999999999893e-01 1.435914999999999956e-05
7.057366000000000472e-01 1.485611999999999965e-05
7.085038999999999643e-01 1.534139999999999850e-05
7.112939999999999818e-01 1.591436999999999922e-05
7.140551000000000537e-01 1.645226999999999961e-05
7.168145000000000211e-01 1.704863000000000011e-05
7.195409999999999862e-01 1.764500000000000131e-05
7.222992000000000301e-01 1.824721999999999840e-05
7.250638000000000361e-01 1.887867000000000063e-05
7.277943999999999525e-01 1.956857999999999959e-05
7.305871000000000448e-01 2.021756999999999894e-05
7.333507000000000220e-01 2.093086000000000038e-05
7.361124000000000001e-01 2.169093999999999870e-05
7.388371999999999717e-01 2.240424000000000083e-05
7.416002999999999901e-01 2.321109000000000141e-05
7.443610999999999978e-01 2.400040000000000149e-05
7.471191000000000360e-01 2.481892999999999922e-05
7.498460000000000125e-01 2.568423999999999992e-05
7.526393999999999584e-01 2.659048000000000092e-05
7.553995999999999489e-01 2.754350999999999881e-05
7.581626999999999672e-01 2.849068000000000011e-05
7.608916999999999486e-01 2.948462000000000028e-05
7.636494999999999811e-01 3.050193999999999955e-05
7.664121000000000405e-01 3.158944000000000227e-05
7.691373000000000237e-01 3.268277999999999678e-05
7.719633999999999663e-01 3.387550999999999849e-05
7.746961999999999460e-01 3.502731000000000328e-05
7.774524999999999908e-01 3.628434999999999761e-05
7.802141000000000215e-01 3.758233000000000309e-05
7.829424999999999857e-01 3.889197999999999825e-05
7.856996000000000535e-01 4.028352000000000289e-05
7.884605999999999559e-01 4.177444000000000047e-05
7.912588999999999873e-01 4.328871999999999912e-05
7.940150000000000263e-01 4.486146000000000128e-05
7.967412000000000383e-01 4.647518999999999777e-05
7.995061999999999447e-01 4.821750999999999772e-05
8.022669999999999524e-01 5.000661999999999794e-05
8.049891999999999603e-01 5.186585999999999811e-05
8.077550999999999481e-01 5.384205000000000062e-05
8.105495000000000339e-01 5.597025999999999900e-05
8.133065999999999907e-01 5.816278999999999747e-05
8.160336000000000256e-01 6.046639000000000029e-05
8.187959999999999683e-01 6.283428999999999501e-05
8.215603999999999685e-01 6.543026000000000668e-05
8.243150000000000199e-01 6.810220000000000672e-05
8.270459999999999479e-01 7.089690000000000217e-05
8.298054000000000263e-01 7.392553000000000438e-05
8.325955000000000439e-01 7.705353000000000560e-05
8.353614000000000317e-01 8.046802000000000414e-05
8.380904999999999605e-01 8.394683000000000277e-05
8.408442999999999889e-01 8.772378000000000055e-05
8.436091000000000006e-01 9.169953000000000056e-05
8.463374000000000175e-01 9.586242000000000027e-05
8.490944000000000269e-01 1.001013000000000033e-04
8.518892999999999605e-01 1.051236000000000043e-04
8.546487999999999863e-01 1.102044000000000049e-04
8.574070999999999776e-01 1.155541999999999990e-04
8.601387000000000338e-01 1.212430999999999980e-04
8.628983000000000070e-01 1.273178000000000027e-04
8.656565999999999983e-01 1.338369000000000060e-04
8.683912999999999771e-01 1.407477000000000077e-04
8.712193999999999772e-01 1.482842000000000058e-04
8.739443000000000072e-01 1.558615000000000120e-04
8.767051000000000149e-01 1.642455999999999983e-04
8.794678000000000218e-01 1.732612999999999872e-04
8.821944999999999926e-01 1.828030999999999981e-04
8.849552000000000529e-01 1.930699999999999929e-04
8.877158000000000548e-01 2.041203000000000115e-04
8.905098000000000180e-01 2.161235999999999919e-04
8.932339999999999725e-01 2.287058000000000016e-04
8.959989000000000425e-01 2.422643000000000040e-04
8.987598999999999450e-01 2.570213999999999919e-04
9.014847999999999750e-01 2.723046999999999816e-04
9.042445999999999540e-01 2.896050999999999964e-04
9.070078000000000307e-01 3.078293999999999974e-04
9.097625999999999769e-01 3.274977000000000205e-04
9.125619999999999843e-01 3.488149000000000067e-04
9.152888000000000135e-01 3.710733000000000239e-04
9.180487000000000508e-01 3.959335999999999932e-04
9.208081000000000182e-01 4.225127000000000179e-04
9.235354999999999537e-01 4.512256999999999987e-04
9.262936999999999976e-01 4.824882999999999863e-04
9.290595000000000381e-01 5.163467000000000143e-04
9.318516000000000021e-01 5.537832999999999601e-04
9.346105000000000107e-01 5.938503999999999615e-04
9.373420000000000085e-01 6.368765000000000407e-04
9.400979999999999892e-01 6.847614000000000131e-04
9.428594000000000142e-01 7.368321000000000159e-04
9.455932999999999700e-01 7.935748999999999971e-04
9.483468999999999927e-01 8.557779000000000384e-04
9.511406000000000027e-01 9.253306000000000205e-04
9.539026999999999923e-01 1.000688999999999919e-03
9.566609999999999836e-01 1.084097999999999919e-03
9.593865000000000309e-01 1.175721999999999922e-03
9.621539000000000064e-01 1.278770999999999944e-03
9.649090999999999640e-01 1.393038999999999996e-03
9.676356999999999875e-01 1.518580000000000060e-03
9.704342999999999719e-01 1.663105000000000009e-03
9.731916999999999929e-01 1.822936000000000044e-03
9.759499999999999842e-01 2.002756999999999975e-03
9.786774999999999780e-01 2.202598000000000056e-03
9.814405000000000490e-01 2.431508000000000193e-03
9.841992000000000518e-01 2.689274000000000178e-03
9.869626999999999706e-01 2.982531999999999978e-03
9.896905000000000285e-01 3.309867000000000191e-03
9.924790000000000001e-01 3.687320000000000007e-03
9.952374000000000498e-01 4.110690999999999651e-03
9.980071000000000359e-01 4.589888999999999775e-03
1.000728999999999980e+00 5.119185000000000055e-03
1.003489999999999993e+00 5.718871000000000371e-03
1.006259999999999932e+00 6.389973999999999654e-03
1.008982999999999963e+00 7.121006000000000037e-03
1.011805999999999983e+00 7.955484000000000513e-03
1.014537000000000022e+00 8.839747000000000229e-03
1.017301999999999929e+00 9.813956000000000415e-03
1.020054999999999934e+00 1.086005999999999951e-02
1.022783999999999915e+00 1.197151999999999938e-02
1.025544999999999929e+00 1.316916999999999914e-02
1.028299999999999992e+00 1.443651999999999956e-02
1.031096999999999930e+00 1.579490000000000061e-02
1.033859000000000083e+00 1.720137999999999875e-02
1.036588000000000065e+00 1.865355000000000138e-02
1.039014000000000104e+00 1.999934000000000087e-02
