4.999921999999999755e+00 7.554604000000000644e-08
5.003913999999999973e+00 8.139182000000000070e-08
5.007933999999999664e+00 7.554513000000000091e-08
5.011974000000000373e+00 6.385221000000000237e-08
5.015990999999999644e+00 6.969798999999999663e-08
5.020043000000000255e+00 7.554649999999999425e-08
5.024026000000000103e+00 8.139090999999999517e-08
5.028059999999999974e+00 7.554559000000000196e-08
5.032083000000000084e+00 8.723940999999999622e-08
5.036103999999999914e+00 9.308609999999999601e-08
5.040130999999999695e+00 8.139273000000000623e-08
5.044160999999999895e+00 9.308519000000000372e-08
5.048167000000000293e+00 8.139273000000000623e-08
5.051890000000000214e+00 8.139273000000000623e-08
5.055908999999999764e+00 8.139317999999999748e-08
5.059956999999999816e+00 9.308427999999999818e-08
5.063987000000000016e+00 8.139135999999999965e-08
5.068033999999999928e+00 7.554559000000000196e-08
5.072052000000000227e+00 6.969980999999999446e-08
5.076095999999999719e+00 1.106256999999999978e-07
5.080096000000000167e+00 9.308609999999999601e-08
5.084139000000000408e+00 9.893188000000000351e-08
5.088137999999999828e+00 8.723758999999999839e-08
5.092184999999999739e+00 8.723986999999999727e-08
5.096193999999999669e+00 8.723940999999999622e-08
5.100222999999999729e+00 8.723804999999999944e-08
5.104245999999999839e+00 8.139182000000000070e-08
5.107954000000000327e+00 8.139135999999999965e-08
5.111917000000000044e+00 9.893232999999999476e-08
5.115948999999999636e+00 7.554559000000000196e-08
5.119971999999999746e+00 5.800552999999999915e-08
5.124005999999999617e+00 6.969934999999999341e-08
5.128035999999999817e+00 7.554649999999999425e-08
5.132042000000000215e+00 7.554649999999999425e-08
5.136065000000000325e+00 7.554559000000000196e-08
5.140115999999999907e+00 1.047795000000000020e-07
5.144130999999999787e+00 8.724078000000000280e-08
5.148166999999999938e+00 7.554559000000000196e-08
5.152191000000000187e+00 6.969980999999999446e-08
5.156215999999999688e+00 7.554649999999999425e-08
5.159900000000000375e+00 7.554467999999999643e-08
5.163923999999999737e+00 8.139182000000000070e-08
5.167959999999999887e+00 8.724078000000000280e-08
5.171994999999999898e+00 7.554467999999999643e-08
5.175989999999999647e+00 9.308519000000000372e-08
5.180017000000000316e+00 9.308427999999999818e-08
5.184042999999999957e+00 8.723804999999999944e-08
5.188073000000000157e+00 6.969798999999999663e-08
5.192108000000000168e+00 8.723940999999999622e-08
5.196095999999999826e+00 5.800597999999999701e-08
5.200118999999999936e+00 9.308655999999999706e-08
5.204152999999999807e+00 9.308565000000000477e-08
5.208165000000000155e+00 8.723896000000000497e-08
5.211853999999999765e+00 8.139182000000000070e-08
5.215878000000000014e+00 6.970025999999999894e-08
5.219894000000000034e+00 9.308519000000000372e-08
5.223925000000000374e+00 8.723896000000000497e-08
5.227941999999999645e+00 9.308519000000000372e-08
5.231978999999999935e+00 6.969526000000000651e-08
5.236024999999999707e+00 6.969844000000000111e-08
5.240057000000000187e+00 7.554513000000000091e-08
5.244086000000000247e+00 8.139363999999999853e-08
5.248122000000000398e+00 7.554649999999999425e-08
5.252479000000000120e+00 9.308519000000000372e-08
5.256516999999999662e+00 8.139273000000000623e-08
5.260526999999999731e+00 7.554694999999999873e-08
5.264545000000000030e+00 6.969798999999999663e-08
5.268584999999999852e+00 9.308565000000000477e-08
5.272602000000000011e+00 8.139182000000000070e-08
5.276631000000000071e+00 8.139135999999999965e-08
5.280636999999999581e+00 9.308473999999999924e-08
5.284657000000000160e+00 9.308519000000000372e-08
5.288685000000000080e+00 1.164723999999999941e-07
5.292360999999999649e+00 8.723758999999999839e-08
5.296401000000000359e+00 8.139090999999999517e-08
5.300435000000000230e+00 6.969798999999999663e-08
5.304431000000000118e+00 5.800462000000000023e-08
5.308463999999999849e+00 8.139182000000000070e-08
5.312502000000000280e+00 7.554604000000000644e-08
5.316526999999999781e+00 8.139135999999999965e-08
5.320573000000000441e+00 1.047790000000000014e-07
5.324582999999999622e+00 8.723896000000000497e-08
5.328604999999999592e+00 8.723896000000000497e-08
5.332629999999999981e+00 9.308565000000000477e-08
5.336642000000000330e+00 8.139182000000000070e-08
5.340669000000000111e+00 9.308565000000000477e-08
5.344374000000000180e+00 8.139182000000000070e-08
5.348379999999999690e+00 5.800462000000000023e-08
5.352422999999999931e+00 7.554559000000000196e-08
5.356446000000000041e+00 9.308565000000000477e-08
5.360488000000000142e+00 9.308382999999999370e-08
5.364513999999999783e+00 8.723896000000000497e-08
5.368508000000000280e+00 7.554467999999999643e-08
5.372522000000000020e+00 8.723804999999999944e-08
5.376558000000000170e+00 7.554467999999999643e-08
5.380575000000000330e+00 9.308565000000000477e-08
5.384608000000000061e+00 1.106253000000000026e-07
5.388613000000000319e+00 9.308519000000000372e-08
5.392649999999999721e+00 7.554604000000000644e-08
5.396669000000000160e+00 6.969798999999999663e-08
5.400345999999999869e+00 1.047781000000000057e-07
5.404382000000000019e+00 8.723758999999999839e-08
5.408432999999999602e+00 9.308382999999999370e-08
5.412467999999999613e+00 8.139273000000000623e-08
5.416495000000000282e+00 8.139135999999999965e-08
5.420518999999999643e+00 9.308609999999999601e-08
5.424547999999999703e+00 8.723804999999999944e-08
5.428568000000000282e+00 6.969526000000000651e-08
5.432583000000000162e+00 1.106253000000000026e-07
5.436596999999999902e+00 9.308519000000000372e-08
5.440647000000000233e+00 7.554467999999999643e-08
5.444658000000000442e+00 9.308473999999999924e-08
5.448697000000000124e+00 8.139182000000000070e-08
5.452369000000000021e+00 8.723850000000000392e-08
5.456392000000000131e+00 9.893232999999999476e-08
5.460417999999999772e+00 8.139273000000000623e-08
5.464437000000000211e+00 8.139182000000000070e-08
5.468472000000000222e+00 8.723758999999999839e-08
5.472513000000000183e+00 8.139135999999999965e-08
5.476505999999999652e+00 9.893188000000000351e-08
5.480532000000000181e+00 5.800506999999999810e-08
5.484568000000000332e+00 9.893188000000000351e-08
5.488599999999999923e+00 1.047786000000000062e-07
5.492627999999999844e+00 6.969798999999999663e-08
5.496652000000000093e+00 8.139227000000000518e-08
5.500668000000000113e+00 8.139090999999999517e-08
5.504355000000000331e+00 7.554377000000000413e-08
5.508371000000000350e+00 8.723758999999999839e-08
5.512406999999999613e+00 1.106253000000000026e-07
5.516428000000000331e+00 9.893232999999999476e-08
5.520439999999999792e+00 8.723804999999999944e-08
5.524467999999999712e+00 8.723758999999999839e-08
5.528489000000000431e+00 9.893096999999999798e-08
5.532529000000000252e+00 7.554559000000000196e-08
5.536571000000000353e+00 9.893050999999999693e-08
5.540549000000000390e+00 1.106224999999999968e-07
5.544566999999999801e+00 9.308200999999999588e-08
5.548601999999999812e+00 8.139000000000000287e-08
5.552621000000000251e+00 8.138954000000000182e-08
5.556659999999999933e+00 8.139135999999999965e-08
5.560341000000000200e+00 9.308427999999999818e-08
5.564385999999999832e+00 8.139182000000000070e-08
5.568400999999999712e+00 8.723804999999999944e-08
5.572428999999999633e+00 8.138954000000000182e-08
5.576471999999999873e+00 1.047776999999999973e-07
5.580547000000000146e+00 1.106234000000000058e-07
5.584552000000000405e+00 8.139135999999999965e-08
5.588573000000000235e+00 8.723669000000000266e-08
5.592592999999999925e+00 9.893188000000000351e-08
5.596635000000000026e+00 9.893096999999999798e-08
5.600659000000000276e+00 8.139090999999999517e-08
5.604667000000000066e+00 9.308609999999999601e-08
5.608679999999999666e+00 8.723758999999999839e-08
5.612379999999999924e+00 9.308382999999999370e-08
5.616385000000000183e+00 9.308382999999999370e-08
5.620426000000000144e+00 1.047776999999999973e-07
5.624426999999999843e+00 1.164714999999999984e-07
5.628449999999999953e+00 6.969616999999999880e-08
5.632471999999999923e+00 1.106248000000000020e-07
5.636499999999999844e+00 9.308519000000000372e-08
5.640526000000000373e+00 6.969662999999999985e-08
5.644584000000000046e+00 9.893188000000000351e-08
5.648566999999999894e+00 8.139182000000000070e-08
5.652600999999999765e+00 9.308473999999999924e-08
5.656628000000000434e+00 1.106253000000000026e-07
5.660668000000000255e+00 9.893096999999999798e-08
5.664368999999999765e+00 1.164718999999999936e-07
5.668397999999999826e+00 9.308382999999999370e-08
5.672422000000000075e+00 8.723758999999999839e-08
5.676451000000000136e+00 9.308473999999999924e-08
5.680460000000000065e+00 9.308292000000000141e-08
5.684487999999999985e+00 9.308337000000000589e-08
5.688524000000000136e+00 8.723804999999999944e-08
5.692535000000000345e+00 9.308473999999999924e-08
5.696553999999999895e+00 9.893096999999999798e-08
5.700586000000000375e+00 7.554467999999999643e-08
5.704615000000000435e+00 9.892915000000000015e-08
5.708669999999999689e+00 7.554467999999999643e-08
5.712652000000000285e+00 8.723804999999999944e-08
5.716319000000000372e+00 8.723758999999999839e-08
5.720353000000000243e+00 7.554467999999999643e-08
5.724370999999999654e+00 8.139000000000000287e-08
5.728405999999999665e+00 6.969616999999999880e-08
5.732409999999999783e+00 1.047766999999999962e-07
5.736454000000000164e+00 8.139090999999999517e-08
5.740478999999999665e+00 7.554513000000000091e-08
5.744492000000000154e+00 6.384994000000000006e-08
5.748529000000000444e+00 6.969752999999999558e-08
5.752951000000000370e+00 8.723804999999999944e-08
5.756961000000000439e+00 8.139182000000000070e-08
5.760989000000000360e+00 6.385039000000000454e-08
5.765001999999999960e+00 8.723713999999999391e-08
5.769034000000000439e+00 8.139090999999999517e-08
5.773079000000000072e+00 7.554513000000000091e-08
5.777070000000000149e+00 8.139182000000000070e-08
5.781096999999999930e+00 8.723758999999999839e-08
5.785128000000000270e+00 8.139090999999999517e-08
5.789158999999999722e+00 1.047786000000000062e-07
5.793197000000000152e+00 1.106248000000000020e-07
5.796847999999999779e+00 9.308382999999999370e-08
5.800879000000000119e+00 9.308427999999999818e-08
5.804903999999999620e+00 8.139182000000000070e-08
5.808925000000000338e+00 8.723758999999999839e-08
5.812946000000000168e+00 8.139090999999999517e-08
5.816972999999999949e+00 1.047763000000000010e-07
5.820985000000000298e+00 9.893050999999999693e-08
5.825014999999999610e+00 7.554377000000000413e-08
5.829045999999999950e+00 1.106239000000000063e-07
5.833088000000000051e+00 8.138954000000000182e-08
5.837124000000000201e+00 9.308382999999999370e-08
5.841124999999999901e+00 6.969844000000000111e-08
5.845139999999999780e+00 8.138954000000000182e-08
5.849186000000000440e+00 1.164709999999999978e-07
5.852875000000000050e+00 6.969752999999999558e-08
5.856925000000000381e+00 7.554285999999999860e-08
5.860918999999999990e+00 7.554331000000000308e-08
5.864949000000000190e+00 8.138954000000000182e-08
5.868966000000000349e+00 9.893096999999999798e-08
5.873001999999999612e+00 9.893050999999999693e-08
5.877025999999999861e+00 8.723623000000000161e-08
5.881053999999999782e+00 1.223176999999999942e-07
5.885049000000000419e+00 1.106239000000000063e-07
5.889081000000000010e+00 9.308337000000000589e-08
5.893102999999999980e+00 9.308473999999999924e-08
5.897145000000000081e+00 9.308427999999999818e-08
5.901171999999999862e+00 1.047766999999999962e-07
5.904823000000000377e+00 9.893050999999999693e-08
5.908846999999999738e+00 1.340096999999999906e-07
5.912899000000000349e+00 1.047766999999999962e-07
5.916896000000000377e+00 1.047766999999999962e-07
5.920943000000000289e+00 8.139090999999999517e-08
5.925000999999999962e+00 8.723758999999999839e-08
5.929026000000000352e+00 8.723713999999999391e-08
5.933031999999999861e+00 1.164706000000000027e-07
5.937059999999999782e+00 1.398581999999999917e-07
5.941076999999999941e+00 8.723713999999999391e-08
5.945136999999999894e+00 9.892915000000000015e-08
5.949114999999999931e+00 8.139044999999999412e-08
5.953149999999999942e+00 8.723669000000000266e-08
5.956845000000000390e+00 1.106239000000000063e-07
5.960879000000000261e+00 1.164696999999999937e-07
5.964915000000000411e+00 9.892960000000000463e-08
5.968904000000000210e+00 8.139090999999999517e-08
5.972934000000000410e+00 1.106234000000000058e-07
5.976966000000000001e+00 9.308246000000000036e-08
5.980976000000000070e+00 6.385039000000000454e-08
5.985013000000000361e+00 1.106224999999999968e-07
5.989034000000000191e+00 1.106224999999999968e-07
5.993056000000000161e+00 9.308246000000000036e-08
5.997080000000000410e+00 9.893096999999999798e-08
6.001112000000000002e+00 1.164706000000000027e-07
6.005143999999999593e+00 1.047771999999999967e-07
6.009201000000000015e+00 1.106239000000000063e-07
6.012916999999999845e+00 1.281638999999999900e-07
6.016937999999999676e+00 9.308427999999999818e-08
6.020967999999999876e+00 9.892915000000000015e-08
6.024975999999999665e+00 9.892779000000000337e-08
6.029016000000000375e+00 1.106229999999999974e-07
6.033025000000000304e+00 1.164687999999999980e-07
6.037047000000000274e+00 9.892868999999999910e-08
6.041083999999999676e+00 1.047766999999999962e-07
6.045098999999999556e+00 1.164701000000000021e-07
6.049133000000000315e+00 1.106248000000000020e-07
6.053149000000000335e+00 1.164706000000000027e-07
6.057154999999999845e+00 8.723758999999999839e-08
6.061183999999999905e+00 1.340105999999999996e-07
6.064881999999999884e+00 9.308337000000000589e-08
6.068923999999999985e+00 9.892960000000000463e-08
6.072951999999999906e+00 1.047771999999999967e-07
6.076959999999999695e+00 1.223149999999999938e-07
6.080981999999999665e+00 1.164701000000000021e-07
6.085035999999999667e+00 1.164706000000000027e-07
6.089039999999999786e+00 9.893006000000000568e-08
6.093088999999999977e+00 1.164706000000000027e-07
6.097133000000000358e+00 9.893006000000000568e-08
6.101168999999999620e+00 1.340102000000000044e-07
6.105177000000000298e+00 8.723758999999999839e-08
6.109200000000000408e+00 1.164709999999999978e-07
6.113224999999999909e+00 1.340105999999999996e-07
6.116931000000000118e+00 1.164706000000000027e-07
6.120902000000000065e+00 1.047758000000000004e-07
6.124937000000000076e+00 1.106207000000000053e-07
6.128963999999999857e+00 1.164714999999999984e-07
6.132995000000000196e+00 1.164687999999999980e-07
6.137035000000000018e+00 9.308337000000000589e-08
6.141028999999999627e+00 1.047766999999999962e-07
6.145040999999999976e+00 1.047758000000000004e-07
6.149085000000000356e+00 8.723669000000000266e-08
6.153092000000000006e+00 1.106234000000000058e-07
6.157129000000000296e+00 6.969708000000000433e-08
6.161145000000000316e+00 1.047766999999999962e-07
6.165169999999999817e+00 1.106221000000000016e-07
6.168864000000000125e+00 1.047754000000000053e-07
6.172900000000000276e+00 1.106239000000000063e-07
6.176938999999999957e+00 8.723758999999999839e-08
6.180984999999999729e+00 1.106234000000000058e-07
6.184984000000000037e+00 1.106239000000000063e-07
6.189002999999999588e+00 1.106234000000000058e-07
6.193031000000000397e+00 1.047758000000000004e-07
6.197049999999999947e+00 1.164696999999999937e-07
6.201082000000000427e+00 1.106234000000000058e-07
6.205084000000000266e+00 9.308200999999999588e-08
6.209100000000000286e+00 9.308154999999999482e-08
6.213149999999999729e+00 1.106234000000000058e-07
6.217162000000000077e+00 1.164701000000000021e-07
6.221195999999999948e+00 1.047758000000000004e-07
6.224872999999999656e+00 1.164687999999999980e-07
6.228868000000000293e+00 1.164696999999999937e-07
6.232906999999999975e+00 1.223172999999999990e-07
6.236920999999999715e+00 9.892960000000000463e-08
6.240965000000000096e+00 9.892915000000000015e-08
6.245002999999999638e+00 1.164714999999999984e-07
6.248991000000000184e+00 1.047758000000000004e-07
6.253369000000000177e+00 9.892960000000000463e-08
6.257395999999999958e+00 1.164696999999999937e-07
6.261432000000000109e+00 1.047763000000000010e-07
6.265467000000000120e+00 8.723623000000000161e-08
6.269517999999999702e+00 1.106248000000000020e-07
6.273539999999999672e+00 9.893050999999999693e-08
6.277580000000000382e+00 1.281644000000000038e-07
6.281585999999999892e+00 9.893050999999999693e-08
6.285613999999999812e+00 9.308337000000000589e-08
6.289636999999999922e+00 9.308246000000000036e-08
6.293650999999999662e+00 1.047758000000000004e-07
6.297672999999999632e+00 8.723441000000000378e-08
6.301696999999999882e+00 1.106212000000000059e-07
6.305393999999999721e+00 9.892641999999999679e-08
6.309427999999999592e+00 9.892687999999999784e-08
6.313420999999999950e+00 7.554331000000000308e-08
6.317434999999999690e+00 9.892823999999999462e-08
6.321479000000000070e+00 9.308154999999999482e-08
6.325495000000000090e+00 9.893050999999999693e-08
6.329532999999999632e+00 1.047776999999999973e-07
6.333539000000000030e+00 1.164687999999999980e-07
6.337579999999999991e+00 1.164701000000000021e-07
6.341609000000000052e+00 1.106239000000000063e-07
6.345631000000000022e+00 1.164701000000000021e-07
6.349668000000000312e+00 1.106229999999999974e-07
6.353723999999999705e+00 9.308337000000000589e-08
6.357406000000000112e+00 8.723623000000000161e-08
6.361436999999999564e+00 9.892868999999999910e-08
6.365445000000000242e+00 1.106212000000000059e-07
6.369486000000000203e+00 1.223149999999999938e-07
6.373515000000000263e+00 1.164706000000000027e-07
6.377521999999999913e+00 1.164709999999999978e-07
6.381540000000000212e+00 1.223176999999999942e-07
6.385591999999999935e+00 1.164709999999999978e-07
6.389584000000000152e+00 8.723758999999999839e-08
6.393632000000000204e+00 1.223176999999999942e-07
6.397624999999999673e+00 9.893006000000000568e-08
6.401659999999999684e+00 9.892960000000000463e-08
6.405680000000000263e+00 1.047766999999999962e-07
6.409335999999999700e+00 1.047749000000000047e-07
6.413368000000000180e+00 1.047771999999999967e-07
6.417419999999999902e+00 1.223149999999999938e-07
6.421393000000000129e+00 9.892779000000000337e-08
6.425434000000000090e+00 1.106216000000000011e-07
6.429458000000000339e+00 1.164692000000000064e-07
6.433506999999999643e+00 9.308382999999999370e-08
6.437534999999999563e+00 1.106234000000000058e-07
6.441589999999999705e+00 9.893050999999999693e-08
6.445599999999999774e+00 1.047771999999999967e-07
6.449650000000000105e+00 9.893050999999999693e-08
6.453642999999999574e+00 9.893050999999999693e-08
6.457684999999999675e+00 1.106234000000000058e-07
6.461695999999999884e+00 1.106234000000000058e-07
6.465385000000000382e+00 1.047749000000000047e-07
6.469409999999999883e+00 8.723349999999999825e-08
6.473432999999999993e+00 1.106212000000000059e-07
6.477476000000000234e+00 1.164682999999999974e-07
6.481524000000000285e+00 9.308154999999999482e-08
6.485502000000000322e+00 9.893050999999999693e-08
6.489517000000000202e+00 9.892868999999999910e-08
6.493549999999999933e+00 1.164682999999999974e-07
6.497580000000000133e+00 1.047758000000000004e-07
6.501614000000000004e+00 1.047766999999999962e-07
6.505622999999999934e+00 1.281620999999999986e-07
6.509649999999999714e+00 1.281617000000000034e-07
6.513702000000000325e+00 9.893006000000000568e-08
6.517363999999999713e+00 1.106216000000000011e-07
6.521404000000000423e+00 1.106239000000000063e-07
6.525464999999999627e+00 1.106234000000000058e-07
6.529433000000000042e+00 8.138954000000000182e-08
6.533464999999999634e+00 8.138954000000000182e-08
6.537480000000000402e+00 1.106221000000000016e-07
6.541526000000000174e+00 1.047766999999999962e-07
6.545557999999999765e+00 1.281634999999999948e-07
6.549560999999999744e+00 8.138908999999999734e-08
6.553576999999999764e+00 1.281626000000000124e-07
6.557614000000000054e+00 6.969662999999999985e-08
6.561634999999999884e+00 1.164706000000000027e-07
6.565668999999999755e+00 1.164687999999999980e-07
6.569350000000000023e+00 1.106221000000000016e-07
6.573399000000000214e+00 9.893006000000000568e-08
6.577391999999999683e+00 1.106234000000000058e-07
6.581418000000000212e+00 1.047758000000000004e-07
6.585444999999999993e+00 1.223153999999999890e-07
6.589493000000000045e+00 1.106224999999999968e-07
6.593485000000000262e+00 1.047754000000000053e-07
6.597528999999999755e+00 9.892597000000000554e-08
6.601537999999999684e+00 1.164665000000000060e-07
6.605596000000000245e+00 9.308154999999999482e-08
6.609630000000000116e+00 1.047766999999999962e-07
6.613673999999999609e+00 1.164687999999999980e-07
6.617683999999999678e+00 1.164687999999999980e-07
6.621387999999999607e+00 9.308200999999999588e-08
6.625384999999999636e+00 8.723758999999999839e-08
6.629414999999999836e+00 8.723623000000000161e-08
6.633429999999999715e+00 8.138954000000000182e-08
6.637455000000000105e+00 1.106224999999999968e-07
6.641475999999999935e+00 1.164696999999999937e-07
6.645514000000000365e+00 1.106234000000000058e-07
6.649531999999999776e+00 9.308246000000000036e-08
6.653601000000000099e+00 9.892868999999999910e-08
6.657555999999999585e+00 8.723531999999999608e-08
6.661594000000000015e+00 9.892960000000000463e-08
6.665607999999999755e+00 1.047749000000000047e-07
6.669658000000000087e+00 9.308064000000000253e-08
6.673682000000000336e+00 1.281617000000000034e-07
6.677360000000000184e+00 8.723487000000000484e-08
6.681384000000000434e+00 9.308154999999999482e-08
6.685438000000000436e+00 9.892915000000000015e-08
6.689447000000000365e+00 1.106229999999999974e-07
6.693497999999999948e+00 9.308018999999999805e-08
6.697528000000000148e+00 9.892733000000000232e-08
6.701541999999999888e+00 9.308110000000000358e-08
6.705562999999999718e+00 1.223149999999999938e-07
6.709579999999999878e+00 1.281617000000000034e-07
6.713612999999999609e+00 1.106212000000000059e-07
6.717654999999999710e+00 1.223145000000000065e-07
6.721639999999999837e+00 1.164669000000000011e-07
6.725673999999999708e+00 1.106221000000000016e-07
6.729365999999999737e+00 1.164677999999999969e-07
6.733381999999999756e+00 1.047758000000000004e-07
6.737423999999999857e+00 1.047758000000000004e-07
6.741418999999999606e+00 9.892915000000000015e-08
6.745440000000000325e+00 9.892779000000000337e-08
6.749461000000000155e+00 1.047758000000000004e-07
6.754144000000000148e+00 9.308200999999999588e-08
6.757855000000000167e+00 1.047754000000000053e-07
6.761875999999999998e+00 1.281626000000000124e-07
6.765900000000000247e+00 1.047749000000000047e-07
6.769917999999999658e+00 1.047754000000000053e-07
6.773950000000000138e+00 1.223149999999999938e-07
6.777987999999999680e+00 1.164687999999999980e-07
6.782040000000000290e+00 1.281626000000000124e-07
6.786070999999999742e+00 9.892915000000000015e-08
6.790093999999999852e+00 1.164692000000000064e-07
6.794118000000000102e+00 1.164692000000000064e-07
6.798141000000000211e+00 1.340075000000000040e-07
6.802171000000000411e+00 1.223132000000000023e-07
6.806180999999999592e+00 1.106221000000000016e-07
6.809865000000000279e+00 1.047749000000000047e-07
6.813893000000000200e+00 1.106221000000000016e-07
6.817916000000000309e+00 1.223163999999999901e-07
6.821953999999999851e+00 1.106221000000000016e-07
6.825965000000000060e+00 1.340078999999999992e-07
6.829970999999999570e+00 1.047749000000000047e-07
6.834001999999999910e+00 9.308200999999999588e-08
6.838023999999999880e+00 1.281630000000000075e-07
6.842063999999999702e+00 9.892868999999999910e-08
6.846092999999999762e+00 9.892823999999999462e-08
6.850083999999999840e+00 1.106197999999999964e-07
6.854115000000000180e+00 1.106216000000000011e-07
6.858168000000000042e+00 1.340105999999999996e-07
6.861862999999999602e+00 1.281620999999999986e-07
6.865914000000000073e+00 1.281617000000000034e-07
6.869931000000000232e+00 1.164687999999999980e-07
6.873967000000000382e+00 1.515489000000000105e-07
6.877974000000000032e+00 1.106216000000000011e-07
6.881988999999999912e+00 8.723395999999999930e-08
6.886022999999999783e+00 1.281607999999999944e-07
6.890058999999999934e+00 9.308200999999999588e-08
6.894048999999999872e+00 9.892823999999999462e-08
6.898093000000000252e+00 9.892868999999999910e-08
6.902105999999999852e+00 9.308110000000000358e-08
6.906155000000000044e+00 1.281607999999999944e-07
6.910186000000000384e+00 1.223149999999999938e-07
6.914170999999999623e+00 1.106212000000000059e-07
6.917820999999999998e+00 1.106202000000000048e-07
6.921875000000000000e+00 1.340069999999999902e-07
6.925874000000000308e+00 9.892868999999999910e-08
6.929923999999999751e+00 1.106221000000000016e-07
6.933937000000000239e+00 1.223163999999999901e-07
6.937954999999999650e+00 1.223145000000000065e-07
6.941978999999999900e+00 8.723441000000000378e-08
6.946004000000000289e+00 9.892551000000000449e-08
6.950052000000000341e+00 1.281617000000000034e-07
6.954113999999999685e+00 1.281617000000000034e-07
6.958126000000000033e+00 1.164677999999999969e-07
6.962152999999999814e+00 1.281626000000000124e-07
6.966161999999999743e+00 1.164669000000000011e-07
6.969867999999999952e+00 1.223145000000000065e-07
6.973894999999999733e+00 9.308110000000000358e-08
6.977905999999999942e+00 9.892779000000000337e-08
6.981938999999999673e+00 1.047749000000000047e-07
6.985973000000000432e+00 1.164665000000000060e-07
6.989982000000000362e+00 1.047749000000000047e-07
6.994023000000000323e+00 1.281617000000000034e-07
6.998035999999999923e+00 1.106197999999999964e-07
7.002053000000000083e+00 1.106221000000000016e-07
7.006075000000000053e+00 1.164687999999999980e-07
7.010100999999999694e+00 1.106229999999999974e-07
7.014126000000000083e+00 1.281620999999999986e-07
7.018175000000000274e+00 1.281607999999999944e-07
7.021817999999999671e+00 1.164682999999999974e-07
7.025840999999999781e+00 1.164665000000000060e-07
7.029888999999999832e+00 9.892733000000000232e-08
7.033913000000000082e+00 1.164687999999999980e-07
7.037963999999999665e+00 1.223145000000000065e-07
7.041990000000000194e+00 1.223149999999999938e-07
7.046016999999999975e+00 1.340088000000000081e-07
7.050040000000000084e+00 1.281607999999999944e-07
7.054047999999999874e+00 1.164677999999999969e-07
7.058074000000000403e+00 1.047749000000000047e-07
7.062109000000000414e+00 1.106216000000000011e-07
7.066108999999999973e+00 1.047744999999999963e-07
7.070140000000000313e+00 1.047749000000000047e-07
7.073843000000000103e+00 1.047749000000000047e-07
7.077894999999999825e+00 1.164682999999999974e-07
7.081923999999999886e+00 1.164682999999999974e-07
7.085917000000000243e+00 1.047744999999999963e-07
7.089939000000000213e+00 1.281603000000000071e-07
7.093976999999999755e+00 1.164677999999999969e-07
7.097978000000000343e+00 1.047736000000000006e-07
7.102022999999999975e+00 1.223132000000000023e-07
7.106025999999999954e+00 1.106207000000000053e-07
7.110063000000000244e+00 1.106202000000000048e-07
7.114086999999999605e+00 1.223141000000000113e-07
7.118110999999999855e+00 8.138635999999999398e-08
7.122143000000000335e+00 1.164665000000000060e-07
7.126240000000000130e+00 1.047749000000000047e-07
7.129863000000000284e+00 1.164687999999999980e-07
7.133899999999999686e+00 1.223159000000000028e-07
7.137908999999999615e+00 1.281576000000000067e-07
7.141943999999999626e+00 1.164655999999999970e-07
7.145969000000000015e+00 1.281593999999999981e-07
7.149979000000000084e+00 1.223118000000000060e-07
7.153999999999999915e+00 1.164674000000000017e-07
7.158051999999999637e+00 1.106221000000000016e-07
7.162052000000000085e+00 1.047754000000000053e-07
7.166104999999999947e+00 9.892915000000000015e-08
7.170093999999999745e+00 1.164687999999999980e-07
7.174122999999999806e+00 1.340078999999999992e-07
7.178138999999999825e+00 9.892779000000000337e-08
7.181840000000000224e+00 1.223159000000000028e-07
7.185867000000000004e+00 1.223149999999999938e-07
7.189917999999999587e+00 1.106216000000000011e-07
7.193896999999999764e+00 1.047731000000000000e-07
7.197937999999999725e+00 1.106216000000000011e-07
7.201977000000000295e+00 1.106216000000000011e-07
7.206002999999999936e+00 1.047736000000000006e-07
7.210048999999999708e+00 1.106216000000000011e-07
7.214061000000000057e+00 9.892779000000000337e-08
7.218075999999999937e+00 8.723487000000000484e-08
7.222114999999999618e+00 1.223149999999999938e-07
7.226117000000000345e+00 9.308110000000000358e-08
7.230148999999999937e+00 9.892641999999999679e-08
7.233827999999999925e+00 8.723395999999999930e-08
7.237836999999999854e+00 9.892915000000000015e-08
7.241868000000000194e+00 9.892868999999999910e-08
7.245897000000000254e+00 9.892779000000000337e-08
7.250596999999999959e+00 1.047749000000000047e-07
7.254661999999999722e+00 9.308064000000000253e-08
7.258605000000000196e+00 9.307745999999999469e-08
7.262316000000000216e+00 1.106184000000000001e-07
7.266345000000000276e+00 1.106202000000000048e-07
7.270369999999999777e+00 1.164660000000000054e-07
7.274403999999999648e+00 1.047749000000000047e-07
7.278415999999999997e+00 1.281607999999999944e-07
7.282441000000000386e+00 1.164674000000000017e-07
7.286486000000000018e+00 1.047749000000000047e-07
7.290492000000000417e+00 1.223153999999999890e-07
7.294533000000000378e+00 1.223149999999999938e-07
7.298600000000000421e+00 1.047722000000000043e-07
7.302614000000000161e+00 1.106216000000000011e-07
7.306633999999999851e+00 1.223141000000000113e-07
7.310654999999999681e+00 1.164674000000000017e-07
7.314344000000000179e+00 1.106197999999999964e-07
7.318378000000000050e+00 9.308064000000000253e-08
7.322390000000000398e+00 1.340092999999999955e-07
7.326400999999999719e+00 1.106202000000000048e-07
7.330441000000000429e+00 9.892733000000000232e-08
7.334462000000000259e+00 1.047749000000000047e-07
7.338499999999999801e+00 1.106216000000000011e-07
7.342492000000000019e+00 1.340078999999999992e-07
7.346518999999999799e+00 1.164677999999999969e-07
7.350550000000000139e+00 9.308154999999999482e-08
7.354561999999999600e+00 1.340078999999999992e-07
7.358586999999999989e+00 1.047744999999999963e-07
7.362636000000000180e+00 1.164655999999999970e-07
7.366641000000000439e+00 1.164677999999999969e-07
7.370362000000000080e+00 9.308064000000000253e-08
7.374384000000000050e+00 1.106212000000000059e-07
7.378433000000000241e+00 1.164665000000000060e-07
7.382470999999999783e+00 1.223135999999999975e-07
7.386548999999999587e+00 1.106180000000000049e-07
7.390551999999999566e+00 1.281599000000000119e-07
7.394598000000000226e+00 9.892733000000000232e-08
7.398601000000000205e+00 1.047744999999999963e-07
7.402641000000000027e+00 9.892779000000000337e-08
7.406640999999999586e+00 8.138818000000000504e-08
7.410693000000000197e+00 1.223149999999999938e-07
7.414692999999999756e+00 9.892779000000000337e-08
7.418709999999999916e+00 9.308018999999999805e-08
7.422386000000000372e+00 1.281607999999999944e-07
7.426452000000000275e+00 9.308018999999999805e-08
7.430410000000000181e+00 9.892779000000000337e-08
7.434452000000000282e+00 9.892779000000000337e-08
7.438462999999999603e+00 1.223145000000000065e-07
7.442493999999999943e+00 9.892733000000000232e-08
7.446523000000000003e+00 1.164682999999999974e-07
7.450525999999999982e+00 9.308064000000000253e-08
7.454550000000000232e+00 1.223141000000000113e-07
7.458624000000000365e+00 9.892779000000000337e-08
7.462606000000000073e+00 1.281607999999999944e-07
7.466656999999999655e+00 1.223135999999999975e-07
7.470716999999999608e+00 8.723304999999999377e-08
7.474400000000000155e+00 9.892597000000000554e-08
7.478417999999999566e+00 9.892733000000000232e-08
7.482452000000000325e+00 8.723304999999999377e-08
7.486474000000000295e+00 9.892733000000000232e-08
7.490517999999999788e+00 9.308018999999999805e-08
7.494507999999999726e+00 1.223141000000000113e-07
7.498537999999999926e+00 9.308110000000000358e-08
7.502564999999999706e+00 1.106202000000000048e-07
7.506610000000000227e+00 1.281611999999999896e-07
7.510633999999999588e+00 1.106202000000000048e-07
7.514628000000000085e+00 1.223141000000000113e-07
7.518652000000000335e+00 1.340088000000000081e-07
7.522681000000000395e+00 9.308018999999999805e-08
7.526354000000000433e+00 1.164677999999999969e-07
7.530394000000000254e+00 1.047731000000000000e-07
7.534417000000000364e+00 8.723304999999999377e-08
7.538427000000000433e+00 1.164677999999999969e-07
7.542457999999999885e+00 1.047736000000000006e-07
7.546478999999999715e+00 1.047736000000000006e-07
7.550525000000000375e+00 9.307837000000000022e-08
7.554579999999999629e+00 1.106202000000000048e-07
7.558576000000000406e+00 1.164674000000000017e-07
7.562580999999999776e+00 1.281599000000000119e-07
7.566624000000000017e+00 9.308064000000000253e-08
7.570630000000000415e+00 9.892687999999999784e-08
7.574667999999999957e+00 1.164665000000000060e-07
7.578668999999999656e+00 9.892551000000000449e-08
7.582399999999999807e+00 1.106192999999999958e-07
7.586406000000000205e+00 8.723214000000000148e-08
7.590436999999999657e+00 8.723259000000000596e-08
7.594473999999999947e+00 9.892687999999999784e-08
7.598501999999999867e+00 9.308018999999999805e-08
7.602486999999999995e+00 1.106197999999999964e-07
7.606518999999999586e+00 9.892551000000000449e-08
7.610534000000000354e+00 1.281584999999999892e-07
7.614587000000000216e+00 8.723395999999999930e-08
7.618610000000000326e+00 1.223145000000000065e-07
7.622616999999999976e+00 1.047744999999999963e-07
7.626632999999999996e+00 1.164687999999999980e-07
7.630695000000000228e+00 9.892733000000000232e-08
7.634335000000000093e+00 1.281599000000000119e-07
7.638393999999999906e+00 1.223145000000000065e-07
7.642439999999999678e+00 9.892551000000000449e-08
7.646463999999999928e+00 9.308018999999999805e-08
7.650478999999999807e+00 1.340075000000000040e-07
7.654504000000000197e+00 1.047731000000000000e-07
7.658521000000000356e+00 9.892733000000000232e-08
7.662583999999999840e+00 9.892779000000000337e-08
7.666555999999999926e+00 1.047731000000000000e-07
7.670595999999999748e+00 1.456998999999999956e-07
7.674621000000000137e+00 1.515474999999999877e-07
7.678649000000000058e+00 1.106184000000000001e-07
7.682693999999999690e+00 1.164669000000000011e-07
7.686360999999999777e+00 9.892733000000000232e-08
7.690383999999999887e+00 9.892733000000000232e-08
7.694423999999999708e+00 1.281617000000000034e-07
7.698424000000000156e+00 1.164650999999999964e-07
7.702456999999999887e+00 1.106189000000000007e-07
7.706488000000000227e+00 8.723349999999999825e-08
7.710506999999999778e+00 1.281603000000000071e-07
7.714527999999999608e+00 9.892597000000000554e-08
7.718563999999999758e+00 1.223132000000000023e-07
7.722598999999999769e+00 9.308064000000000253e-08
7.726658999999999722e+00 1.047736000000000006e-07
7.730650999999999939e+00 1.106184000000000001e-07
7.734677999999999720e+00 9.308018999999999805e-08
7.738705000000000389e+00 9.892506000000000001e-08
7.742379999999999818e+00 1.047717000000000037e-07
7.746413999999999689e+00 9.307928000000000575e-08
7.751093000000000011e+00 1.106212000000000059e-07
7.755114999999999981e+00 1.106207000000000053e-07
7.759170000000000122e+00 1.164669000000000011e-07
7.763160000000000061e+00 9.307928000000000575e-08
7.766865000000000130e+00 1.106202000000000048e-07
7.770888000000000240e+00 9.892641999999999679e-08
7.774893999999999750e+00 1.164674000000000017e-07
7.778921999999999670e+00 1.340078999999999992e-07
7.782934000000000019e+00 1.106180000000000049e-07
7.786965000000000359e+00 1.106192999999999958e-07
7.791024000000000171e+00 1.106192999999999958e-07
7.795001000000000069e+00 1.223126999999999885e-07
7.799032999999999660e+00 1.164647000000000013e-07
7.803073999999999621e+00 1.164660000000000054e-07
7.807104999999999961e+00 1.281589000000000108e-07
7.811144999999999783e+00 5.910470000000000011e-06
7.815193999999999974e+00 1.534107999999999983e-05
7.819212000000000273e+00 2.938467999999999866e-05
7.822887999999999842e+00 5.971111999999999964e-05
7.826906000000000141e+00 1.505851999999999961e-04
7.830921000000000021e+00 3.217976999999999903e-04
7.834961999999999982e+00 6.462272000000000459e-04
7.838962000000000430e+00 1.094113999999999981e-03
7.842991999999999742e+00 1.669761000000000075e-03
7.847017000000000131e+00 2.354265999999999824e-03
7.851055999999999813e+00 3.139104000000000200e-03
7.855096999999999774e+00 3.994255999999999848e-03
7.859072000000000280e+00 4.887040999999999955e-03
7.863084999999999880e+00 5.830949000000000201e-03
7.867123999999999562e+00 6.825610000000000184e-03
7.871129999999999960e+00 7.846072000000000810e-03
7.874856000000000300e+00 8.813675999999999455e-03
7.878853999999999580e+00 9.886188000000000614e-03
7.882888000000000339e+00 1.099492000000000004e-02
7.886911999999999701e+00 1.211454999999999997e-02
7.890934999999999810e+00 1.325722000000000012e-02
7.894963999999999871e+00 1.441701999999999914e-02
7.899024999999999963e+00 1.560098000000000040e-02
7.902999999999999581e+00 1.677367000000000094e-02
7.907023999999999830e+00 1.797856999999999927e-02
7.911031000000000368e+00 1.918788999999999911e-02
7.913981999999999850e+00 1.999946000000000015e-02
