5.000240000000000240e-01 9.769905999999999155e-06
5.017532999999999577e-01 9.974548000000000439e-06
5.035165000000000335e-01 1.017334000000000075e-05
5.052461000000000313e-01 1.039552000000000038e-05
5.070073000000000496e-01 1.061770000000000000e-05
5.087696999999999914e-01 1.085743000000000084e-05
5.105682000000000276e-01 1.108545999999999974e-05
5.122965999999999909e-01 1.133103000000000085e-05
5.140584999999999738e-01 1.155905999999999975e-05
5.158188000000000217e-01 1.182800999999999994e-05
5.175475999999999965e-01 1.209697999999999984e-05
5.193202000000000096e-01 1.235424000000000049e-05
5.210462999999999623e-01 1.259396000000000063e-05
5.228072000000000275e-01 1.292723999999999992e-05
5.245691999999999577e-01 1.316696000000000005e-05
5.262985000000000024e-01 1.349439000000000007e-05
5.280612999999999557e-01 1.379257999999999933e-05
5.297903000000000473e-01 1.410245999999999982e-05
5.316191000000000111e-01 1.442988999999999984e-05
5.333457000000000336e-01 1.470468999999999931e-05
5.351076999999999639e-01 1.508473999999999917e-05
5.368431999999999649e-01 1.540048000000000133e-05
5.386056000000000177e-01 1.576882999999999925e-05
5.403685999999999767e-01 1.615472000000000107e-05
5.420943999999999763e-01 1.654645999999999878e-05
5.438595000000000512e-01 1.694405999999999986e-05
5.455898000000000136e-01 1.735920000000000144e-05
5.473493000000000386e-01 1.774507999999999918e-05
5.491160000000000485e-01 1.820115000000000106e-05
5.509087000000000289e-01 1.864551000000000031e-05
5.526370000000000449e-01 1.910742000000000077e-05
5.544052000000000424e-01 1.956347000000000126e-05
5.561665000000000081e-01 2.006630999999999863e-05
5.578950999999999771e-01 2.060421999999999972e-05
5.596579999999999888e-01 2.109535999999999855e-05
5.614209000000000005e-01 2.166836999999999867e-05
5.631507000000000041e-01 2.221797000000000100e-05
5.649125000000000396e-01 2.281436000000000022e-05
5.666404999999999914e-01 2.341073000000000142e-05
5.684040999999999677e-01 2.405390000000000021e-05
5.702017999999999809e-01 2.470876000000000024e-05
5.719661999999999802e-01 2.540452999999999917e-05
5.736938000000000315e-01 2.609445999999999953e-05
5.754576999999999609e-01 2.681362999999999894e-05
5.772175000000000500e-01 2.758543000000000060e-05
5.789501999999999704e-01 2.839814999999999847e-05
5.807117000000000528e-01 2.922255000000000027e-05
5.824407000000000334e-01 3.006451000000000059e-05
5.842024999999999579e-01 3.101173000000000200e-05
5.859644000000000519e-01 3.196475999999999989e-05
5.876989000000000241e-01 3.291196000000000328e-05
5.894603000000000481e-01 3.392930000000000056e-05
5.912553999999999865e-01 3.498760999999999755e-05
5.930180000000000451e-01 3.608099000000000164e-05
5.947476999999999903e-01 3.726790000000000278e-05
5.965165000000000051e-01 3.845481999999999785e-05
5.982439999999999980e-01 3.970019000000000250e-05
6.000098000000000376e-01 4.100992999999999718e-05
6.017690999999999457e-01 4.245410999999999797e-05
6.034969999999999501e-01 4.390414000000000144e-05
6.052669999999999995e-01 4.545942000000000190e-05
6.069946000000000508e-01 4.703224000000000288e-05
6.087565000000000337e-01 4.875707999999999973e-05
6.105511000000000132e-01 5.056961999999999915e-05
6.123153999999999542e-01 5.238215999999999858e-05
6.140480999999999856e-01 5.435844000000000060e-05
6.158052000000000525e-01 5.639315999999999795e-05
6.175671999999999828e-01 5.856234000000000282e-05
6.192988000000000381e-01 6.079585000000000170e-05
6.210584000000000104e-01 6.313461999999999828e-05
6.227924000000000238e-01 6.564880999999999462e-05
6.245560000000000000e-01 6.837345999999999572e-05
6.263151999999999608e-01 7.120922000000000395e-05
6.280436999999999825e-01 7.404494999999999653e-05
6.298116000000000270e-01 7.714382999999999354e-05
6.316081000000000056e-01 8.053500000000000057e-05
6.333666999999999492e-01 8.398467999999999429e-05
6.350951999999999709e-01 8.770917999999999564e-05
6.368578999999999768e-01 9.151545999999999878e-05
6.385933999999999777e-01 9.562002999999999800e-05
6.403548999999999491e-01 9.990578000000000013e-05
6.421177000000000135e-01 1.046300999999999996e-04
6.438473000000000113e-01 1.093777999999999949e-04
6.456062000000000189e-01 1.145405999999999990e-04
6.473708000000000240e-01 1.200132999999999983e-04
6.491023999999999683e-01 1.257374000000000068e-04
6.508969999999999478e-01 1.320111000000000006e-04
6.526551999999999909e-01 1.386123000000000010e-04
6.544206999999999663e-01 1.454824000000000015e-04
6.561540000000000150e-01 1.527502000000000135e-04
6.579140999999999462e-01 1.605148000000000035e-04
6.596457000000000015e-01 1.686011000000000009e-04
6.614084999999999548e-01 1.774182000000000016e-04
6.631687000000000554e-01 1.866739000000000018e-04
6.648988999999999594e-01 1.966194999999999900e-04
6.666608000000000533e-01 2.068631999999999882e-04
6.683896999999999755e-01 2.178260999999999913e-04
6.702173000000000158e-01 2.301105000000000121e-04
6.719462999999999964e-01 2.425293000000000023e-04
6.737138999999999767e-01 2.561115999999999892e-04
6.754423999999999984e-01 2.700798999999999821e-04
6.772023999999999821e-01 2.852878000000000098e-04
6.789701000000000208e-01 3.015480999999999869e-04
6.806986000000000425e-01 3.184222000000000224e-04
6.824594999999999967e-01 3.368223000000000159e-04
6.841888000000000414e-01 3.559009000000000131e-04
6.859496000000000482e-01 3.765929999999999907e-04
6.877113000000000254e-01 3.986358999999999758e-04
6.894432999999999812e-01 4.215614999999999922e-04
6.912407999999999886e-01 4.472998000000000165e-04
6.930037000000000003e-01 4.739147999999999777e-04
6.947640999999999956e-01 5.023073000000000078e-04
6.964943000000000106e-01 5.319863000000000196e-04
6.982618999999999909e-01 5.642960000000000467e-04
6.999916000000000471e-01 5.979158999999999516e-04
7.017499000000000375e-01 6.345409000000000422e-04
7.035116999999999621e-01 6.734401000000000102e-04
7.052408999999999484e-01 7.142166000000000356e-04
7.070064999999999822e-01 7.584309000000000233e-04
7.087729000000000390e-01 8.051710999999999591e-04
7.105679000000000300e-01 8.559457000000000133e-04
7.122929999999999540e-01 9.081701999999999874e-04
7.140575999999999590e-01 9.648909000000000218e-04
7.157862999999999865e-01 1.023809999999999998e-03
7.175492999999999455e-01 1.087943999999999977e-03
7.193127000000000271e-01 1.156546999999999957e-03
7.210395000000000554e-01 1.227667999999999902e-03
7.228008999999999684e-01 1.304812000000000029e-03
7.245667999999999553e-01 1.387322999999999985e-03
7.262960000000000527e-01 1.473149999999999894e-03
7.280594000000000232e-01 1.566249999999999934e-03
7.297900000000000498e-01 1.663198000000000064e-03
7.316198000000000423e-01 1.772658000000000090e-03
7.333534000000000441e-01 1.882533999999999944e-03
7.351176000000000377e-01 2.001787000000000098e-03
7.368445999999999607e-01 2.124758999999999936e-03
7.386053000000000202e-01 2.258962000000000209e-03
7.403691000000000022e-01 2.401543999999999814e-03
7.421022999999999925e-01 2.549131000000000053e-03
7.438647999999999927e-01 2.708869000000000034e-03
7.455895999999999635e-01 2.874710999999999846e-03
7.473558999999999619e-01 3.054631999999999833e-03
7.491200999999999555e-01 3.244995000000000084e-03
7.509122000000000297e-01 3.450155999999999796e-03
7.526426999999999978e-01 3.659335000000000105e-03
7.544043999999999750e-01 3.884020000000000181e-03
7.561641000000000057e-01 4.122469000000000133e-03
7.578991999999999951e-01 4.369780000000000192e-03
7.596625999999999657e-01 4.635432999999999568e-03
7.613914999999999988e-01 4.910012000000000057e-03
7.631520999999999999e-01 5.204857999999999707e-03
7.649164999999999992e-01 5.516535000000000362e-03
7.666471000000000258e-01 5.838196999999999831e-03
7.684081000000000383e-01 6.182411999999999977e-03
7.702035000000000409e-01 6.551463999999999899e-03
7.719641999999999893e-01 6.931948999999999750e-03
7.736975000000000380e-01 7.325072000000000180e-03
7.754583999999999921e-01 7.744004999999999986e-03
7.771860999999999908e-01 8.174953000000000428e-03
7.789546999999999999e-01 8.636661000000000338e-03
7.807108999999999854e-01 9.116268999999999761e-03
7.824419000000000235e-01 9.610100999999999366e-03
7.842078999999999578e-01 1.013582000000000025e-02
7.859656999999999893e-01 1.068289000000000044e-02
7.876929999999999765e-01 1.124267999999999969e-02
7.894573999999999758e-01 1.183774999999999931e-02
7.912561000000000178e-01 1.246978999999999969e-02
7.929859000000000213e-01 1.310157999999999982e-02
7.947475999999999985e-01 1.376958000000000001e-02
7.965086999999999584e-01 1.446362999999999989e-02
7.982388000000000261e-01 1.517009000000000066e-02
8.000026999999999555e-01 1.591599999999999959e-02
8.017657000000000256e-01 1.668775000000000119e-02
8.034966999999999526e-01 1.747136999999999996e-02
8.052523999999999793e-01 1.829186000000000006e-02
8.069809999999999484e-01 1.912499000000000143e-02
8.087237999999999927e-01 1.999661999999999967e-02
