-6.821869999999999878e-01 4.007584000000000160e-07
1.024285999999999947e-01 2.286094000000000009e-07
-6.807809000000000221e-01 4.282523000000000184e-07
1.099514999999999937e-01 2.917379999999999883e-07
-6.812293999999999849e-01 5.242616999999999835e-07
1.174710000000000060e-01 3.082193999999999839e-07
-6.772612000000000076e-01 5.122594999999999953e-07
1.249943000000000026e-01 3.638856999999999773e-07
-1.042626999999999970e+00 3.081229000000000201e-07
-1.040758000000000072e+00 3.250592999999999758e-07
-1.036399000000000070e+00 3.264957999999999768e-07
-1.031794000000000100e+00 3.250909999999999826e-07
-1.027603999999999962e+00 3.237971999999999820e-07
-1.023574999999999902e+00 3.278671999999999913e-07
-1.019244000000000039e+00 3.238137000000000139e-07
-1.016134000000000093e+00 3.227756000000000094e-07
-1.011791000000000107e+00 3.233166000000000140e-07
-1.007630000000000026e+00 3.183115999999999768e-07
-1.003660999999999914e+00 3.207544999999999755e-07
-6.522839999999999749e-01 4.773656999999999585e-07
1.739056999999999964e-01 4.714193000000000237e-07
-6.471086000000000338e-01 6.455848999999999749e-07
1.813953000000000093e-01 2.483393000000000141e-07
-6.370327999999999546e-01 5.440444999999999586e-07
1.889500000000000068e-01 2.965723999999999856e-07
-6.344743000000000466e-01 5.321957000000000332e-07
-6.394383999999999624e-01 5.118531000000000427e-07
-6.348624000000000489e-01 5.283297000000000434e-07
2.039412999999999920e-01 4.916642000000000385e-07
-6.305492999999999792e-01 6.262183000000000323e-07
2.115140000000000076e-01 4.943801000000000026e-07
-6.263821000000000527e-01 5.599882000000000089e-07
-6.251252999999999949e-01 6.042863999999999840e-07
-6.238582999999999767e-01 6.346913000000000315e-07
-9.750446999999999864e-01 3.285541000000000105e-07
-1.040583000000000036e+00 3.493994999999999782e-07
-1.037584000000000062e+00 3.568714999999999805e-07
-1.038599999999999968e+00 3.563168999999999817e-07
-1.037293000000000021e+00 3.657647000000000168e-07
-1.033169000000000004e+00 3.705794000000000209e-07
-6.087166000000000521e-01 6.975576999999999756e-07
-1.008189000000000002e+00 3.970011999999999802e-07
-9.999576999999999494e-01 4.152254999999999749e-07
-9.925618000000000496e-01 4.211389000000000045e-07
-9.855300999999999645e-01 4.299262000000000186e-07
-5.971627000000000463e-01 9.344468000000000451e-07
-5.958463000000000509e-01 8.908381000000000445e-07
-5.940322000000000102e-01 1.124298999999999948e-06
-5.906314999999999760e-01 1.055878999999999975e-06
2.829658999999999924e-01 9.956202999999999940e-07
-5.875861999999999474e-01 1.067360999999999918e-06
2.904752999999999918e-01 1.215779999999999945e-06
-5.825112000000000068e-01 1.250392999999999939e-06
2.981535000000000157e-01 1.192041000000000053e-06
3.017752000000000212e-01 1.557596000000000020e-06
-5.770543999999999674e-01 1.531184000000000035e-06
3.094173000000000062e-01 1.742135999999999950e-06
3.131605000000000083e-01 1.873935000000000084e-06
-5.725968000000000169e-01 1.876093999999999965e-06
3.206744999999999735e-01 2.298726999999999802e-06
3.243334999999999968e-01 2.341743999999999902e-06
-5.658841999999999484e-01 2.157534000000000187e-06
3.320243999999999973e-01 2.949653000000000082e-06
-5.617275999999999936e-01 2.591385999999999909e-06
3.396283999999999970e-01 3.291790999999999939e-06
3.431991999999999821e-01 3.777637999999999829e-06
-5.553903000000000034e-01 3.193239000000000209e-06
3.509084000000000092e-01 4.445080000000000308e-06
3.545749000000000262e-01 4.745539999999999969e-06
-5.509775000000000089e-01 4.051815000000000101e-06
3.621636999999999773e-01 5.736914000000000042e-06
3.658611999999999975e-01 6.238969000000000100e-06
-5.454963999999999924e-01 4.970172000000000362e-06
3.735775000000000068e-01 7.311013999999999930e-06
-5.453388000000000124e-01 5.662173000000000074e-06
3.811906999999999934e-01 8.411671000000000122e-06
3.848130000000000162e-01 9.143736999999999763e-06
-5.456507000000000440e-01 6.596811999999999580e-06
3.925591999999999970e-01 1.069447000000000029e-05
3.963611000000000217e-01 1.139777999999999983e-05
4.002249999999999974e-01 1.220022999999999923e-05
4.039814999999999934e-01 1.314437000000000033e-05
4.078064000000000133e-01 1.418534999999999963e-05
4.115874999999999950e-01 1.504899999999999940e-05
4.154049000000000214e-01 1.610434000000000038e-05
4.192355999999999860e-01 1.719807999999999916e-05
4.230278000000000094e-01 1.829115999999999921e-05
4.268504000000000187e-01 1.962169999999999884e-05
4.306341000000000196e-01 2.077323999999999900e-05
4.344240999999999797e-01 2.201679000000000168e-05
4.381959000000000271e-01 2.331388999999999982e-05
4.419906000000000112e-01 2.464108999999999958e-05
4.457752999999999854e-01 2.604779000000000087e-05
4.495550999999999853e-01 2.762415999999999947e-05
4.533361000000000196e-01 2.903290000000000116e-05
4.570812000000000208e-01 3.051902999999999908e-05
4.608475000000000210e-01 3.210533000000000115e-05
4.646157000000000203e-01 3.371781999999999899e-05
4.683318000000000203e-01 3.541615999999999872e-05
4.722006999999999732e-01 3.720251000000000238e-05
4.759044000000000052e-01 3.890843999999999775e-05
4.796669000000000072e-01 4.071157000000000297e-05
4.834223999999999744e-01 4.255142000000000196e-05
4.871995000000000076e-01 4.451058999999999967e-05
4.909413999999999723e-01 4.653600999999999696e-05
4.947558000000000233e-01 4.857084000000000201e-05
4.984678000000000164e-01 5.067959000000000109e-05
5.022252000000000383e-01 5.292368000000000148e-05
5.059856999999999827e-01 5.522776999999999792e-05
5.097433000000000103e-01 5.758312000000000239e-05
5.135045999999999777e-01 6.036178000000000062e-05
5.172814999999999497e-01 6.309560000000000624e-05
5.210074999999999568e-01 6.606364999999999894e-05
5.247610000000000330e-01 6.932018000000000619e-05
5.285168999999999562e-01 7.304566999999999549e-05
5.322196999999999623e-01 7.732725000000000406e-05
5.357439999999999980e-01 8.177282000000000561e-05
5.388636999999999455e-01 8.665979999999999994e-05
5.435697999999999919e-01 9.452187000000000512e-05
5.473215999999999637e-01 1.016748000000000044e-04
5.511179000000000494e-01 1.098053000000000039e-04
5.548773000000000177e-01 1.190155000000000059e-04
5.586311999999999944e-01 1.293661999999999948e-04
5.623947000000000251e-01 1.410383999999999878e-04
5.661184000000000216e-01 1.539895000000000001e-04
5.698720999999999925e-01 1.681743999999999936e-04
5.736626000000000225e-01 1.841613000000000082e-04
5.774213000000000262e-01 2.015871999999999933e-04
5.811771000000000020e-01 2.206653000000000097e-04
5.849400000000000155e-01 2.416591000000000052e-04
5.886605000000000310e-01 2.645748999999999866e-04
5.924825999999999704e-01 2.898595999999999920e-04
5.962159000000000209e-01 3.170906000000000028e-04
5.999727000000000254e-01 3.469301999999999738e-04
6.037249999999999561e-01 3.795294000000000055e-04
6.074521999999999977e-01 4.146439000000000027e-04
6.112786999999999527e-01 4.542602999999999984e-04
6.150029999999999664e-01 4.961094000000000311e-04
6.187550000000000550e-01 5.420644000000000070e-04
6.225173000000000512e-01 5.923172000000000419e-04
6.262638000000000371e-01 6.469245999999999894e-04
6.300578000000000012e-01 7.071284000000000380e-04
6.338181999999999983e-01 7.721416999999999734e-04
6.375368000000000146e-01 8.421551999999999901e-04
6.412929000000000546e-01 9.192007999999999559e-04
6.450485000000000246e-01 1.003219000000000072e-03
6.488374000000000086e-01 1.095929000000000044e-03
6.526260000000000394e-01 1.196791999999999908e-03
6.563902999999999821e-01 1.305869999999999991e-03
6.601116000000000206e-01 1.423798999999999898e-03
6.638713000000000530e-01 1.553291000000000047e-03
6.676301000000000041e-01 1.694451999999999937e-03
6.714196000000000053e-01 1.849720999999999917e-03
6.751764999999999572e-01 2.017839999999999911e-03
6.789374999999999716e-01 2.200834000000000037e-03
6.826621999999999968e-01 2.398480000000000143e-03
6.864141999999999744e-01 2.615276000000000146e-03
6.902078000000000380e-01 2.854320999999999942e-03
6.939657999999999660e-01 3.112507999999999941e-03
6.977208999999999772e-01 3.393793999999999891e-03
7.014791000000000221e-01 3.700109999999999944e-03
7.052024000000000070e-01 4.030343999999999940e-03
7.089613999999999638e-01 4.393405000000000400e-03
7.127493000000000301e-01 4.792036000000000386e-03
7.165057999999999705e-01 5.222715999999999643e-03
7.202574000000000476e-01 5.690045000000000346e-03
7.240227999999999664e-01 6.200180999999999922e-03
7.277470999999999801e-01 6.748884999999999607e-03
7.315663999999999501e-01 7.360058000000000052e-03
7.352956999999999965e-01 8.008932999999999330e-03
7.390497000000000316e-01 8.718109999999999402e-03
7.428063999999999778e-01 9.486942999999999418e-03
7.465233000000000008e-01 1.031197000000000016e-02
7.503860999999999448e-01 1.125048000000000020e-02
7.541084000000000120e-01 1.221925999999999915e-02
7.578694999999999737e-01 1.327766000000000016e-02
7.616292999999999536e-01 1.442109999999999920e-02
7.653820999999999541e-01 1.565344999999999931e-02
7.691073000000000492e-01 1.696902999999999953e-02
7.729291000000000356e-01 1.842233999999999886e-02
7.766604000000000285e-01 1.994771000000000044e-02
7.804128000000000176e-01 2.159234999999999974e-02
7.841755999999999727e-01 2.335765999999999884e-02
7.879258000000000095e-01 2.524289000000000047e-02
7.917243999999999948e-01 2.727716999999999989e-02
7.954833999999999516e-01 2.942451000000000094e-02
7.992070000000000007e-01 3.168577999999999673e-02
8.029604999999999659e-01 3.410479000000000288e-02
8.067178000000000404e-01 3.666790000000000327e-02
8.105120999999999576e-01 3.940810000000000146e-02
8.142652999999999697e-01 4.226710000000000189e-02
8.180239999999999734e-01 4.528241000000000210e-02
8.217461999999999822e-01 4.841937999999999798e-02
8.255031999999999925e-01 5.174161000000000038e-02
8.292646000000000184e-01 5.522562000000000304e-02
8.330513999999999974e-01 5.888415999999999789e-02
8.368069000000000202e-01 6.267148999999999637e-02
8.405662000000000411e-01 6.661677000000000570e-02
8.442918999999999841e-01 7.068278000000000061e-02
8.480457999999999608e-01 7.492498000000000213e-02
8.518373000000000195e-01 7.937586000000000641e-02
8.555958000000000174e-01 8.392784999999999829e-02
8.593480000000000008e-01 8.862306999999999824e-02
8.631060999999999872e-01 9.346959999999999991e-02
8.668280000000000429e-01 9.841013999999999318e-02
8.706568999999999559e-01 1.036245999999999973e-01
8.744281999999999888e-01 1.090576000000000045e-01
8.781902000000000319e-01 1.144461999999999979e-01
8.819460000000000077e-01 1.199583000000000038e-01
8.856737999999999555e-01 1.255674999999999986e-01
8.894338999999999995e-01 1.313419000000000114e-01
8.932191999999999910e-01 1.372848000000000124e-01
8.969791000000000292e-01 1.433020000000000127e-01
9.007393000000000205e-01 1.494439999999999935e-01
9.044988999999999946e-01 1.556865000000000054e-01
9.082189999999999985e-01 1.619759000000000060e-01
9.120544000000000429e-01 1.685721000000000025e-01
9.157752999999999588e-01 1.750639999999999974e-01
9.195345999999999798e-01 1.817327999999999999e-01
9.232884999999999565e-01 1.884840000000000126e-01
9.270437999999999734e-01 1.953271000000000035e-01
9.308372000000000313e-01 2.023359000000000130e-01
9.345961999999999881e-01 2.093679999999999986e-01
9.383232999999999713e-01 2.164231000000000071e-01
9.420770000000000532e-01 2.236245000000000038e-01
9.458419999999999606e-01 2.309135999999999966e-01
9.495940999999999965e-01 2.382554000000000061e-01
9.533892999999999951e-01 2.457554000000000127e-01
9.571473999999999815e-01 2.532705000000000095e-01
9.608708999999999723e-01 2.607780000000000098e-01
9.646274999999999711e-01 2.684182999999999986e-01
9.683905000000000429e-01 2.761452999999999824e-01
9.721842000000000539e-01 2.839876000000000067e-01
9.759358999999999673e-01 2.918182000000000276e-01
9.795641999999999960e-01 2.994966000000000017e-01
