1.000052000000000024e-01 1.281091000000000030e-05
1.030003000000000030e-01 1.829831000000000133e-05
1.060632999999999992e-01 1.964672000000000084e-05
1.090103000000000044e-01 1.471202999999999948e-05
1.120249999999999996e-01 2.231827000000000070e-05
1.150452000000000002e-01 1.312280999999999981e-05
1.180482999999999949e-01 2.538258999999999917e-05
1.211210000000000064e-01 2.697058000000000089e-05
1.240638000000000019e-01 2.867896000000000163e-05
1.270690999999999904e-01 3.043605000000000144e-05
1.300207999999999919e-01 1.758020999999999884e-05
1.331027999999999933e-01 3.424694000000000181e-05
1.361042000000000085e-01 3.399385999999999711e-05
1.391224000000000072e-01 3.823795999999999939e-05
1.421628000000000058e-01 4.047144999999999687e-05
1.451415000000000066e-01 3.782169999999999738e-05
1.481492000000000087e-01 4.506918999999999802e-05
1.510929000000000022e-01 3.119674000000000177e-05
1.541574000000000000e-01 4.997350999999999920e-05
1.572340999999999878e-01 5.256918999999999736e-05
1.601733999999999936e-01 5.528995999999999808e-05
1.631954999999999933e-01 5.809985999999999975e-05
1.661862000000000061e-01 4.512136000000000196e-05
1.692027999999999865e-01 6.405167999999999387e-05
1.721941999999999917e-01 5.393985999999999893e-05
1.752350000000000019e-01 7.057954000000000018e-05
1.782935999999999965e-01 7.403787000000000269e-05
1.812425000000000008e-01 7.671432000000000652e-05
1.842139999999999889e-01 8.145965999999999927e-05
1.872173000000000032e-01 7.212547999999999778e-05
1.891637999999999931e-01 8.956690999999999861e-05
1.932147999999999921e-01 9.077435999999999329e-05
1.936070000000000013e-01 9.688346000000000566e-05
1.993215000000000126e-01 1.039465000000000050e-04
2.023401999999999978e-01 1.090230999999999964e-04
2.053356000000000070e-01 1.033362000000000018e-04
2.083550999999999875e-01 1.196784999999999960e-04
2.113251999999999908e-01 1.173624000000000065e-04
2.143868999999999914e-01 1.313447000000000030e-04
2.173835000000000073e-01 1.375287000000000102e-04
2.203699000000000074e-01 1.426359999999999943e-04
2.234049999999999925e-01 1.506834999999999880e-04
2.263905999999999974e-01 1.498019000000000065e-04
2.294565000000000077e-01 1.650198000000000019e-04
2.324496000000000062e-01 1.715885000000000056e-04
2.354442999999999953e-01 1.799825000000000068e-04
2.384314999999999907e-01 1.880054999999999942e-04
2.414265999999999912e-01 1.907403000000000006e-04
2.444881000000000137e-01 2.049677000000000129e-04
2.474802000000000113e-01 2.076040999999999932e-04
2.504726999999999926e-01 2.225631999999999903e-04
2.534966000000000164e-01 2.319481000000000028e-04
2.564903000000000044e-01 2.414764999999999978e-04
2.595183999999999824e-01 2.513303000000000152e-04
2.625370000000000203e-01 2.566067000000000109e-04
2.655367000000000144e-01 2.717932000000000052e-04
2.685248000000000079e-01 2.804901000000000269e-04
2.715175000000000227e-01 2.931752000000000251e-04
2.745798999999999879e-01 3.045521999999999943e-04
2.775715000000000265e-01 3.127903000000000129e-04
2.805675999999999726e-01 3.275347000000000067e-04
2.835913999999999935e-01 3.357912000000000115e-04
2.865852999999999873e-01 3.517519999999999892e-04
2.896121999999999863e-01 3.643423000000000234e-04
2.926410999999999873e-01 3.770499999999999763e-04
2.956278999999999990e-01 3.901676999999999880e-04
2.986249999999999738e-01 4.000663000000000222e-04
3.016181000000000001e-01 4.169479999999999931e-04
3.046756999999999938e-01 4.290478000000000022e-04
3.076670000000000238e-01 4.451195999999999929e-04
3.106610000000000205e-01 4.594360000000000241e-04
3.136497999999999786e-01 4.728854000000000109e-04
3.166810999999999932e-01 4.891407000000000177e-04
3.197050000000000169e-01 5.017166000000000204e-04
3.227321000000000217e-01 5.200559999999999688e-04
3.257360000000000255e-01 5.358446000000000433e-04
3.287266999999999828e-01 5.518628000000000249e-04
3.317137000000000002e-01 5.681478000000000222e-04
3.347778000000000143e-01 5.825852000000000070e-04
3.377689999999999859e-01 6.018805000000000118e-04
3.407619000000000065e-01 6.172191999999999739e-04
3.437560000000000060e-01 6.364860000000000179e-04
3.467823999999999907e-01 6.543122999999999865e-04
3.498091999999999868e-01 6.721373999999999795e-04
3.528364999999999974e-01 6.909515000000000405e-04
3.558255000000000168e-01 7.073535000000000369e-04
3.588244999999999907e-01 7.283311999999999902e-04
3.618111999999999995e-01 7.471786000000000226e-04
3.648703999999999836e-01 7.672194000000000019e-04
3.678680999999999757e-01 7.869771000000000448e-04
3.708576000000000095e-01 8.052857000000000071e-04
3.738547999999999871e-01 8.271459000000000320e-04
3.768753000000000242e-01 8.461599999999999894e-04
3.798990999999999896e-01 8.689903999999999597e-04
3.828947999999999796e-01 8.901891000000000317e-04
3.859216999999999786e-01 9.118076000000000349e-04
3.889171000000000156e-01 9.336778000000000004e-04
3.918998000000000204e-01 9.538453999999999596e-04
3.949612000000000123e-01 9.783051000000000941e-04
3.979547999999999974e-01 1.000145000000000027e-03
4.009473000000000065e-01 1.023758000000000046e-03
4.034691000000000249e-01 1.043307000000000045e-03
4.069976000000000149e-01 1.070224999999999952e-03
4.100248000000000226e-01 1.094382999999999988e-03
4.130154999999999799e-01 1.117750000000000037e-03
4.160430999999999990e-01 1.142994000000000041e-03
4.190401000000000264e-01 1.166970999999999937e-03
4.220283000000000229e-01 1.192583000000000098e-03
4.250933000000000073e-01 1.218370999999999994e-03
4.280834000000000028e-01 1.243940000000000020e-03
4.310748999999999831e-01 1.269759999999999986e-03
4.340718000000000076e-01 1.295155000000000091e-03
4.370666999999999747e-01 1.322374999999999983e-03
4.401246999999999798e-01 1.349090999999999962e-03
4.431181000000000147e-01 1.376627000000000059e-03
4.461422999999999917e-01 1.404237999999999927e-03
4.491330000000000044e-01 1.431619000000000077e-03
4.521310000000000051e-01 1.459772999999999930e-03
4.551911000000000151e-01 1.487885999999999896e-03
4.581797000000000231e-01 1.517221999999999928e-03
4.611832000000000154e-01 1.545857999999999998e-03
4.641719000000000261e-01 1.574955999999999969e-03
4.671667999999999932e-01 1.604322999999999947e-03
4.702296000000000253e-01 1.634005999999999913e-03
4.732196000000000180e-01 1.664701999999999892e-03
4.762148999999999965e-01 1.694348999999999942e-03
4.792398999999999964e-01 1.725718999999999908e-03
4.822317999999999882e-01 1.756540999999999918e-03
4.852973999999999899e-01 1.788335999999999962e-03
4.882893999999999846e-01 1.819742000000000061e-03
4.912802000000000002e-01 1.850862999999999901e-03
4.942775999999999836e-01 1.883432999999999895e-03
4.972679999999999878e-01 1.915791000000000022e-03
5.003244000000000025e-01 1.949016999999999937e-03
5.033246999999999582e-01 1.981969000000000092e-03
5.063166999999999529e-01 2.014443999999999783e-03
5.093389999999999862e-01 2.048898999999999859e-03
5.123347999999999791e-01 2.082202999999999918e-03
5.153900000000000148e-01 2.117314999999999822e-03
5.183843000000000201e-01 2.151559999999999844e-03
5.213843999999999701e-01 2.186143000000000201e-03
5.243738000000000010e-01 2.220961000000000029e-03
5.273666999999999661e-01 2.255605999999999844e-03
5.304248000000000296e-01 2.292312999999999816e-03
5.334162000000000070e-01 2.327740999999999925e-03
5.364138999999999990e-01 2.364091000000000022e-03
5.394413999999999598e-01 2.400676000000000025e-03
5.424331000000000014e-01 2.436858000000000080e-03
5.454588999999999688e-01 2.474502999999999859e-03
5.484858999999999707e-01 2.511628000000000124e-03
5.514767000000000419e-01 2.549441999999999854e-03
5.544738999999999640e-01 2.587344000000000102e-03
5.575356000000000201e-01 2.625919999999999904e-03
5.605242000000000280e-01 2.664179999999999934e-03
5.635187000000000390e-01 2.702200000000000088e-03
5.665090999999999877e-01 2.741387999999999985e-03
5.695354999999999723e-01 2.780686000000000095e-03
5.725662000000000251e-01 2.820794000000000166e-03
5.755576000000000025e-01 2.860380000000000041e-03
5.785846999999999518e-01 2.900564999999999914e-03
5.815751999999999589e-01 2.940729999999999907e-03
5.845664000000000415e-01 2.980768999999999867e-03
5.876308000000000087e-01 3.022697999999999878e-03
5.906234000000000206e-01 3.063747999999999819e-03
5.936150000000000038e-01 3.104949000000000077e-03
5.966147000000000533e-01 3.146452000000000103e-03
5.996084999999999887e-01 3.187881999999999955e-03
6.026637999999999717e-01 3.231140999999999874e-03
6.056620000000000337e-01 3.273219999999999862e-03
6.086907000000000290e-01 3.316543999999999829e-03
6.116808000000000245e-01 3.359375999999999855e-03
6.146749000000000240e-01 3.402571000000000068e-03
6.177329000000000292e-01 3.446957999999999966e-03
6.207245999999999597e-01 3.490237000000000200e-03
6.237213999999999814e-01 3.534431000000000204e-03
6.267139000000000459e-01 3.578483999999999832e-03
6.297085999999999517e-01 3.623013000000000015e-03
6.327661999999999454e-01 3.668567000000000182e-03
6.357580000000000453e-01 3.713051000000000199e-03
6.387872999999999468e-01 3.759256999999999790e-03
6.417812000000000516e-01 3.804275000000000191e-03
6.447724000000000233e-01 3.850363999999999783e-03
6.478315999999999519e-01 3.897354000000000009e-03
6.508237000000000050e-01 3.943384000000000299e-03
6.538152999999999881e-01 3.989959000000000387e-03
6.568121000000000098e-01 4.036617000000000156e-03
6.598057999999999979e-01 4.083841999999999854e-03
6.628652000000000433e-01 4.131980000000000375e-03
6.658583000000000141e-01 4.179536000000000188e-03
6.688484000000000096e-01 4.227395000000000111e-03
6.718768999999999991e-01 4.275282000000000041e-03
6.748720000000000274e-01 4.324001000000000060e-03
6.779302000000000383e-01 4.373250000000000401e-03
6.809266999999999959e-01 4.422284000000000284e-03
6.839159999999999684e-01 4.471234000000000146e-03
6.869104999999999794e-01 4.520531999999999849e-03
6.899045999999999790e-01 4.570185000000000046e-03
6.929638000000000186e-01 4.620565000000000089e-03
6.959583000000000297e-01 4.670821999999999821e-03
6.989511000000000474e-01 4.721277000000000286e-03
7.019762000000000501e-01 4.771982000000000133e-03
7.049676999999999749e-01 4.822708999999999677e-03
7.079952000000000467e-01 4.874090000000000193e-03
7.110208000000000084e-01 4.925920999999999772e-03
7.140172000000000185e-01 4.977195999999999704e-03
7.170085000000000486e-01 5.029266999999999592e-03
7.199969000000000507e-01 5.081091999999999727e-03
7.230604999999999949e-01 5.134216999999999947e-03
7.260533999999999599e-01 5.186727000000000351e-03
7.290446999999999900e-01 5.239091000000000407e-03
7.320786999999999711e-01 5.293059999999999606e-03
7.350752999999999870e-01 5.346245000000000337e-03
7.380965000000000442e-01 5.399924000000000390e-03
7.411278000000000032e-01 5.454373000000000207e-03
7.441210999999999798e-01 5.508185999999999985e-03
7.471115999999999868e-01 5.562072000000000370e-03
7.501075999999999855e-01 5.616226000000000204e-03
7.531678000000000539e-01 5.671856000000000293e-03
7.561550999999999689e-01 5.726489000000000405e-03
7.591516000000000375e-01 5.781755000000000401e-03
7.621438999999999853e-01 5.836693999999999910e-03
7.651689000000000407e-01 5.891989000000000254e-03
7.681995999999999825e-01 5.949157000000000056e-03
7.712215999999999516e-01 6.005349000000000104e-03
7.742151000000000449e-01 6.061437999999999722e-03
7.772092999999999918e-01 6.118123999999999958e-03
7.802019000000000037e-01 6.174123000000000111e-03
7.832675000000000054e-01 6.233009000000000292e-03
7.862542000000000142e-01 6.289585999999999788e-03
7.892462999999999562e-01 6.346840000000000294e-03
7.922447000000000239e-01 6.404438999999999618e-03
7.952694999999999625e-01 6.462650999999999812e-03
7.982939000000000007e-01 6.521472999999999853e-03
8.013272000000000173e-01 6.579815999999999616e-03
8.043162000000000367e-01 6.638462000000000356e-03
8.073078000000000198e-01 6.697083999999999850e-03
8.103038000000000185e-01 6.756319999999999687e-03
8.133610000000000007e-01 6.816637999999999864e-03
8.163553000000000059e-01 6.875957000000000249e-03
8.193508000000000457e-01 6.935412999999999648e-03
8.223401000000000183e-01 6.994690999999999929e-03
8.253639000000000392e-01 7.055401999999999681e-03
8.283951999999999982e-01 7.116283999999999631e-03
8.313869000000000398e-01 7.176415999999999698e-03
8.344160000000000466e-01 7.237798999999999622e-03
8.374063999999999952e-01 7.298365000000000234e-03
8.403968000000000549e-01 7.359201999999999584e-03
8.434595999999999760e-01 7.421986000000000208e-03
8.464519999999999822e-01 7.483385000000000384e-03
8.494437000000000237e-01 7.545450000000000421e-03
8.524386000000000463e-01 7.607296999999999844e-03
8.554667999999999717e-01 7.670141999999999585e-03
8.584876000000000174e-01 7.733071999999999689e-03
8.614844999999999864e-01 7.795787999999999676e-03
8.645114999999999883e-01 7.859451999999999411e-03
8.675032000000000298e-01 7.921858000000000372e-03
8.705074999999999896e-01 7.985307999999999989e-03
8.735619000000000023e-01 8.049897999999999776e-03
8.765555999999999903e-01 8.113365000000000854e-03
8.795519000000000531e-01 8.177458999999999770e-03
8.825391000000000208e-01 8.241201000000000082e-03
8.855387999999999593e-01 8.306064999999999629e-03
8.885963999999999530e-01 8.371836000000000555e-03
8.915847999999999551e-01 8.436331999999999512e-03
8.946132999999999447e-01 8.501052999999999735e-03
8.976079999999999615e-01 8.567030999999999258e-03
9.005971999999999866e-01 8.632304000000000366e-03
9.036587000000000369e-01 8.699327999999999228e-03
9.066570000000000462e-01 8.765092000000000369e-03
9.096406999999999687e-01 8.830678999999999265e-03
9.126408000000000298e-01 8.896835999999999980e-03
9.156286000000000147e-01 8.962730000000000349e-03
9.186902000000000124e-01 9.031476999999999561e-03
9.216830000000000300e-01 9.098141000000000561e-03
9.246729000000000198e-01 9.165200000000000083e-03
9.277056999999999665e-01 9.233062000000000213e-03
9.306988999999999956e-01 9.300226999999999453e-03
9.337571999999999539e-01 9.369696000000000274e-03
9.367552000000000101e-01 9.437681999999999322e-03
9.397429000000000476e-01 9.505693000000000822e-03
9.427364000000000299e-01 9.574185000000000681e-03
9.457299000000000122e-01 9.642828000000000857e-03
9.487904000000000337e-01 9.713124999999999537e-03
9.517813999999999997e-01 9.781484999999999486e-03
9.547738999999999532e-01 9.850984999999999603e-03
9.578001000000000431e-01 9.920919999999999739e-03
9.607894000000000156e-01 9.989925000000000194e-03
9.638533999999999713e-01 1.006125000000000075e-02
9.668446000000000540e-01 1.013087000000000015e-02
9.698375000000000190e-01 1.020072999999999987e-02
9.728316000000000185e-01 1.027127000000000075e-02
9.758242000000000305e-01 1.034132999999999927e-02
9.788848999999999467e-01 1.041431999999999948e-02
9.817371000000000292e-01 1.048173999999999981e-02
9.849069999999999769e-01 1.055851000000000012e-02
9.879335000000000200e-01 1.062961999999999935e-02
9.909265999999999908e-01 1.070174999999999946e-02
9.939552999999999860e-01 1.077401000000000053e-02
9.969808000000000003e-01 1.084717999999999967e-02
9.999765999999999933e-01 1.091935999999999948e-02
