-1.181640000000000024e+00 3.423075999999999754e-07
-1.183108000000000049e+00 3.715195000000000201e-07
-1.181573999999999902e+00 3.751339000000000105e-07
-1.180393999999999943e+00 3.855677999999999911e-07
-1.180730999999999975e+00 3.813165999999999775e-07
-5.889718999999999927e-01 7.172303000000000005e-07
1.225538999999999934e-01 4.351321000000000004e-07
-5.825394000000000405e-01 6.511177999999999834e-07
1.300968999999999876e-01 2.506044000000000070e-07
-5.775818000000000341e-01 6.031902000000000274e-07
-5.778712000000000293e-01 7.916030000000000508e-07
-5.757529000000000119e-01 7.186973000000000493e-07
1.450974999999999904e-01 2.603083999999999991e-07
-5.704124999999999890e-01 6.059801000000000225e-07
-5.702283000000000213e-01 7.293607999999999516e-07
1.563663000000000136e-01 3.676255999999999908e-07
-1.167253000000000096e+00 3.100128999999999927e-07
-1.168145999999999907e+00 3.322336999999999795e-07
-1.167729999999999935e+00 3.390726999999999787e-07
-1.166388999999999898e+00 3.401820000000000216e-07
-1.166044000000000080e+00 3.379999999999999826e-07
-1.164139999999999953e+00 3.438580000000000076e-07
-1.164663999999999922e+00 3.501373999999999758e-07
-5.519876000000000227e-01 7.160379999999999959e-07
1.902379999999999904e-01 4.427231000000000053e-07
-5.451675999999999744e-01 6.057630999999999618e-07
1.977238000000000051e-01 2.929667999999999946e-07
-5.394415000000000182e-01 6.581104999999999690e-07
-5.405138000000000442e-01 7.763729999999999866e-07
-5.457149999999999501e-01 7.187120999999999496e-07
2.127893999999999897e-01 2.787739000000000132e-07
-5.320656000000000274e-01 6.602340000000000343e-07
-5.314484999999999904e-01 7.102776999999999995e-07
2.240420999999999940e-01 4.151679999999999758e-07
-1.152706999999999926e+00 3.609145999999999779e-07
-1.151937999999999906e+00 3.944888000000000219e-07
-1.152230000000000087e+00 3.961095999999999962e-07
-1.149631999999999987e+00 4.014773000000000186e-07
-1.149759999999999893e+00 3.987505000000000077e-07
-1.148554000000000075e+00 4.001316000000000041e-07
-1.147774999999999990e+00 4.020602000000000257e-07
-1.147521000000000013e+00 4.027759000000000141e-07
-5.205629000000000506e-01 7.561180000000000212e-07
2.616445000000000021e-01 4.607669999999999860e-07
-5.051862999999999770e-01 6.831694999999999818e-07
2.691297999999999746e-01 3.290438000000000072e-07
-5.020700999999999636e-01 6.818292999999999603e-07
-5.118783999999999557e-01 8.048481000000000004e-07
-5.009040999999999633e-01 7.458822999999999847e-07
2.841960000000000042e-01 4.909326000000000242e-07
-4.959625999999999757e-01 6.925216000000000434e-07
-5.059824000000000543e-01 7.538278999999999735e-07
2.954709999999999837e-01 5.654451999999999763e-07
-1.136412999999999895e+00 3.999883999999999899e-07
-1.136676000000000020e+00 4.229336000000000252e-07
-1.135788000000000020e+00 4.268439999999999806e-07
-1.135906000000000082e+00 4.344369999999999878e-07
-1.135334999999999983e+00 4.417399999999999838e-07
-1.135904000000000025e+00 4.321372000000000111e-07
-1.135019000000000000e+00 4.435670000000000173e-07
-1.135277000000000092e+00 4.389708000000000095e-07
-1.133788000000000018e+00 4.436416999999999934e-07
-4.753214000000000050e-01 8.533924000000000178e-07
3.368147000000000224e-01 7.466421999999999544e-07
-4.674927999999999861e-01 8.263798000000000344e-07
3.443376000000000214e-01 6.888517000000000034e-07
-4.704496000000000233e-01 8.733140000000000338e-07
3.518886999999999987e-01 8.552999999999999891e-07
-4.603535000000000266e-01 1.022213000000000076e-06
3.593731000000000009e-01 8.514371000000000214e-07
3.631271999999999833e-01 1.072369000000000091e-06
3.668486000000000247e-01 1.614556000000000022e-06
-4.524580000000000268e-01 1.275118999999999971e-06
3.744083000000000272e-01 1.727375999999999943e-06
3.781716999999999995e-01 1.798088000000000080e-06
-4.480040000000000133e-01 1.434342000000000073e-06
3.856663000000000174e-01 1.911457999999999936e-06
3.894170000000000131e-01 2.197210000000000178e-06
-4.415012999999999854e-01 1.661553999999999898e-06
3.969653000000000209e-01 2.429351000000000112e-06
4.007266999999999912e-01 2.743038000000000028e-06
4.044510000000000050e-01 2.979665999999999942e-06
-4.360205999999999804e-01 2.160605000000000043e-06
4.120025999999999966e-01 3.448619000000000210e-06
4.157620000000000204e-01 3.889205999999999707e-06
-4.322773999999999783e-01 2.680849999999999921e-06
4.232837999999999878e-01 4.550088000000000370e-06
4.270004000000000022e-01 5.109571000000000008e-06
4.308258999999999839e-01 5.706620999999999653e-06
-4.235968999999999984e-01 3.673040000000000073e-06
4.383231000000000210e-01 6.723420999999999811e-06
4.421012999999999749e-01 7.465925000000000012e-06
4.458290999999999782e-01 8.142082000000000288e-06
-4.179747999999999797e-01 5.280828000000000255e-06
4.534348999999999741e-01 1.014168000000000011e-05
4.571298999999999779e-01 1.101316999999999945e-05
4.609596000000000249e-01 1.609796000000000130e-05
4.646411999999999765e-01 1.332566999999999976e-05
4.683709999999999818e-01 1.471449999999999947e-05
4.721971999999999836e-01 1.638760999999999945e-05
4.758884999999999921e-01 1.807707999999999871e-05
4.796713000000000227e-01 2.789769000000000157e-05
4.834269999999999956e-01 2.225256000000000163e-05
4.871923000000000226e-01 2.452937000000000059e-05
4.909810000000000008e-01 2.720297999999999887e-05
4.947387999999999786e-01 3.005905999999999880e-05
4.984578000000000064e-01 3.362114999999999912e-05
5.022202999999999529e-01 3.677034999999999939e-05
5.060495999999999883e-01 4.779211000000000006e-05
5.097312000000000509e-01 4.485730000000000164e-05
5.135214000000000167e-01 4.957095000000000013e-05
5.172782999999999687e-01 5.469806000000000125e-05
5.210114000000000134e-01 6.035387999999999685e-05
5.247572999999999821e-01 6.787662000000000133e-05
5.285193000000000252e-01 7.348246000000000389e-05
5.314524000000000470e-01 8.093653999999999606e-05
5.355147000000000101e-01 8.835363000000000266e-05
5.398412000000000210e-01 9.894475000000000503e-05
5.435674999999999812e-01 1.090311000000000004e-04
5.473213999999999579e-01 1.202009999999999965e-04
5.511148999999999631e-01 1.324600999999999958e-04
5.548769000000000062e-01 1.467600000000000111e-04
5.586341999999999697e-01 1.604145000000000072e-04
5.623955999999999955e-01 1.763303999999999881e-04
5.661169999999999813e-01 1.935503000000000093e-04
5.698725999999999514e-01 2.125294000000000120e-04
5.736643999999999632e-01 2.339742000000000070e-04
5.774221000000000492e-01 2.557818999999999913e-04
5.811743000000000325e-01 2.802309999999999805e-04
5.849347000000000296e-01 3.068969999999999858e-04
5.886616000000000071e-01 3.356392000000000034e-04
5.924835000000000518e-01 3.678085000000000208e-04
5.962150999999999978e-01 4.018909999999999779e-04
5.999738000000000016e-01 4.392644999999999818e-04
6.037259999999999849e-01 4.799135999999999853e-04
6.074526000000000092e-01 5.238083999999999839e-04
6.112739000000000367e-01 5.728051000000000496e-04
6.149999000000000438e-01 6.248344000000000294e-04
6.187521999999999744e-01 6.818695999999999742e-04
6.225150999999999879e-01 7.439233999999999864e-04
6.262636999999999787e-01 8.113601000000000450e-04
6.300571999999999839e-01 8.856046000000000014e-04
6.338125000000000009e-01 9.656191999999999857e-04
6.375634000000000023e-01 1.053359000000000023e-03
6.413244999999999640e-01 1.148307000000000104e-03
6.450808999999999571e-01 1.251705999999999999e-03
6.488388000000000488e-01 1.364243999999999917e-03
6.526262000000000452e-01 1.487824000000000004e-03
6.563889000000000529e-01 1.621372000000000048e-03
6.601116999999999679e-01 1.765239000000000044e-03
6.638735999999999526e-01 1.923397999999999991e-03
6.676296999999999926e-01 2.095347999999999915e-03
6.714183999999999708e-01 2.284505999999999950e-03
6.751764000000000099e-01 2.488123000000000071e-03
6.789357999999999782e-01 2.710301999999999937e-03
6.826609000000000149e-01 2.949559000000000035e-03
6.864143000000000328e-01 3.211719999999999939e-03
6.902066000000000034e-01 3.500211000000000034e-03
6.939644000000000368e-01 3.811215000000000176e-03
6.977212000000000414e-01 4.149408999999999736e-03
7.014783999999999464e-01 4.517034999999999974e-03
7.051975000000000326e-01 4.912589999999999665e-03
7.089592000000000116e-01 5.346896000000000287e-03
7.127487999999999602e-01 5.822787999999999749e-03
7.165057999999999705e-01 6.335277000000000269e-03
7.202581000000000122e-01 6.890893999999999839e-03
7.240183000000000035e-01 7.494996000000000297e-03
7.277449000000000279e-01 8.144136999999999210e-03
7.315642999999999452e-01 8.865115999999999274e-03
7.352923999999999571e-01 9.628235000000000612e-03
7.390797000000000061e-01 1.047909999999999987e-02
7.428409000000000262e-01 1.137974999999999924e-02
7.465625999999999651e-01 1.234386999999999984e-02
7.503885000000000138e-01 1.341405000000000028e-02
7.541094999999999882e-01 1.453618999999999918e-02
7.578694999999999737e-01 1.575808999999999890e-02
7.616289000000000531e-01 1.707198000000000049e-02
7.653851999999999878e-01 1.848259000000000013e-02
7.691090000000000426e-01 1.998277000000000039e-02
7.729317999999999467e-01 2.163181000000000132e-02
7.766610000000000458e-01 2.335245999999999850e-02
7.804147000000000167e-01 2.520535999999999957e-02
7.841774000000000244e-01 2.718295000000000086e-02
7.879289000000000431e-01 2.928149000000000030e-02
7.917254999999999709e-01 3.153782000000000113e-02
7.954847000000000445e-01 3.390984999999999833e-02
7.992082000000000352e-01 3.639003999999999850e-02
8.029602999999999602e-01 3.903385999999999662e-02
8.067185999999999524e-01 4.182106000000000018e-02
8.105141999999999625e-01 4.478490000000000248e-02
8.142648000000000108e-01 4.786280999999999869e-02
8.180249000000000548e-01 5.109535999999999939e-02
8.217453000000000118e-01 5.444012000000000157e-02
8.255029000000000394e-01 5.797050000000000120e-02
8.292644000000000126e-01 6.165016000000000246e-02
8.330520000000000147e-01 6.550458000000000669e-02
8.368075000000000374e-01 6.947797999999999474e-02
8.405671000000000115e-01 7.360213000000000172e-02
8.442931999999999659e-01 7.783139999999999503e-02
8.480436000000000085e-01 8.223073999999999661e-02
8.518375999999999726e-01 8.682172999999999974e-02
8.555960999999999705e-01 9.151159999999999850e-02
8.593482000000000065e-01 9.632913999999999366e-02
8.631067000000000045e-01 1.012900000000000050e-01
8.668780000000000374e-01 1.065482999999999986e-01
8.707078999999999791e-01 1.118345000000000034e-01
8.744304999999999994e-01 1.171188999999999980e-01
8.781913999999999554e-01 1.225858999999999976e-01
8.819483000000000184e-01 1.281629999999999991e-01
8.856766000000000361e-01 1.338161999999999963e-01
8.894362999999999575e-01 1.396325999999999956e-01
8.932221999999999662e-01 1.455954000000000137e-01
8.969810999999999757e-01 1.516162000000000065e-01
9.007412999999999670e-01 1.577628000000000086e-01
9.045016999999999641e-01 1.639964999999999895e-01
9.082215000000000149e-01 1.702766000000000002e-01
9.120561999999999836e-01 1.768288000000000082e-01
9.157773000000000163e-01 1.832902999999999893e-01
9.195373000000000019e-01 1.899006000000000027e-01
9.232909000000000255e-01 1.965986000000000122e-01
9.270467000000000013e-01 2.033744000000000107e-01
9.308412999999999826e-01 2.103018000000000109e-01
9.346001000000000447e-01 2.172474000000000072e-01
9.383261000000000518e-01 2.242146999999999890e-01
9.420794000000000112e-01 2.312925000000000120e-01
9.458457000000000114e-01 2.384855999999999920e-01
9.495978000000000474e-01 2.457150999999999919e-01
9.533926999999999818e-01 2.530950000000000144e-01
9.571490000000000276e-01 2.604700999999999822e-01
9.608740000000000059e-01 2.678559999999999830e-01
9.646303999999999990e-01 2.753436000000000217e-01
9.683920000000000305e-01 2.829195999999999933e-01
9.721872999999999765e-01 2.906131000000000131e-01
9.759389000000000536e-01 2.982821999999999973e-01
9.765606999999999482e-01 2.998913000000000273e-01
