9.998242999999999714e-02 6.206986000000000071e-06
1.023080999999999990e-01 6.671326000000000270e-06
1.045999999999999985e-01 7.161060999999999910e-06
1.069572000000000023e-01 7.696957999999999431e-06
1.093183999999999961e-01 8.266722000000000165e-06
1.116517000000000065e-01 8.866469000000000778e-06
1.139663000000000065e-01 9.496496999999999754e-06
1.163224999999999953e-01 9.829608000000000095e-06
1.186861000000000027e-01 1.053695000000000082e-05
1.210509000000000029e-01 1.129032000000000069e-05
1.233439999999999953e-01 1.206524000000000038e-05
1.256703999999999877e-01 1.289596000000000045e-05
1.280377000000000043e-01 1.378637999999999928e-05
1.303977000000000053e-01 1.472902999999999948e-05
1.326915999999999929e-01 1.569215999999999919e-05
1.350190000000000001e-01 1.672045000000000015e-05
1.373783000000000087e-01 1.782377000000000164e-05
1.397443999999999908e-01 1.898733999999999971e-05
1.420404000000000111e-01 2.016948999999999991e-05
1.443966999999999890e-01 2.145382999999999988e-05
1.467320000000000013e-01 2.278961000000000016e-05
1.490871000000000002e-01 2.420735999999999857e-05
1.513805000000000012e-01 2.565255999999999957e-05
1.537426000000000070e-01 2.721431999999999934e-05
1.560692999999999941e-01 2.882649999999999921e-05
1.584286000000000028e-01 3.054536999999999856e-05
1.607250000000000068e-01 3.228826999999999842e-05
1.630901999999999907e-01 3.417353999999999672e-05
1.654175999999999980e-01 3.611647999999999747e-05
1.677774999999999961e-01 3.818086999999999686e-05
1.700698999999999961e-01 4.027037999999999847e-05
1.724285000000000123e-01 4.252810999999999761e-05
1.747898999999999980e-01 4.486932000000000225e-05
1.771131999999999984e-01 4.729081999999999931e-05
1.794123999999999997e-01 4.978335999999999900e-05
1.817724000000000006e-01 5.244454999999999918e-05
1.841337999999999864e-01 5.521740999999999824e-05
1.864607000000000070e-01 5.806590000000000254e-05
1.887621999999999911e-01 6.098739999999999820e-05
1.911225000000000007e-01 6.409742999999999593e-05
1.934846000000000066e-01 6.733329999999999448e-05
1.958120000000000138e-01 7.064212000000000052e-05
1.981383999999999923e-01 7.406581000000000568e-05
2.004625999999999908e-01 7.760687999999999582e-05
2.028242000000000100e-01 8.132138000000000235e-05
2.051545999999999925e-01 8.512131999999999565e-05
2.074802000000000035e-01 8.903052000000000220e-05
2.098038000000000125e-01 9.307044000000000536e-05
2.121650999999999954e-01 9.729876000000000150e-05
2.144627000000000061e-01 1.015407999999999952e-04
2.168516000000000055e-01 1.061976999999999946e-04
2.191754999999999953e-01 1.107476000000000033e-04
2.215416000000000052e-01 1.155159000000000031e-04
2.238340000000000052e-01 1.202794000000000058e-04
2.261936999999999975e-01 1.253132000000000117e-04
2.285221000000000058e-01 1.304060000000000115e-04
2.308852999999999878e-01 1.357223000000000067e-04
2.331799999999999984e-01 1.410148999999999973e-04
2.355384000000000089e-01 1.466008999999999943e-04
2.379014999999999880e-01 1.523321000000000115e-04
2.402298999999999962e-01 1.581183000000000003e-04
2.425265000000000060e-01 1.639652000000000069e-04
2.448838999999999877e-01 1.701081000000000121e-04
2.472487999999999908e-01 1.764191000000000131e-04
2.495732999999999979e-01 1.827641999999999873e-04
2.518689000000000067e-01 1.891701999999999934e-04
2.542292999999999914e-01 1.959050999999999956e-04
2.565892000000000173e-01 2.027881000000000041e-04
2.589164999999999939e-01 2.097114999999999928e-04
2.612435000000000174e-01 2.167807999999999964e-04
2.635734000000000132e-01 2.240042999999999993e-04
2.659372999999999876e-01 2.314892999999999996e-04
2.682948000000000000e-01 2.391070000000000131e-04
2.705888000000000182e-01 2.466608999999999816e-04
2.729189000000000198e-01 2.544714999999999911e-04
2.752802999999999778e-01 2.625484000000000086e-04
2.776406000000000152e-01 2.707736000000000192e-04
2.799343000000000248e-01 2.789118999999999952e-04
2.822663000000000255e-01 2.873304000000000027e-04
2.846271000000000218e-01 2.960187999999999990e-04
2.869881000000000237e-01 3.048495000000000024e-04
2.892830000000000124e-01 3.135877000000000130e-04
2.916444999999999732e-01 3.227266000000000011e-04
2.939680000000000071e-01 3.318883999999999918e-04
2.963303999999999938e-01 3.413525999999999952e-04
2.986289999999999778e-01 3.507108000000000100e-04
3.009908000000000028e-01 3.604761000000000163e-04
3.033138000000000223e-01 3.702541000000000165e-04
3.056769999999999765e-01 3.803421999999999988e-04
3.079719000000000206e-01 3.903056000000000125e-04
3.103320999999999996e-01 4.006926999999999863e-04
3.126598999999999906e-01 4.111159000000000189e-04
3.150223999999999802e-01 4.218331000000000186e-04
3.173171000000000186e-01 4.323870000000000057e-04
3.196763000000000243e-01 4.434120999999999961e-04
3.220373000000000263e-01 4.546166999999999938e-04
3.243389999999999884e-01 4.656985000000000204e-04
3.266665999999999737e-01 4.770457999999999990e-04
3.290261999999999909e-01 4.887232000000000035e-04
3.313871999999999929e-01 5.005593999999999495e-04
3.336850000000000094e-01 5.122450000000000397e-04
3.360141999999999851e-01 5.242628000000000045e-04
3.383711999999999831e-01 5.365648999999999896e-04
3.407332000000000138e-01 5.490733999999999936e-04
3.430275999999999881e-01 5.613594000000000179e-04
3.453865999999999881e-01 5.741767000000000485e-04
3.477139000000000202e-01 5.869801000000000012e-04
3.500785000000000147e-01 6.001749999999999923e-04
3.523723999999999745e-01 6.131093999999999477e-04
3.547298999999999869e-01 6.265678000000000220e-04
3.570602999999999971e-01 6.400387999999999477e-04
3.594229999999999925e-01 6.538782999999999835e-04
3.617180999999999869e-01 6.674730000000000246e-04
3.640748999999999791e-01 6.815639999999999546e-04
3.664071999999999885e-01 6.957054999999999750e-04
3.687661999999999884e-01 7.101845999999999767e-04
3.710627000000000231e-01 7.244095999999999565e-04
3.734230000000000049e-01 7.392342000000000314e-04
3.757817999999999992e-01 7.541957999999999865e-04
3.781094999999999873e-01 7.691548000000000308e-04
3.804021000000000208e-01 7.840472000000000240e-04
3.827666000000000124e-01 7.995553999999999986e-04
3.851295000000000135e-01 8.152434999999999543e-04
3.874514000000000014e-01 8.308003999999999476e-04
3.897457999999999756e-01 8.463594000000000065e-04
3.921069999999999833e-01 8.625386000000000294e-04
3.944691000000000169e-01 8.788727999999999992e-04
3.967937999999999743e-01 8.951434999999999991e-04
3.991218999999999739e-01 9.115936000000000265e-04
4.014529000000000014e-01 9.282431999999999966e-04
4.038138000000000005e-01 9.452732000000000148e-04
4.061390999999999751e-01 9.621998000000000096e-04
4.084684000000000093e-01 9.793339000000000731e-04
4.107934999999999781e-01 9.966105999999999750e-04
4.131534000000000040e-01 1.014314000000000101e-03
4.155148000000000175e-01 1.032165999999999943e-03
4.178097000000000061e-01 1.049721999999999895e-03
4.201718999999999871e-01 1.067933000000000077e-03
4.225288999999999850e-01 1.086296000000000050e-03
4.248265999999999987e-01 1.104352000000000068e-03
4.271888999999999825e-01 1.123117999999999990e-03
4.295157000000000003e-01 1.141754000000000033e-03
4.318781999999999899e-01 1.160844999999999976e-03
4.341747000000000245e-01 1.179591999999999924e-03
4.365363999999999911e-01 1.199011999999999951e-03
4.388934999999999920e-01 1.218579999999999924e-03
4.412223000000000117e-01 1.238053000000000027e-03
4.435181999999999736e-01 1.257482000000000088e-03
4.458791999999999756e-01 1.277605999999999924e-03
4.482387999999999928e-01 1.297869000000000106e-03
4.505666999999999867e-01 1.318024000000000105e-03
4.528642999999999974e-01 1.338079999999999955e-03
4.552273000000000014e-01 1.358896000000000062e-03
4.575847000000000109e-01 1.379903000000000032e-03
4.599213999999999802e-01 1.400821000000000011e-03
4.622470000000000190e-01 1.421820000000000072e-03
4.645751000000000186e-01 1.442965000000000046e-03
4.669349999999999890e-01 1.464650999999999974e-03
4.693011000000000266e-01 1.486532999999999952e-03
4.715960000000000152e-01 1.507908000000000078e-03
4.739226000000000272e-01 1.529757000000000079e-03
4.762841999999999909e-01 1.552074999999999982e-03
4.786479000000000150e-01 1.574607000000000003e-03
4.809421999999999864e-01 1.596650000000000022e-03
4.832639000000000240e-01 1.619112999999999932e-03
4.856324000000000196e-01 1.642156999999999992e-03
4.879909000000000052e-01 1.665348999999999996e-03
4.902864000000000111e-01 1.688028000000000054e-03
4.926490000000000036e-01 1.711545999999999988e-03
4.949759000000000242e-01 1.734915999999999976e-03
4.973365000000000147e-01 1.758812000000000006e-03
4.996299000000000157e-01 1.782125999999999979e-03
5.019940999999999987e-01 1.806319999999999931e-03
5.043248000000000175e-01 1.830405000000000009e-03
5.066825000000000356e-01 1.854900000000000038e-03
5.089749999999999552e-01 1.878902999999999910e-03
5.113383999999999707e-01 1.903844000000000022e-03
5.136652000000000440e-01 1.928444000000000078e-03
5.160270999999999608e-01 1.953655999999999796e-03
5.183202999999999561e-01 1.978273999999999918e-03
5.206861000000000406e-01 2.003861000000000010e-03
5.230466999999999755e-01 2.029546000000000128e-03
5.253723000000000143e-01 2.055050000000000106e-03
5.276718000000000242e-01 2.080361000000000189e-03
5.300276000000000431e-01 2.106601999999999954e-03
5.323881000000000308e-01 2.132910999999999922e-03
5.346830999999999667e-01 2.158710999999999790e-03
5.370135999999999799e-01 2.185115000000000061e-03
5.393769000000000480e-01 2.211951000000000195e-03
5.417336999999999847e-01 2.238930000000000087e-03
5.440319000000000127e-01 2.265356999999999961e-03
5.463921000000000472e-01 2.292679000000000158e-03
5.487216000000000315e-01 2.319821000000000123e-03
5.510808000000000373e-01 2.347525999999999953e-03
5.533789999999999543e-01 2.374583999999999896e-03
5.557391000000000414e-01 2.402574000000000203e-03
5.580644999999999634e-01 2.430371000000000180e-03
5.604249999999999510e-01 2.458673000000000195e-03
5.627252000000000365e-01 2.486403999999999784e-03
5.650825999999999905e-01 2.515054999999999982e-03
5.674076999999999593e-01 2.543427000000000014e-03
5.697718999999999978e-01 2.572370000000000038e-03
5.720686999999999856e-01 2.600719000000000034e-03
5.744316000000000422e-01 2.630078000000000103e-03
5.767611000000000265e-01 2.659042999999999823e-03
5.791188999999999920e-01 2.688648999999999987e-03
5.814124999999999988e-01 2.717495999999999801e-03
5.837706000000000284e-01 2.747474000000000183e-03
5.861334999999999740e-01 2.777556999999999943e-03
5.884677000000000380e-01 2.807454000000000026e-03
5.907586999999999700e-01 2.836979999999999797e-03
5.931195999999999691e-01 2.867582999999999938e-03
5.954812999999999912e-01 2.898281999999999855e-03
5.978160999999999614e-01 2.928768999999999904e-03
6.001459000000000099e-01 2.959294999999999808e-03
6.024665999999999633e-01 2.989970000000000214e-03
6.048346999999999474e-01 3.021479000000000092e-03
6.071615999999999680e-01 3.052491999999999966e-03
6.094899999999999762e-01 3.083768000000000186e-03
6.118187000000000486e-01 3.114992000000000021e-03
6.141769000000000256e-01 3.146981999999999991e-03
6.165403999999999884e-01 3.179003000000000124e-03
6.188316999999999846e-01 3.210353999999999899e-03
6.211607999999999574e-01 3.242272999999999943e-03
6.235266999999999893e-01 3.274960999999999844e-03
6.258833999999999786e-01 3.307554999999999783e-03
6.281776999999999500e-01 3.339668000000000064e-03
6.305121000000000198e-01 3.372318999999999924e-03
6.328690000000000149e-01 3.405426000000000026e-03
6.352299000000000140e-01 3.438684999999999919e-03
6.375226000000000504e-01 3.471216000000000058e-03
6.398876999999999482e-01 3.504773999999999997e-03
6.422195000000000542e-01 3.538242000000000036e-03
6.445081999999999756e-01 3.571093999999999918e-03
6.468749999999999778e-01 3.605372999999999824e-03
6.492303000000000379e-01 3.639405999999999978e-03
6.515558000000000183e-01 3.673370999999999928e-03
6.538524000000000003e-01 3.706866999999999975e-03
6.562154999999999516e-01 3.741674999999999862e-03
6.585784999999999556e-01 3.776489999999999968e-03
6.609047000000000116e-01 3.810832000000000108e-03
6.632354000000000305e-01 3.845475000000000108e-03
6.655623000000000511e-01 3.880307999999999848e-03
6.679228000000000387e-01 3.915721999999999953e-03
6.702841999999999967e-01 3.951271999999999597e-03
6.725828999999999835e-01 3.985873000000000020e-03
6.749066000000000232e-01 4.021359999999999865e-03
6.772673999999999639e-01 4.057362999999999595e-03
6.796267000000000280e-01 4.093597000000000034e-03
6.819241999999999804e-01 4.128780999999999771e-03
6.842544999999999877e-01 4.164904999999999996e-03
6.866096999999999895e-01 4.201324000000000204e-03
6.889739999999999753e-01 4.238140999999999957e-03
6.912700000000000511e-01 4.273916000000000000e-03
6.936345999999999901e-01 4.311093000000000217e-03
6.959608999999999934e-01 4.347578999999999853e-03
6.983224000000000098e-01 4.384729999999999878e-03
7.006147999999999820e-01 4.421216999999999855e-03
7.029731999999999648e-01 4.458784999999999832e-03
7.053019999999999845e-01 4.495853000000000176e-03
7.076715999999999562e-01 4.533790000000000216e-03
7.099615000000000231e-01 4.570809000000000330e-03
7.123209999999999820e-01 4.608895000000000006e-03
7.146508999999999778e-01 4.646683000000000410e-03
7.170115000000000238e-01 4.685278000000000186e-03
7.193081000000000058e-01 4.722757000000000170e-03
7.216633999999999549e-01 4.761470999999999759e-03
7.240309999999999802e-01 4.800566000000000035e-03
7.263562999999999548e-01 4.838941999999999723e-03
7.286489999999999911e-01 4.877026999999999925e-03
7.310136000000000411e-01 4.916445999999999664e-03
7.333790999999999505e-01 4.955788000000000033e-03
7.357069000000000525e-01 4.995005999999999752e-03
7.380029999999999646e-01 5.033496000000000151e-03
7.403615000000000057e-01 5.073471000000000404e-03
7.427287999999999668e-01 5.113511000000000271e-03
7.450531999999999710e-01 5.152999999999999595e-03
7.473796999999999802e-01 5.192826999999999686e-03
7.497123999999999455e-01 5.232805000000000095e-03
7.520679999999999588e-01 5.273319000000000270e-03
7.543628999999999474e-01 5.312856000000000349e-03
7.567228999999999761e-01 5.353690000000000358e-03
7.590542000000000122e-01 5.394198000000000222e-03
7.614193999999999685e-01 5.435460999999999938e-03
7.637083999999999540e-01 5.475256000000000393e-03
7.660761000000000376e-01 5.516616000000000228e-03
7.684003999999999834e-01 5.557452000000000052e-03
7.707576999999999900e-01 5.598940999999999640e-03
7.730534000000000017e-01 5.639504000000000045e-03
7.754180000000000517e-01 5.681768999999999709e-03
7.777450999999999670e-01 5.723129000000000410e-03
7.801061000000000245e-01 5.765341000000000216e-03
7.824010000000000131e-01 5.806376999999999719e-03
7.847627999999999826e-01 5.849001000000000373e-03
7.871215999999999768e-01 5.891575999999999931e-03
7.894493000000000205e-01 5.933663999999999952e-03
7.917530999999999874e-01 5.975666000000000137e-03
7.941068000000000016e-01 6.018434999999999931e-03
7.964679999999999538e-01 6.061696000000000098e-03
7.987971999999999850e-01 6.104688999999999949e-03
8.011272999999999866e-01 6.147177999999999670e-03
8.034569000000000294e-01 6.190056000000000204e-03
8.058125000000000426e-01 6.233602000000000413e-03
8.081397000000000164e-01 6.277101000000000208e-03
8.104715000000000114e-01 6.320412000000000079e-03
8.128012000000000015e-01 6.363676999999999875e-03
8.151631000000000293e-01 6.408241000000000284e-03
8.175223000000000351e-01 6.452544999999999635e-03
8.198153000000000246e-01 6.496138999999999733e-03
8.221408999999999523e-01 6.539772000000000120e-03
8.245004999999999695e-01 6.584366000000000350e-03
8.268712999999999758e-01 6.629519999999999857e-03
8.291602999999999613e-01 6.673296999999999909e-03
8.314865999999999646e-01 6.717487999999999758e-03
8.338512999999999620e-01 6.763004999999999885e-03
8.362121000000000137e-01 6.808479000000000093e-03
8.385093999999999603e-01 6.852712000000000386e-03
8.408632999999999802e-01 6.898775000000000220e-03
8.431969999999999743e-01 6.943717000000000292e-03
8.455568999999999447e-01 6.989630000000000148e-03
8.478495000000000337e-01 7.034542000000000399e-03
8.502140000000000253e-01 7.080694999999999698e-03
8.525418999999999636e-01 7.126411000000000030e-03
8.548335000000000239e-01 7.171435000000000309e-03
8.571969999999999867e-01 7.218246000000000211e-03
8.595563999999999982e-01 7.265083999999999778e-03
8.618881000000000459e-01 7.311218999999999878e-03
8.642130000000000090e-01 7.357683000000000278e-03
8.665405999999999942e-01 7.403904999999999688e-03
8.689139000000000168e-01 7.451395999999999888e-03
8.712685999999999487e-01 7.499099000000000390e-03
8.735640999999999545e-01 7.545254999999999844e-03
8.758915999999999924e-01 7.592299999999999743e-03
8.782543999999999906e-01 7.640136999999999970e-03
8.806205000000000283e-01 7.688495000000000051e-03
8.829086000000000434e-01 7.734683000000000010e-03
8.852400999999999742e-01 7.782134999999999921e-03
8.875994999999999857e-01 7.830085999999999991e-03
8.899561999999999751e-01 7.878612000000000115e-03
8.922523999999999456e-01 7.925984000000000501e-03
8.946153999999999495e-01 7.974498000000000003e-03
8.969428999999999874e-01 8.022349999999999273e-03
8.993039000000000449e-01 8.072143999999999847e-03
9.015999000000000096e-01 8.119928999999999689e-03
9.039627000000000079e-01 8.168869000000000477e-03
9.062923999999999980e-01 8.217837999999999879e-03
9.086494000000000515e-01 8.266822999999999533e-03
9.109536999999999773e-01 8.315345999999999502e-03
9.133059999999999512e-01 8.364839000000000649e-03
9.156322000000000072e-01 8.413843000000000710e-03
9.179956999999999701e-01 8.463573000000000277e-03
9.202903999999999529e-01 8.512395000000000725e-03
9.226556000000000202e-01 8.563071000000000224e-03
9.250091999999999759e-01 8.613459999999999867e-03
9.273367000000000138e-01 8.663021999999999390e-03
9.296366999999999825e-01 8.712739000000000594e-03
9.319986999999999577e-01 8.763171999999999628e-03
9.343626999999999905e-01 8.814165000000000541e-03
9.366889999999999938e-01 8.864510000000000792e-03
9.389785999999999966e-01 8.913815999999999753e-03
9.413397000000000014e-01 8.965178000000000730e-03
9.436987000000000014e-01 9.016257999999999218e-03
9.460340000000000416e-01 9.067702999999999874e-03
9.483574999999999644e-01 9.118390999999999996e-03
9.506837000000000204e-01 9.169286000000000450e-03
9.530490000000000350e-01 9.221359000000000153e-03
9.553785000000000194e-01 9.273003999999999622e-03
9.577061999999999520e-01 9.324218999999999910e-03
9.600292000000000270e-01 9.376030999999999949e-03
9.623935000000000128e-01 9.428331999999999338e-03
9.646909999999999652e-01 9.479760999999999743e-03
9.670474000000000014e-01 9.532604000000000077e-03
9.693766000000000327e-01 9.584225999999999510e-03
9.717409999999999659e-01 9.637361000000000538e-03
9.740313999999999917e-01 9.689209000000000710e-03
9.763954000000000244e-01 9.742482999999999699e-03
9.787225000000000508e-01 9.795062999999999687e-03
9.810862999999999667e-01 9.848485000000000572e-03
9.833785000000000442e-01 9.900812000000000154e-03
9.857363000000000097e-01 9.954854000000000827e-03
9.881058999999999815e-01 1.000843000000000045e-02
9.904269999999999463e-01 1.006147999999999938e-02
9.927184999999999482e-01 1.011419000000000033e-02
9.950831999999999455e-01 1.016858999999999992e-02
9.974437999999999915e-01 1.022263999999999985e-02
9.997736999999999874e-01 1.027642999999999959e-02
1.002097999999999933e+00 1.032974000000000045e-02
1.004431000000000074e+00 1.038468000000000030e-02
1.006796999999999942e+00 1.043905000000000007e-02
1.009125000000000050e+00 1.049351999999999924e-02
1.011484000000000050e+00 1.055038999999999977e-02
1.013819000000000026e+00 1.060432000000000041e-02
1.016175999999999968e+00 1.065960999999999992e-02
1.018537000000000026e+00 1.071455999999999971e-02
1.020831999999999962e+00 1.076910000000000020e-02
1.023160000000000069e+00 1.082379999999999974e-02
1.025524000000000102e+00 1.088022999999999942e-02
1.027881000000000045e+00 1.093614000000000044e-02
1.030188000000000104e+00 1.099118999999999964e-02
1.032507999999999981e+00 1.104663999999999993e-02
1.034866000000000064e+00 1.110306999999999961e-02
1.037230000000000096e+00 1.115957000000000060e-02
1.039525999999999950e+00 1.121457000000000009e-02
1.041890999999999901e+00 1.127125000000000002e-02
1.044211000000000000e+00 1.132767999999999969e-02
1.046572999999999976e+00 1.138490999999999982e-02
1.048872999999999944e+00 1.144031000000000041e-02
1.051234000000000002e+00 1.149706999999999986e-02
1.053563999999999945e+00 1.155411999999999932e-02
1.055922999999999945e+00 1.161177000000000042e-02
1.058214999999999906e+00 1.166781000000000068e-02
1.060575000000000045e+00 1.172502999999999913e-02
1.062905999999999906e+00 1.178296000000000031e-02
1.065271000000000079e+00 1.184077000000000046e-02
1.067565000000000097e+00 1.189779000000000010e-02
1.069922000000000040e+00 1.195623999999999992e-02
1.072289999999999965e+00 1.201486000000000047e-02
1.074583999999999984e+00 1.207173999999999921e-02
1.076912000000000091e+00 1.212946999999999984e-02
1.079271000000000091e+00 1.218823999999999949e-02
1.081634999999999902e+00 1.224664999999999955e-02
1.083933000000000035e+00 1.230506999999999955e-02
1.086257000000000028e+00 1.236318999999999960e-02
1.088616999999999946e+00 1.242222999999999938e-02
