4.999970000000000248e-01 1.778143999999999949e-03
5.037243999999999611e-01 1.816412000000000105e-03
5.074819999999999887e-01 1.855246000000000065e-03
5.112725999999999660e-01 1.894884000000000108e-03
5.150312000000000223e-01 1.934633999999999963e-03
5.187855999999999579e-01 1.974631000000000129e-03
5.225147999999999460e-01 2.014845999999999825e-03
5.262696000000000041e-01 2.055747000000000130e-03
5.300629000000000035e-01 2.097415999999999951e-03
5.338174999999999448e-01 2.139119999999999997e-03
5.375794999999999879e-01 2.181387999999999817e-03
5.413358000000000336e-01 2.223894000000000131e-03
5.450610999999999651e-01 2.266497000000000130e-03
5.488212999999999564e-01 2.309892999999999929e-03
5.526075999999999766e-01 2.354100000000000029e-03
5.563681999999999794e-01 2.398224999999999923e-03
5.601272999999999946e-01 2.442886999999999923e-03
5.638874000000000386e-01 2.487917999999999987e-03
5.676080999999999488e-01 2.532796999999999826e-03
5.714403000000000121e-01 2.579427999999999929e-03
5.751621999999999568e-01 2.625282000000000050e-03
5.789204999999999490e-01 2.671872999999999956e-03
5.826765999999999890e-01 2.718879000000000001e-03
5.864312999999999887e-01 2.766354999999999856e-03
5.902260999999999758e-01 2.814676999999999804e-03
5.939824999999999688e-01 2.862864000000000120e-03
5.977158999999999667e-01 2.911260000000000150e-03
6.014709000000000305e-01 2.960247999999999959e-03
6.052351000000000258e-01 3.009720000000000017e-03
6.089894999999999614e-01 3.059465999999999835e-03
6.127831999999999724e-01 3.110199000000000123e-03
6.165395000000000181e-01 3.160697000000000072e-03
6.202630000000000088e-01 3.211200999999999899e-03
6.240229000000000470e-01 3.262567000000000071e-03
6.277825000000000211e-01 3.314426000000000091e-03
6.315754999999999564e-01 3.367024000000000145e-03
6.353278999999999455e-01 3.419543000000000148e-03
6.390917999999999877e-01 3.472434999999999845e-03
6.428142000000000023e-01 3.525233999999999920e-03
6.465722999999999887e-01 3.578820999999999825e-03
6.503611999999999727e-01 3.633478999999999789e-03
6.541181999999999830e-01 3.687875000000000181e-03
6.578791000000000500e-01 3.742745000000000013e-03
6.616041999999999756e-01 3.797566000000000049e-03
6.653649000000000369e-01 3.853206999999999986e-03
6.691173999999999733e-01 3.908901000000000216e-03
6.729133999999999949e-01 3.965592000000000422e-03
6.766748000000000207e-01 4.022463000000000427e-03
6.804278000000000270e-01 4.079552999999999652e-03
6.841530000000000111e-01 4.136602999999999981e-03
6.879081000000000223e-01 4.194215999999999743e-03
6.917069999999999608e-01 4.252958999999999733e-03
6.954595000000000082e-01 4.311656999999999990e-03
6.992213000000000456e-01 4.370381999999999913e-03
7.029739000000000404e-01 4.429584000000000299e-03
7.067050000000000276e-01 4.488892000000000403e-03
7.105289000000000188e-01 4.549939000000000240e-03
7.142528000000000210e-01 4.609669999999999740e-03
7.180081999999999853e-01 4.670483999999999920e-03
7.217662000000000244e-01 4.731477999999999899e-03
7.255264999999999631e-01 4.792854000000000038e-03
7.292477000000000542e-01 4.854111000000000363e-03
7.330841999999999636e-01 4.917460000000000234e-03
7.368046000000000317e-01 4.979426999999999812e-03
7.405648999999999704e-01 5.042361000000000412e-03
7.443235000000000268e-01 5.105603000000000224e-03
7.480816000000000132e-01 5.169176999999999626e-03
7.518694999999999684e-01 5.233686000000000414e-03
7.556264000000000314e-01 5.297992999999999973e-03
7.593560999999999783e-01 5.361959000000000343e-03
7.631099999999999550e-01 5.426946999999999674e-03
7.668719000000000507e-01 5.492491000000000387e-03
7.706596000000000002e-01 5.558429999999999621e-03
7.744187000000000154e-01 5.624348999999999842e-03
7.781808000000000058e-01 5.691044000000000137e-03
7.819042999999999966e-01 5.757057000000000320e-03
7.856587000000000431e-01 5.823993000000000399e-03
7.894174000000000468e-01 5.891394999999999792e-03
7.932126000000000454e-01 5.959932999999999724e-03
7.969669999999999810e-01 6.027728999999999900e-03
8.006950999999999929e-01 6.095862999999999976e-03
8.044546999999999670e-01 6.164621000000000337e-03
8.082084999999999964e-01 6.233756000000000019e-03
8.120028000000000246e-01 6.303765999999999710e-03
8.157569999999999544e-01 6.373534999999999617e-03
8.195156000000000107e-01 6.443698999999999781e-03
8.232380999999999727e-01 6.513470000000000371e-03
8.270026000000000321e-01 6.584424999999999653e-03
8.307902000000000342e-01 6.656107999999999990e-03
8.345519000000000132e-01 6.727429000000000048e-03
8.383100999999999470e-01 6.799221999999999731e-03
8.420623999999999887e-01 6.871239000000000340e-03
8.457890000000000130e-01 6.943488000000000264e-03
8.495473999999999526e-01 7.016256000000000229e-03
8.533425000000000038e-01 7.090026000000000141e-03
8.570927999999999880e-01 7.163672000000000269e-03
8.608592000000000466e-01 7.237350000000000033e-03
8.646135000000000348e-01 7.311617000000000290e-03
8.683450999999999809e-01 7.385369999999999609e-03
8.721708000000000238e-01 7.461675000000000078e-03
8.758928000000000269e-01 7.536074000000000245e-03
8.796504000000000545e-01 7.611233999999999708e-03
8.834108000000000516e-01 7.687348999999999571e-03
8.871668999999999805e-01 7.763495999999999939e-03
8.909553000000000056e-01 7.840655999999999667e-03
8.947209000000000412e-01 7.917377999999999222e-03
8.984440999999999677e-01 7.993462999999999263e-03
9.022031000000000356e-01 8.071227999999999736e-03
9.059568999999999539e-01 8.149145000000000000e-03
9.097125999999999824e-01 8.227376999999999260e-03
9.135071999999999637e-01 8.306650000000000492e-03
9.172681000000000306e-01 8.385353999999999378e-03
9.209901999999999811e-01 8.463666999999999371e-03
9.247469999999999857e-01 8.543406999999999391e-03
9.285113000000000394e-01 8.623086999999999766e-03
9.322977999999999543e-01 8.704210000000000419e-03
9.360572000000000337e-01 8.784560000000000285e-03
9.397794999999999899e-01 8.864955000000000751e-03
9.435352999999999657e-01 8.945951000000000597e-03
9.472949999999999982e-01 9.027465000000000142e-03
9.510855000000000281e-01 9.109837000000000837e-03
9.548470999999999487e-01 9.192511999999999905e-03
9.585983000000000143e-01 9.274525999999999951e-03
9.623279999999999612e-01 9.356583999999999388e-03
9.660876000000000463e-01 9.439717000000000247e-03
9.698415999999999704e-01 9.522849999999999371e-03
9.736337000000000463e-01 9.607159000000000532e-03
9.773893000000000164e-01 9.691425000000000040e-03
9.811549999999999994e-01 9.775888999999999412e-03
9.848753999999999564e-01 9.859282999999999936e-03
9.886395000000000044e-01 9.944608000000000614e-03
9.924218000000000206e-01 1.003076999999999962e-02
9.961843999999999699e-01 1.011642999999999917e-02
9.999440000000000550e-01 1.020225999999999945e-02
1.003697999999999979e+00 1.028855000000000047e-02
1.007427000000000072e+00 1.037457999999999957e-02
1.011252999999999957e+00 1.046299000000000014e-02
1.015020000000000033e+00 1.055375000000000063e-02
1.018769999999999953e+00 1.064077000000000078e-02
1.022531999999999996e+00 1.072841000000000072e-02
1.026284999999999892e+00 1.081642000000000020e-02
1.030081999999999942e+00 1.090580000000000022e-02
1.033840000000000092e+00 1.099520000000000011e-02
1.037565999999999988e+00 1.108293999999999946e-02
1.041322000000000081e+00 1.117270000000000069e-02
1.045082999999999984e+00 1.126247000000000012e-02
1.048839999999999995e+00 1.135248999999999980e-02
1.052629000000000037e+00 1.144402999999999913e-02
1.056391000000000080e+00 1.153510999999999946e-02
1.060114000000000001e+00 1.162535999999999951e-02
1.063870000000000093e+00 1.171623999999999929e-02
1.067630999999999997e+00 1.180792999999999947e-02
1.071425000000000072e+00 1.190126000000000031e-02
1.075180999999999942e+00 1.199337999999999967e-02
1.078905000000000003e+00 1.208531000000000015e-02
1.082665999999999906e+00 1.217882999999999986e-02
1.086421000000000081e+00 1.227216000000000071e-02
1.090214999999999934e+00 1.236691000000000006e-02
1.093977999999999895e+00 1.246113000000000082e-02
1.097728999999999955e+00 1.255558000000000021e-02
1.101458000000000048e+00 1.264912999999999975e-02
1.105216999999999894e+00 1.274485000000000028e-02
1.108975999999999962e+00 1.284019999999999953e-02
1.112759999999999971e+00 1.293593000000000000e-02
1.116525999999999907e+00 1.303195000000000048e-02
1.120279000000000025e+00 1.312870000000000009e-02
1.124007999999999896e+00 1.322443000000000056e-02
1.127764999999999906e+00 1.332217999999999944e-02
1.131556000000000006e+00 1.342015000000000048e-02
1.135313999999999934e+00 1.351689000000000015e-02
1.139072000000000084e+00 1.361512999999999959e-02
1.142838999999999938e+00 1.371413999999999966e-02
1.146557000000000048e+00 1.381089999999999922e-02
1.150390000000000024e+00 1.391188999999999967e-02
1.154111000000000109e+00 1.401085000000000004e-02
1.157875999999999905e+00 1.411020999999999977e-02
1.161631999999999998e+00 1.421033000000000018e-02
1.165383999999999975e+00 1.431096999999999925e-02
1.169110000000000094e+00 1.441045000000000000e-02
1.172936999999999896e+00 1.451282999999999913e-02
1.176663999999999932e+00 1.461321999999999968e-02
1.180415999999999910e+00 1.471473000000000052e-02
1.184180000000000010e+00 1.481721000000000080e-02
1.187934999999999963e+00 1.491964999999999958e-02
1.191729999999999956e+00 1.502385000000000005e-02
1.195483999999999991e+00 1.512620999999999931e-02
1.199208000000000052e+00 1.522879000000000073e-02
1.202966999999999897e+00 1.533233999999999986e-02
1.206730999999999998e+00 1.543662999999999980e-02
1.210520999999999958e+00 1.554264999999999987e-02
1.214277000000000051e+00 1.564752999999999977e-02
1.218005000000000004e+00 1.575162999999999910e-02
1.221767000000000047e+00 1.585809999999999997e-02
1.225519999999999943e+00 1.596233999999999847e-02
1.229278000000000093e+00 1.606859999999999886e-02
1.233065999999999995e+00 1.617555000000000034e-02
1.236825999999999981e+00 1.628198999999999966e-02
1.240550000000000042e+00 1.638799999999999979e-02
1.244310999999999945e+00 1.649464999999999959e-02
1.248064000000000062e+00 1.660282999999999898e-02
1.251862000000000030e+00 1.671202999999999925e-02
1.255621000000000098e+00 1.681971999999999981e-02
1.259374999999999911e+00 1.692814999999999945e-02
1.263098999999999972e+00 1.703545999999999880e-02
1.266856999999999900e+00 1.714486999999999955e-02
1.270656000000000008e+00 1.725586000000000134e-02
1.274408999999999903e+00 1.736636999999999903e-02
1.278181999999999929e+00 1.747719999999999829e-02
1.281930999999999932e+00 1.758801000000000114e-02
1.285662000000000083e+00 1.769733000000000070e-02
1.289415999999999896e+00 1.780959000000000014e-02
1.293207999999999913e+00 1.792175000000000018e-02
1.296958999999999973e+00 1.803402999999999951e-02
1.300718999999999959e+00 1.814746000000000067e-02
1.304483000000000059e+00 1.826033999999999990e-02
1.308203000000000005e+00 1.837197000000000136e-02
1.312033999999999923e+00 1.848728999999999997e-02
1.315752999999999950e+00 1.859983000000000122e-02
1.319514000000000076e+00 1.871429000000000148e-02
1.323274999999999979e+00 1.882986000000000035e-02
1.327031000000000072e+00 1.894442000000000001e-02
1.330819999999999892e+00 1.905957999999999958e-02
1.334583999999999993e+00 1.917628999999999861e-02
1.338311000000000028e+00 1.929072000000000078e-02
1.342065000000000063e+00 1.940688000000000135e-02
1.345822999999999992e+00 1.952467000000000091e-02
1.349547999999999970e+00 1.963931999999999831e-02
1.353367999999999904e+00 1.975939000000000167e-02
1.357094999999999940e+00 1.987596000000000154e-02
1.360851999999999951e+00 1.999483000000000163e-02
1.364608999999999961e+00 2.011353000000000099e-02
1.368370000000000086e+00 2.023203000000000154e-02
1.372160999999999964e+00 2.035249000000000086e-02
1.375915999999999917e+00 2.047132000000000118e-02
1.379645000000000010e+00 2.058909999999999907e-02
1.383407000000000053e+00 2.070966000000000126e-02
1.387156999999999973e+00 2.083018999999999843e-02
1.390954000000000024e+00 2.095239999999999950e-02
1.394714000000000009e+00 2.107401999999999886e-02
1.398468999999999962e+00 2.119514999999999941e-02
1.402190000000000047e+00 2.131815999999999919e-02
1.405953999999999926e+00 2.144000000000000072e-02
1.409707000000000043e+00 2.156334000000000028e-02
1.413510999999999962e+00 2.168772999999999881e-02
1.417267999999999972e+00 2.181164000000000019e-02
1.421021000000000090e+00 2.193640000000000173e-02
1.424746000000000068e+00 2.205874000000000029e-02
1.428509000000000029e+00 2.218378000000000017e-02
1.432298999999999989e+00 2.231077000000000060e-02
1.436050999999999966e+00 2.243650000000000158e-02
1.439821000000000017e+00 2.256176999999999835e-02
1.443570999999999938e+00 2.268848999999999866e-02
1.447303000000000006e+00 2.281307999999999947e-02
1.451130000000000031e+00 2.294206999999999844e-02
1.454852000000000034e+00 2.306915000000000007e-02
1.458606000000000069e+00 2.319591999999999835e-02
1.462367999999999890e+00 2.332446000000000172e-02
1.466120000000000090e+00 2.345105000000000106e-02
1.469843000000000011e+00 2.357895999999999950e-02
1.473675000000000068e+00 2.371033999999999989e-02
1.477400000000000047e+00 2.383882000000000015e-02
1.481160999999999950e+00 2.396913000000000168e-02
1.484914000000000067e+00 2.409839999999999899e-02
1.488636999999999988e+00 2.422780999999999893e-02
1.492459999999999898e+00 2.436129000000000072e-02
1.496185000000000098e+00 2.449346999999999983e-02
1.499946000000000002e+00 2.462487999999999830e-02
1.503697000000000061e+00 2.475530000000000092e-02
1.507463999999999915e+00 2.488927000000000153e-02
1.511260000000000048e+00 2.502487999999999935e-02
1.515012999999999943e+00 2.515633000000000105e-02
1.518737000000000004e+00 2.528764999999999832e-02
1.522488999999999981e+00 2.542053999999999842e-02
1.526253000000000082e+00 2.555651000000000103e-02
1.530040999999999984e+00 2.569226000000000149e-02
1.533803000000000027e+00 2.582734000000000071e-02
1.537555999999999923e+00 2.596371000000000095e-02
1.541287999999999991e+00 2.609942000000000165e-02
1.545050000000000034e+00 2.623614000000000154e-02
1.548802000000000012e+00 2.637281000000000000e-02
1.552597000000000005e+00 2.651215999999999989e-02
1.556354999999999933e+00 2.665034999999999973e-02
1.560117999999999894e+00 2.678815000000000016e-02
1.563836999999999922e+00 2.692463999999999968e-02
1.567601999999999940e+00 2.706313999999999942e-02
1.571391999999999900e+00 2.720341999999999899e-02
1.575155000000000083e+00 2.734303000000000081e-02
1.578907999999999978e+00 2.748512999999999998e-02
1.582664999999999988e+00 2.762701000000000046e-02
1.586386000000000074e+00 2.776744999999999908e-02
1.590211999999999959e+00 2.791070000000000009e-02
1.593941000000000052e+00 2.805217999999999948e-02
1.597695000000000087e+00 2.819247999999999893e-02
1.601461000000000023e+00 2.833737999999999882e-02
1.605212000000000083e+00 2.848006999999999969e-02
1.608940999999999955e+00 2.862301000000000081e-02
1.612730999999999915e+00 2.876988999999999935e-02
1.616495000000000015e+00 2.891408999999999993e-02
1.620247999999999911e+00 2.905800000000000050e-02
1.624009000000000036e+00 2.920502999999999988e-02
1.627734000000000014e+00 2.934849000000000138e-02
1.631556000000000006e+00 2.949699000000000071e-02
1.635283000000000042e+00 2.964129000000000069e-02
1.639040000000000052e+00 2.978847000000000092e-02
1.642795000000000005e+00 2.993517999999999873e-02
1.646557999999999966e+00 3.008424000000000167e-02
1.650347000000000008e+00 3.023411000000000154e-02
1.654104999999999936e+00 3.038315000000000113e-02
1.657828000000000079e+00 3.053070000000000089e-02
1.661594000000000015e+00 3.067997999999999906e-02
1.665345999999999993e+00 3.083191000000000057e-02
1.669108999999999954e+00 3.098481000000000152e-02
1.672901999999999889e+00 3.113542999999999866e-02
1.676652999999999949e+00 3.128666000000000086e-02
1.680380999999999903e+00 3.143664999999999654e-02
1.684141000000000110e+00 3.159142000000000200e-02
1.687910000000000021e+00 3.174401000000000306e-02
1.691691999999999974e+00 3.189917999999999920e-02
1.695456000000000074e+00 3.205257999999999718e-02
1.699208000000000052e+00 3.220508999999999872e-02
1.702939999999999898e+00 3.235766000000000336e-02
1.706695000000000073e+00 3.251166999999999946e-02
1.710482999999999976e+00 3.266863999999999879e-02
1.714242999999999961e+00 3.282638999999999696e-02
1.718005999999999922e+00 3.298256000000000104e-02
1.721762000000000015e+00 3.314156000000000046e-02
1.725481999999999960e+00 3.330028000000000155e-02
1.729246999999999979e+00 3.345527000000000223e-02
1.733036999999999939e+00 3.361435000000000117e-02
1.736799999999999899e+00 3.377560999999999758e-02
1.740553000000000017e+00 3.393663000000000235e-02
1.744310999999999945e+00 3.409576000000000273e-02
1.748035999999999923e+00 3.425577999999999956e-02
1.751830999999999916e+00 3.441898999999999653e-02
1.755587999999999926e+00 3.457930000000000031e-02
1.759339999999999904e+00 3.473964999999999692e-02
1.763106000000000062e+00 3.490211000000000008e-02
1.766831000000000040e+00 3.506383999999999890e-02
1.770655000000000090e+00 3.522963999999999957e-02
1.774373999999999896e+00 3.539186999999999889e-02
1.778135999999999939e+00 3.555900000000000033e-02
1.781892000000000031e+00 3.572435999999999667e-02
1.785652000000000017e+00 3.588933999999999874e-02
1.789377999999999913e+00 3.605292000000000219e-02
1.793198000000000070e+00 3.622198000000000084e-02
1.796926999999999941e+00 3.638820999999999722e-02
1.800691000000000042e+00 3.655697000000000113e-02
1.804445000000000077e+00 3.672388000000000041e-02
1.808206999999999898e+00 3.689350999999999742e-02
1.811989000000000072e+00 3.706274999999999847e-02
1.815749999999999975e+00 3.723586000000000257e-02
1.819474000000000036e+00 3.740398999999999807e-02
1.823245999999999922e+00 3.757503000000000232e-02
1.826994000000000007e+00 3.774294000000000260e-02
1.830792999999999893e+00 3.791690000000000338e-02
1.834554999999999936e+00 3.809020999999999935e-02
1.838305000000000078e+00 3.826232000000000244e-02
1.842028999999999916e+00 3.843573000000000128e-02
1.845785000000000009e+00 3.860808999999999769e-02
1.849547999999999970e+00 3.878233999999999848e-02
1.853336000000000094e+00 3.895726000000000050e-02
1.857102999999999948e+00 3.913677000000000128e-02
1.860854000000000008e+00 3.931029999999999941e-02
1.864589000000000052e+00 3.948662000000000005e-02
1.868347999999999898e+00 3.966328000000000215e-02
1.872135000000000105e+00 3.984655000000000141e-02
1.875885999999999942e+00 4.002090999999999982e-02
1.879648999999999903e+00 4.020131999999999872e-02
1.883377999999999997e+00 4.037816000000000322e-02
1.887129000000000056e+00 4.055863999999999997e-02
1.890926000000000107e+00 4.074047000000000085e-02
1.894682999999999895e+00 4.092331999999999914e-02
1.898439999999999905e+00 4.110236999999999918e-02
1.902196999999999916e+00 4.128385999999999861e-02
1.905920999999999976e+00 4.146435999999999872e-02
1.909677000000000069e+00 4.165014000000000216e-02
1.913470000000000004e+00 4.183728999999999920e-02
1.917232000000000047e+00 4.202009000000000299e-02
1.920989999999999975e+00 4.220552000000000331e-02
1.924755999999999911e+00 4.238941999999999710e-02
1.928479999999999972e+00 4.257356000000000334e-02
1.932293000000000038e+00 4.276235999999999926e-02
1.936020000000000074e+00 4.294854000000000033e-02
1.939780999999999977e+00 4.313480000000000092e-02
1.943535000000000013e+00 4.332508999999999666e-02
1.947292999999999941e+00 4.351055000000000200e-02
1.951092000000000048e+00 4.370456999999999814e-02
1.954844999999999944e+00 4.389399000000000078e-02
1.958580999999999905e+00 4.408607999999999971e-02
1.962337999999999916e+00 4.427956000000000253e-02
1.966091000000000033e+00 4.446809000000000178e-02
1.969854999999999912e+00 4.465721000000000274e-02
1.973641999999999896e+00 4.485353000000000256e-02
1.977405999999999997e+00 4.504753000000000229e-02
1.981122999999999967e+00 4.523956999999999978e-02
1.984893999999999936e+00 4.543297999999999781e-02
1.988642000000000021e+00 4.562536999999999843e-02
1.992440999999999907e+00 4.582748999999999850e-02
1.996196999999999999e+00 4.602089000000000180e-02
1.999948000000000059e+00 4.622097000000000011e-02
