1.000148000000000009e-01 2.985756000000000082e-05
1.030002000000000001e-01 1.351859000000000062e-05
1.060101999999999989e-01 2.753158999999999842e-05
1.090108999999999939e-01 1.625890000000000115e-05
1.119380999999999987e-01 1.751297999999999847e-05
1.151028000000000051e-01 3.871081999999999675e-05
1.180438999999999933e-01 2.069739999999999940e-05
1.210458999999999979e-01 4.280799000000000008e-05
1.241044000000000036e-01 2.438026999999999892e-05
1.270570000000000033e-01 2.632095000000000081e-05
1.300874999999999948e-01 2.856167999999999993e-05
1.330921999999999938e-01 3.080178999999999974e-05
1.361826999999999899e-01 5.419616999999999919e-05
1.391149000000000135e-01 3.577427999999999929e-05
1.421330000000000093e-01 5.752389999999999993e-05
1.451323999999999947e-01 4.155604000000000269e-05
1.480731000000000130e-01 4.451959999999999978e-05
1.511506999999999989e-01 5.761992000000000177e-05
1.541401000000000021e-01 5.115901000000000335e-05
1.571346000000000132e-01 7.416033000000000423e-05
1.601766000000000023e-01 5.862654000000000129e-05
1.625545999999999935e-01 6.615007000000000005e-05
1.661941000000000113e-01 6.768137000000000350e-05
1.691670000000000118e-01 7.109860000000000398e-05
1.708840000000000081e-01 9.093973000000000150e-05
1.750856000000000079e-01 8.012992000000000140e-05
1.730029999999999901e-01 9.763241000000000465e-05
1.804294999999999927e-01 8.933323999999999649e-05
1.842696000000000056e-01 9.638698999999999650e-05
1.872775999999999885e-01 1.016965999999999980e-04
1.903002000000000027e-01 1.205734000000000000e-04
1.933015999999999901e-01 1.135598999999999967e-04
1.963156000000000068e-01 1.315858999999999898e-04
1.993262000000000089e-01 1.262802000000000043e-04
2.023322999999999927e-01 1.333154999999999876e-04
2.053378999999999899e-01 1.424718000000000002e-04
2.083514999999999950e-01 1.470269000000000068e-04
2.113312999999999997e-01 1.637293999999999913e-04
2.143865000000000076e-01 1.621028999999999960e-04
2.173762999999999945e-01 1.783072999999999928e-04
2.203718000000000066e-01 1.780034000000000108e-04
2.233966000000000007e-01 1.863655000000000032e-04
2.263895999999999964e-01 2.011644999999999948e-04
2.294512999999999969e-01 2.037979000000000093e-04
2.324499999999999900e-01 2.197567000000000097e-04
2.354337999999999986e-01 2.221102999999999934e-04
2.384360000000000090e-01 2.340592999999999970e-04
2.414237999999999940e-01 2.412884000000000122e-04
2.444817999999999991e-01 2.515861000000000204e-04
2.474823999999999913e-01 2.675191000000000049e-04
2.504702999999999791e-01 2.723660000000000143e-04
2.534932999999999770e-01 2.884960000000000107e-04
2.564841999999999955e-01 2.942339000000000087e-04
2.595147999999999899e-01 3.055986999999999918e-04
2.625339999999999896e-01 3.203004999999999871e-04
2.655320999999999931e-01 3.289868000000000263e-04
2.685240999999999878e-01 3.454350999999999819e-04
2.715169000000000055e-01 3.532238999999999843e-04
2.745793999999999735e-01 3.686892000000000207e-04
2.775671000000000110e-01 3.789312000000000084e-04
2.805613000000000135e-01 3.918346000000000177e-04
2.835925999999999725e-01 4.091219999999999904e-04
2.865821000000000063e-01 4.188322000000000182e-04
2.896131000000000122e-01 4.363799999999999927e-04
2.926387999999999767e-01 4.470050999999999734e-04
2.956266000000000171e-01 4.612708999999999885e-04
2.986234999999999862e-01 4.772514000000000161e-04
3.016192999999999791e-01 4.907607999999999719e-04
3.046756999999999938e-01 5.093918999999999704e-04
3.076676999999999884e-01 5.216001000000000274e-04
3.106646000000000130e-01 5.394062999999999723e-04
3.136506000000000016e-01 5.532154000000000498e-04
3.166767999999999805e-01 5.695347000000000343e-04
3.197074999999999778e-01 5.889641000000000147e-04
3.227282000000000206e-01 6.030370999999999865e-04
3.257277000000000089e-01 6.225532999999999675e-04
3.287217000000000056e-01 6.372644999999999699e-04
3.317164000000000224e-01 6.551226999999999745e-04
3.347752999999999979e-01 6.732581999999999976e-04
3.377674999999999983e-01 6.910074999999999464e-04
3.407632999999999912e-01 7.117927999999999929e-04
3.437513999999999847e-01 7.279648999999999799e-04
3.467813000000000145e-01 7.491988000000000206e-04
3.498079000000000049e-01 7.664221000000000358e-04
3.528336000000000250e-01 7.860630999999999651e-04
3.558235000000000148e-01 8.075092000000000511e-04
3.588192000000000048e-01 8.257311000000000468e-04
3.618093000000000004e-01 8.479973999999999932e-04
3.648685999999999874e-01 8.669224000000000331e-04
3.678672000000000053e-01 8.884999999999999669e-04
3.708546999999999816e-01 9.087213999999999492e-04
3.738484999999999725e-01 9.301173000000000470e-04
3.768745000000000012e-01 9.539149000000000239e-04
3.798967999999999789e-01 9.740862999999999779e-04
3.828914999999999957e-01 9.980976999999998951e-04
3.859135000000000204e-01 1.018989000000000093e-03
3.884004999999999819e-01 1.038325000000000099e-03
3.919311999999999796e-01 1.064856000000000092e-03
3.949905000000000221e-01 1.088659000000000068e-03
3.979824000000000139e-01 1.112865999999999899e-03
4.009785000000000155e-01 1.136092000000000005e-03
4.039729000000000236e-01 1.161141000000000083e-03
4.069993000000000083e-01 1.184878000000000103e-03
4.100239999999999996e-01 1.210499999999999987e-03
4.130152000000000267e-01 1.234812999999999970e-03
4.160444999999999838e-01 1.260342999999999923e-03
4.190405999999999853e-01 1.286772000000000046e-03
4.220305999999999780e-01 1.311677000000000025e-03
4.250917000000000168e-01 1.339174999999999957e-03
4.280836000000000086e-01 1.364669999999999902e-03
4.310765999999999765e-01 1.391324999999999897e-03
4.340724000000000249e-01 1.418566999999999918e-03
4.370667999999999775e-01 1.445469000000000007e-03
4.401242000000000210e-01 1.474354999999999893e-03
4.431184000000000234e-01 1.501357999999999946e-03
4.461429000000000089e-01 1.529757999999999986e-03
4.491334000000000160e-01 1.557985999999999920e-03
4.521325999999999956e-01 1.586619000000000050e-03
4.551921999999999913e-01 1.616861000000000036e-03
4.581814000000000164e-01 1.645290999999999898e-03
4.611832000000000154e-01 1.675527000000000006e-03
4.641737000000000224e-01 1.704500000000000069e-03
4.671655000000000113e-01 1.734705000000000014e-03
4.702324999999999977e-01 1.765573000000000099e-03
4.732219999999999760e-01 1.796038000000000018e-03
4.762159000000000253e-01 1.827714999999999939e-03
4.792435999999999918e-01 1.858307000000000014e-03
4.822327000000000141e-01 1.890292999999999921e-03
4.852980000000000071e-01 1.922127999999999944e-03
4.882911999999999808e-01 1.954047999999999896e-03
4.912819999999999965e-01 1.986658000000000087e-03
4.942789000000000210e-01 2.018792000000000156e-03
4.972679999999999878e-01 2.052087000000000182e-03
5.003265000000000073e-01 2.085285999999999997e-03
5.033250000000000224e-01 2.118936000000000083e-03
5.063182999999999989e-01 2.152196999999999791e-03
5.093400000000000150e-01 2.186374999999999950e-03
5.123345999999999734e-01 2.221139000000000013e-03
5.153914000000000550e-01 2.255624999999999818e-03
5.183839999999999559e-01 2.290930999999999957e-03
5.213854999999999462e-01 2.325410999999999884e-03
5.243725999999999665e-01 2.360535999999999884e-03
5.273679000000000006e-01 2.396608000000000158e-03
5.304250000000000353e-01 2.432544000000000026e-03
5.334159000000000539e-01 2.469041999999999851e-03
5.364141000000000048e-01 2.504815999999999987e-03
5.394409999999999483e-01 2.542309999999999882e-03
5.424347000000000474e-01 2.578794000000000138e-03
5.454584999999999573e-01 2.616263000000000182e-03
5.484856999999999649e-01 2.654531999999999812e-03
5.514771000000000534e-01 2.691628000000000163e-03
5.544734999999999525e-01 2.730021000000000010e-03
5.575362000000000373e-01 2.768674999999999956e-03
5.605261000000000271e-01 2.807009999999999974e-03
5.635200000000000209e-01 2.846037999999999953e-03
5.665109000000000394e-01 2.884728999999999939e-03
5.695354000000000250e-01 2.924791999999999843e-03
5.725664999999999782e-01 2.964357999999999837e-03
5.755601999999999663e-01 3.003881999999999820e-03
5.785856999999999806e-01 3.044474000000000138e-03
5.815759999999999819e-01 3.084723000000000152e-03
5.845669999999999478e-01 3.125702000000000168e-03
5.876320999999999906e-01 3.167175999999999846e-03
5.906247000000000025e-01 3.208663999999999961e-03
5.936166999999999971e-01 3.249525000000000070e-03
5.966167999999999472e-01 3.291071999999999921e-03
5.996099000000000290e-01 3.332831999999999982e-03
6.026650000000000063e-01 3.375921999999999951e-03
6.056622999999999868e-01 3.418688999999999929e-03
6.086920000000000108e-01 3.461375000000000042e-03
6.116812000000000360e-01 3.504460000000000040e-03
6.146764000000000117e-01 3.547283000000000033e-03
6.177342000000000111e-01 3.591425000000000086e-03
6.207249000000000239e-01 3.635408000000000129e-03
6.237228000000000216e-01 3.679051999999999930e-03
6.267139000000000459e-01 3.723307999999999826e-03
6.297114000000000322e-01 3.767536000000000149e-03
6.327682000000000029e-01 3.813153000000000115e-03
6.357587999999999573e-01 3.857997000000000162e-03
6.387890999999999986e-01 3.903615000000000036e-03
6.417791999999999941e-01 3.949321000000000428e-03
6.447741000000000167e-01 3.994651000000000104e-03
6.478325999999999807e-01 4.041730999999999796e-03
6.508262000000000214e-01 4.087603999999999890e-03
6.538156000000000523e-01 4.133982999999999929e-03
6.568131000000000386e-01 4.181433000000000025e-03
6.598053999999999863e-01 4.227597999999999946e-03
6.628640999999999561e-01 4.275967999999999783e-03
6.658598999999999490e-01 4.323053000000000312e-03
6.688498999999999972e-01 4.371034999999999678e-03
6.718769999999999465e-01 4.419333999999999589e-03
6.748726000000000447e-01 4.467353000000000296e-03
6.779304999999999914e-01 4.516878999999999686e-03
6.809281000000000361e-01 4.565106000000000198e-03
6.839150000000000507e-01 4.614227000000000259e-03
6.869106999999999852e-01 4.662963000000000004e-03
6.899045000000000316e-01 4.712332999999999973e-03
6.929638000000000186e-01 4.763057000000000228e-03
6.959592999999999474e-01 4.812677999999999921e-03
6.989514000000000005e-01 4.862782999999999863e-03
7.019756999999999802e-01 4.913319000000000193e-03
7.049661000000000399e-01 4.964061999999999988e-03
7.079976000000000047e-01 5.015478000000000297e-03
7.110206999999999500e-01 5.066667000000000393e-03
7.140174000000000243e-01 5.118076000000000049e-03
7.170088999999999491e-01 5.169266999999999959e-03
7.199982000000000326e-01 5.221212000000000249e-03
7.230596999999999719e-01 5.273917999999999835e-03
7.260535000000000183e-01 5.325912999999999828e-03
7.290459999999999718e-01 5.378377000000000158e-03
7.320790000000000353e-01 5.431672000000000236e-03
7.350759999999999517e-01 5.484601000000000406e-03
7.380970999999999504e-01 5.538158999999999964e-03
7.411297000000000024e-01 5.592375000000000124e-03
7.441216999999999970e-01 5.645751000000000068e-03
7.471119000000000510e-01 5.699293999999999714e-03
7.501075000000000381e-01 5.753371999999999653e-03
7.531685000000000185e-01 5.808579000000000346e-03
7.561541000000000512e-01 5.862975000000000304e-03
7.591550999999999716e-01 5.917893999999999932e-03
7.621432999999999680e-01 5.972658999999999954e-03
7.651712000000000513e-01 6.028221000000000274e-03
7.682018000000000457e-01 6.084166999999999700e-03
7.712208999999999870e-01 6.140450000000000422e-03
7.742162999999999684e-01 6.195632000000000396e-03
7.772088999999999803e-01 6.252139999999999781e-03
7.802016999999999980e-01 6.308140000000000275e-03
7.832645000000000302e-01 6.365906000000000169e-03
7.862544999999999673e-01 6.422518999999999798e-03
7.892462999999999562e-01 6.478743999999999822e-03
7.922426999999999664e-01 6.536423000000000406e-03
7.952708000000000554e-01 6.594125999999999634e-03
7.982926000000000188e-01 6.652856000000000394e-03
8.013272999999999646e-01 6.711184999999999720e-03
8.043173999999999602e-01 6.769230999999999686e-03
8.073074999999999557e-01 6.827549999999999938e-03
8.103038000000000185e-01 6.885434999999999646e-03
8.133609000000000533e-01 6.946087999999999568e-03
8.163550000000000528e-01 7.004675000000000137e-03
8.193502999999999759e-01 7.063889000000000279e-03
8.223405999999999771e-01 7.123736999999999778e-03
8.253646999999999512e-01 7.183234000000000147e-03
8.283935999999999522e-01 7.244152999999999704e-03
8.313892000000000504e-01 7.303630000000000191e-03
8.344146999999999537e-01 7.364408999999999712e-03
8.374061000000000421e-01 7.424703999999999852e-03
8.403973999999999611e-01 7.485389999999999752e-03
8.434606000000000048e-01 7.547859999999999986e-03
8.464523999999999937e-01 7.608641000000000189e-03
8.494456000000000229e-01 7.669923000000000365e-03
8.524388999999999994e-01 7.731013000000000121e-03
8.554680000000000062e-01 7.793495000000000110e-03
8.584867999999999943e-01 7.856725000000000167e-03
8.614855999999999625e-01 7.918605000000000435e-03
8.645097000000000476e-01 7.981688000000000671e-03
8.675047999999999648e-01 8.044126000000000401e-03
8.705074000000000423e-01 8.106729999999999492e-03
8.735619999999999497e-01 8.171380000000000657e-03
8.765540000000000553e-01 8.234193000000000762e-03
8.795513999999999832e-01 8.297590999999999994e-03
8.825397000000000380e-01 8.360655999999999297e-03
8.855383999999999478e-01 8.424999000000000723e-03
8.885973000000000344e-01 8.490330000000000793e-03
8.915840000000000432e-01 8.553698999999999678e-03
8.946131000000000499e-01 8.619045999999999999e-03
8.976081000000000198e-01 8.684219999999999440e-03
9.005957999999999464e-01 8.749018000000000767e-03
9.036591000000000484e-01 8.815507999999999678e-03
9.066573999999999467e-01 8.880771000000000845e-03
9.096427999999999736e-01 8.946600000000000733e-03
9.126389999999999780e-01 9.011935000000000431e-03
9.156292000000000320e-01 9.077721999999999875e-03
9.186914999999999942e-01 9.145663999999999530e-03
9.216807000000000194e-01 9.212019999999999584e-03
9.246744000000000074e-01 9.277824000000000487e-03
9.277049000000000545e-01 9.345610000000000722e-03
9.306967999999999908e-01 9.412646000000000207e-03
9.337558999999999720e-01 9.481279999999999916e-03
9.367560999999999805e-01 9.549113999999999172e-03
9.397432000000000007e-01 9.616265000000000576e-03
9.427347000000000365e-01 9.683663999999999814e-03
9.457307000000000352e-01 9.751071999999999518e-03
9.487889000000000461e-01 9.821174999999999697e-03
9.517809000000000408e-01 9.890068000000000123e-03
9.547738999999999532e-01 9.958270999999999443e-03
9.577997000000000316e-01 1.002752999999999978e-02
9.607898000000000271e-01 1.009653999999999933e-02
9.638537999999999828e-01 1.016797000000000013e-02
9.668447000000000013e-01 1.023709000000000077e-02
9.698375000000000190e-01 1.030591999999999966e-02
9.728324000000000416e-01 1.037690999999999961e-02
9.758244000000000362e-01 1.044643999999999955e-02
9.789208000000000354e-01 1.051996000000000007e-02
9.819126000000000243e-01 1.059086000000000055e-02
9.849073000000000411e-01 1.066083999999999955e-02
9.879345000000000487e-01 1.073260000000000013e-02
9.909263000000000376e-01 1.080292000000000058e-02
9.939544999999999630e-01 1.087513000000000021e-02
9.969816999999999707e-01 1.094665000000000048e-02
9.999768999999999464e-01 1.101885000000000017e-02
