-1.255123000000000062e-06 8.130450999999999514e-08
2.973668999999999965e-03 2.742397000000000228e-07
6.014713999999999998e-03 4.437863000000000039e-07
9.019697999999999605e-03 6.074876999999999639e-07
1.202517999999999990e-02 9.348906999999999740e-07
1.503534999999999941e-02 1.250603000000000018e-06
1.804781999999999914e-02 1.841100000000000042e-06
2.105517999999999973e-02 1.835256000000000085e-06
2.405795000000000156e-02 2.162659999999999806e-06
2.706831000000000167e-02 2.601145999999999964e-06
3.007659999999999847e-02 3.057173000000000028e-06
3.309030000000000304e-02 3.618436999999999911e-06
3.609053999999999734e-02 4.045230999999999624e-06
3.910008999999999707e-02 4.700037999999999672e-06
4.210264999999999841e-02 5.167760999999999869e-06
4.511393999999999821e-02 5.863495000000000347e-06
4.811819999999999986e-02 6.588461999999999906e-06
5.112847000000000225e-02 7.401126999999999858e-06
5.413398999999999989e-02 8.506115000000000805e-06
5.716159999999999991e-02 9.079068999999999386e-06
6.015091000000000188e-02 1.009635999999999933e-05
6.315885999999999723e-02 1.123058000000000082e-05
6.616368000000000249e-02 1.237649000000000015e-05
6.917463999999999558e-02 1.368026999999999972e-05
7.217809999999999504e-02 1.493140999999999974e-05
7.518524999999999514e-02 1.684323000000000035e-05
7.819276000000000004e-02 1.792483000000000029e-05
8.120220000000000216e-02 1.965540000000000158e-05
8.420851000000000031e-02 2.150287999999999901e-05
8.721830999999999334e-02 2.338545999999999887e-05
9.022257000000000193e-02 2.620346999999999867e-05
9.323130999999999780e-02 2.748969000000000141e-05
9.623291999999999957e-02 2.988676000000000047e-05
9.924563000000000135e-02 3.237737999999999798e-05
1.022539999999999977e-01 3.502000000000000013e-05
1.052593000000000001e-01 3.778536999999999700e-05
1.082676999999999945e-01 4.065601999999999975e-05
1.112777999999999962e-01 4.467841999999999701e-05
1.142814000000000052e-01 4.702284000000000260e-05
1.172871999999999942e-01 5.047814999999999713e-05
1.202934999999999977e-01 5.410297999999999881e-05
1.233056000000000013e-01 5.782717999999999951e-05
1.263134999999999952e-01 6.237572999999999512e-05
1.293185000000000029e-01 6.597130000000000312e-05
1.323247999999999924e-01 7.037371999999999476e-05
1.353364999999999985e-01 7.500419000000000194e-05
1.383389999999999898e-01 7.975153999999999978e-05
1.413503999999999872e-01 8.463338000000000046e-05
1.443550000000000111e-01 8.975492000000000496e-05
1.473638999999999921e-01 9.622697999999999733e-05
1.503702000000000094e-01 1.007755000000000044e-04
1.533782999999999952e-01 1.066746999999999970e-04
1.563862000000000030e-01 1.125970999999999998e-04
1.593964999999999965e-01 1.188119000000000067e-04
1.624012999999999984e-01 1.253367000000000023e-04
1.654113999999999862e-01 1.318906000000000006e-04
1.684145999999999976e-01 1.385556999999999989e-04
1.714249999999999940e-01 1.458812999999999885e-04
1.744298999999999988e-01 1.531601999999999909e-04
1.774396000000000029e-01 1.606962999999999881e-04
1.804474000000000078e-01 1.684253999999999884e-04
1.834565999999999975e-01 1.772068000000000124e-04
1.864622999999999975e-01 1.846611000000000064e-04
1.894714000000000120e-01 1.931676999999999971e-04
1.924752999999999881e-01 2.018029999999999922e-04
1.954859999999999931e-01 2.106605000000000001e-04
1.984914999999999874e-01 2.197634999999999975e-04
2.015001999999999904e-01 2.292113999999999990e-04
2.045064000000000048e-01 2.390159000000000099e-04
2.075202999999999909e-01 2.486861999999999840e-04
2.105334000000000094e-01 2.587070999999999815e-04
2.135620000000000018e-01 2.690961999999999868e-04
2.165554000000000090e-01 2.796491999999999923e-04
2.195458000000000132e-01 2.908392999999999786e-04
2.225411999999999946e-01 3.013746999999999997e-04
2.255330999999999864e-01 3.125531999999999876e-04
2.285262999999999878e-01 3.238954999999999959e-04
2.315907000000000104e-01 3.359274999999999783e-04
2.345819000000000099e-01 3.478310999999999773e-04
2.376082999999999945e-01 3.601497000000000053e-04
2.406008000000000036e-01 3.727722999999999952e-04
2.435937999999999992e-01 3.850850000000000171e-04
2.465870000000000006e-01 3.978887999999999978e-04
2.495817999999999925e-01 4.110668000000000264e-04
2.526407999999999987e-01 4.246715999999999881e-04
2.556311000000000000e-01 4.383697999999999783e-04
2.586237000000000119e-01 4.520271999999999875e-04
2.616501999999999994e-01 4.662693999999999780e-04
2.646476999999999857e-01 4.805173000000000148e-04
2.676400999999999919e-01 4.950983000000000163e-04
2.706978999999999913e-01 5.103169000000000064e-04
2.736926000000000081e-01 5.253073000000000247e-04
2.766835000000000266e-01 5.406306999999999736e-04
2.796776999999999735e-01 5.559545999999999846e-04
2.826740999999999837e-01 5.717867999999999649e-04
2.856980000000000075e-01 5.879757999999999686e-04
2.886910999999999783e-01 6.042992999999999759e-04
2.917522000000000171e-01 6.210964000000000458e-04
2.947441000000000089e-01 6.378465999999999520e-04
2.977386000000000199e-01 6.548307000000000390e-04
3.007337999999999956e-01 6.720370000000000033e-04
3.037268000000000190e-01 6.895411000000000378e-04
3.067534000000000094e-01 7.074371999999999562e-04
3.097462999999999744e-01 7.253684000000000260e-04
3.127731999999999735e-01 7.438492999999999798e-04
3.158019000000000243e-01 7.623884999999999733e-04
3.187961000000000267e-01 7.811793000000000035e-04
3.217857000000000078e-01 8.001450000000000446e-04
3.247876000000000096e-01 8.193856999999999703e-04
3.277774999999999994e-01 8.387495000000000237e-04
3.308381000000000238e-01 8.588091000000000171e-04
3.338366999999999862e-01 8.789619999999999508e-04
3.368258000000000085e-01 8.989860999999999816e-04
3.398527000000000076e-01 9.197819000000000307e-04
3.428456999999999755e-01 9.403499999999999533e-04
3.458375000000000199e-01 9.612451999999999629e-04
3.488317000000000223e-01 9.823801999999999968e-04
3.518931000000000142e-01 1.004345000000000021e-03
3.548850000000000060e-01 1.025988999999999937e-03
3.578794000000000142e-01 1.047966000000000002e-03
3.609067000000000247e-01 1.070317000000000100e-03
3.638989999999999725e-01 1.092826000000000084e-03
3.668956999999999913e-01 1.115429000000000030e-03
3.698890000000000233e-01 1.138492999999999970e-03
3.729470999999999759e-01 1.162166000000000067e-03
3.759396999999999878e-01 1.185499000000000015e-03
3.789315999999999796e-01 1.209149000000000074e-03
3.819248000000000087e-01 1.233001999999999970e-03
3.849538000000000126e-01 1.257510000000000095e-03
3.879447999999999785e-01 1.281936999999999920e-03
3.909731000000000178e-01 1.306901999999999977e-03
3.939965000000000273e-01 1.332012999999999947e-03
3.969879000000000047e-01 1.357134999999999982e-03
3.999842000000000120e-01 1.382537999999999996e-03
4.029786000000000201e-01 1.408296999999999978e-03
4.059710000000000263e-01 1.434249999999999978e-03
4.089997000000000216e-01 1.460722999999999926e-03
4.120236999999999927e-01 1.487335000000000003e-03
4.150493000000000099e-01 1.514329000000000022e-03
4.180468999999999991e-01 1.541194000000000071e-03
4.210400000000000253e-01 1.568455999999999973e-03
4.240321000000000229e-01 1.595840999999999970e-03
4.270251999999999937e-01 1.623349000000000059e-03
4.300831999999999988e-01 1.651927000000000083e-03
4.330775000000000041e-01 1.680148000000000015e-03
4.360743000000000258e-01 1.708649999999999926e-03
4.390968000000000093e-01 1.737589000000000104e-03
4.420922999999999936e-01 1.766722000000000084e-03
4.450833000000000150e-01 1.795544999999999954e-03
4.480750000000000011e-01 1.824983000000000074e-03
4.511387000000000036e-01 1.855244000000000034e-03
4.541306999999999983e-01 1.885224999999999922e-03
4.571237000000000217e-01 1.915363999999999912e-03
4.601237000000000243e-01 1.945988000000000058e-03
4.631514999999999938e-01 1.976898999999999844e-03
4.661410000000000275e-01 2.007708999999999883e-03
4.691410999999999776e-01 2.038870999999999826e-03
4.722010999999999847e-01 2.071008999999999958e-03
4.751894999999999869e-01 2.102708999999999915e-03
4.781842000000000037e-01 2.134805000000000036e-03
4.811744000000000021e-01 2.166616000000000115e-03
4.842017000000000126e-01 2.199200000000000113e-03
4.871983999999999759e-01 2.231981000000000069e-03
4.902225000000000055e-01 2.265259999999999843e-03
4.932507999999999893e-01 2.298871000000000074e-03
4.962420000000000164e-01 2.332088999999999863e-03
4.992339000000000082e-01 2.365719999999999976e-03
5.022328999999999821e-01 2.399441999999999894e-03
5.052246000000000237e-01 2.433586000000000169e-03
5.082518000000000313e-01 2.468360000000000172e-03
5.112778999999999519e-01 2.503246000000000204e-03
5.142689999999999761e-01 2.538126999999999831e-03
5.172953000000000134e-01 2.573490999999999800e-03
5.202934999999999643e-01 2.608843999999999920e-03
5.232883000000000395e-01 2.644515000000000060e-03
5.262769000000000474e-01 2.680220000000000085e-03
5.292712000000000527e-01 2.716315999999999869e-03
5.323290999999999995e-01 2.753389000000000184e-03
5.353210999999999942e-01 2.789895000000000135e-03
5.383523000000000058e-01 2.827193999999999888e-03
5.413426000000000071e-01 2.864063000000000025e-03
5.443373000000000239e-01 2.901351999999999837e-03
5.473278999999999783e-01 2.938744999999999986e-03
5.503865999999999481e-01 2.977215999999999977e-03
5.533862999999999976e-01 3.015293999999999960e-03
5.563768999999999521e-01 3.053493000000000006e-03
5.593687999999999994e-01 3.091860000000000094e-03
5.624000000000000110e-01 3.131211999999999971e-03
5.653907000000000238e-01 3.169950999999999845e-03
5.683812000000000308e-01 3.209139000000000175e-03
5.714479000000000086e-01 3.249305000000000075e-03
5.744403000000000148e-01 3.289044000000000082e-03
5.774302000000000046e-01 3.328946000000000162e-03
5.804241999999999457e-01 3.369051999999999984e-03
5.834162000000000514e-01 3.409318000000000157e-03
5.864405999999999786e-01 3.450074000000000023e-03
5.894388999999999879e-01 3.491148999999999815e-03
5.924958999999999643e-01 3.533088000000000201e-03
5.954895000000000049e-01 3.574467999999999916e-03
5.984884999999999788e-01 3.615956000000000031e-03
6.014798999999999563e-01 3.657751999999999792e-03
6.044793000000000527e-01 3.699763000000000010e-03
6.074697999999999487e-01 3.741969999999999845e-03
6.105287999999999826e-01 3.785493999999999925e-03
6.135237000000000052e-01 3.828072999999999979e-03
6.165496000000000310e-01 3.871517000000000101e-03
6.195395999999999681e-01 3.914494999999999607e-03
6.225406999999999469e-01 3.958035000000000372e-03
6.255317000000000238e-01 4.001766000000000351e-03
6.285222000000000309e-01 4.045667000000000187e-03
6.315857000000000276e-01 4.090703000000000221e-03
6.345737999999999657e-01 4.134838000000000055e-03
6.375676999999999595e-01 4.179295000000000405e-03
6.406003000000000114e-01 4.224641000000000333e-03
6.435880999999999963e-01 4.269430999999999747e-03
6.465832999999999720e-01 4.314682000000000239e-03
6.495737000000000316e-01 4.360087000000000337e-03
6.526324000000000014e-01 4.406888000000000298e-03
6.556315000000000337e-01 4.452740000000000170e-03
6.586224000000000522e-01 4.499020999999999749e-03
6.616161000000000403e-01 4.545402999999999943e-03
6.646435000000000537e-01 4.592670000000000086e-03
6.676364999999999661e-01 4.639370999999999773e-03
6.706936000000000009e-01 4.687448000000000309e-03
6.736923000000000217e-01 4.734605999999999711e-03
6.766874000000000500e-01 4.782042999999999711e-03
6.796746999999999650e-01 4.829937999999999766e-03
6.826727999999999685e-01 4.877758000000000267e-03
6.856919999999999682e-01 4.926241999999999947e-03
6.886849000000000443e-01 4.974572000000000022e-03
6.917200000000000015e-01 5.024012999999999916e-03
6.947402000000000299e-01 5.073386000000000041e-03
6.977356999999999587e-01 5.122368999999999881e-03
7.007303000000000281e-01 5.171735000000000221e-03
7.037193999999999949e-01 5.221067999999999716e-03
7.067175999999999458e-01 5.270750999999999735e-03
7.097453999999999708e-01 5.321300999999999636e-03
7.127687000000000328e-01 5.371820999999999714e-03
7.157618999999999509e-01 5.422304000000000186e-03
7.187905999999999462e-01 5.473480000000000185e-03
7.217812000000000117e-01 5.524379000000000269e-03
7.247774999999999634e-01 5.575270999999999699e-03
7.277728999999999449e-01 5.626509000000000024e-03
7.308299000000000323e-01 5.679016000000000272e-03
7.338293999999999651e-01 5.730719999999999911e-03
7.368211999999999540e-01 5.782599999999999719e-03
7.398453000000000390e-01 5.835251999999999974e-03
7.428426999999999669e-01 5.887589999999999837e-03
7.458331999999999740e-01 5.940222000000000210e-03
7.488283000000000023e-01 5.992919000000000197e-03
7.518865000000000132e-01 6.046990000000000351e-03
7.548774000000000317e-01 6.100244999999999800e-03
7.578753999999999769e-01 6.153485999999999678e-03
7.608690000000000175e-01 6.207179999999999642e-03
7.638939999999999619e-01 6.261873999999999739e-03
7.668899000000000132e-01 6.315704000000000110e-03
7.698823000000000194e-01 6.369867000000000411e-03
7.729392999999999958e-01 6.425334000000000427e-03
7.759369999999999878e-01 6.480024000000000027e-03
7.789331999999999923e-01 6.534738000000000005e-03
7.819232000000000404e-01 6.590134000000000096e-03
7.849140000000000006e-01 6.645197000000000256e-03
7.879370999999999459e-01 6.701269999999999623e-03
7.909694000000000447e-01 6.757784000000000187e-03
7.939941999999999833e-01 6.814518000000000311e-03
7.969870999999999484e-01 6.870351999999999709e-03
7.999827000000000465e-01 6.926624000000000149e-03
8.029749000000000470e-01 6.983152000000000283e-03
8.059650999999999899e-01 7.040231000000000093e-03
8.089996000000000409e-01 7.098041999999999720e-03
8.120226999999999862e-01 7.156006999999999819e-03
8.150146999999999808e-01 7.213144999999999800e-03
8.180427000000000115e-01 7.271558000000000015e-03
8.210380999999999929e-01 7.329414999999999715e-03
8.240245999999999960e-01 7.387219000000000424e-03
8.270258999999999805e-01 7.445728000000000416e-03
8.300855000000000317e-01 7.505010999999999800e-03
8.330750000000000099e-01 7.564007999999999669e-03
8.360699999999999799e-01 7.622695999999999986e-03
8.390602000000000338e-01 7.682010000000000401e-03
8.420838999999999963e-01 7.741597000000000235e-03
8.450826000000000171e-01 7.801432999999999979e-03
8.480741000000000529e-01 7.860838999999999674e-03
8.511358999999999453e-01 7.921426000000000509e-03
8.541256000000000403e-01 7.981820000000000581e-03
8.571164999999999479e-01 8.042578999999999353e-03
8.601164999999999505e-01 8.102814999999999324e-03
8.631419999999999648e-01 8.163939000000000265e-03
8.661375000000000046e-01 8.225632000000000082e-03
8.691341000000000205e-01 8.286520000000000344e-03
8.721934000000000076e-01 8.349080000000000043e-03
8.751845000000000319e-01 8.410476999999999537e-03
8.781805000000000305e-01 8.472221999999999739e-03
8.811780000000000168e-01 8.534741000000000202e-03
8.841649999999999787e-01 8.596372999999999168e-03
8.871921000000000390e-01 8.658924000000000135e-03
8.902200000000000113e-01 8.722419000000000353e-03
8.932105999999999657e-01 8.784764999999999935e-03
8.962385999999999964e-01 8.848452999999999180e-03
8.992324999999999902e-01 8.911631999999999193e-03
9.022276000000000185e-01 8.975316000000000544e-03
9.052173000000000025e-01 9.038842999999999531e-03
9.082084999999999742e-01 9.102025999999999173e-03
9.112734000000000112e-01 9.167938000000000476e-03
9.142652999999999475e-01 9.231948999999999711e-03
9.172957999999999945e-01 9.297414999999999846e-03
9.202884000000000064e-01 9.361743000000000495e-03
9.232793999999999723e-01 9.426415000000000488e-03
9.262696999999999736e-01 9.491318999999999798e-03
9.292656000000000249e-01 9.556777000000000674e-03
9.323257000000000350e-01 9.623454000000000036e-03
9.353207000000000049e-01 9.689102999999999258e-03
9.383129999999999526e-01 9.755216000000000581e-03
9.413356999999999974e-01 9.821336999999999429e-03
9.443272000000000332e-01 9.887335000000000568e-03
9.473245000000000138e-01 9.953388999999999986e-03
9.503840000000000066e-01 1.002158000000000042e-02
9.533791999999999822e-01 1.008779999999999920e-02
9.563677000000000428e-01 1.015491999999999957e-02
9.593618999999999897e-01 1.022211999999999947e-02
9.623582000000000525e-01 1.028924999999999979e-02
9.653865999999999836e-01 1.035710999999999923e-02
9.683804999999999774e-01 1.042517999999999917e-02
9.714397000000000171e-01 1.049507000000000044e-02
9.744334000000000051e-01 1.056211999999999950e-02
9.774211999999999900e-01 1.063038000000000004e-02
9.804209000000000396e-01 1.069963999999999985e-02
9.834129999999999816e-01 1.076828999999999981e-02
9.864057999999999993e-01 1.083709000000000061e-02
9.894308000000000547e-01 1.090672999999999990e-02
9.924547999999999703e-01 1.097643000000000056e-02
9.954809000000000019e-01 1.104659000000000023e-02
9.984766999999999948e-01 1.111644999999999994e-02
1.001470000000000082e+00 1.118617000000000049e-02
1.004466999999999999e+00 1.125610999999999973e-02
1.007460999999999940e+00 1.132634000000000071e-02
1.010521000000000003e+00 1.139901999999999929e-02
1.013517000000000001e+00 1.146930999999999992e-02
1.016509000000000107e+00 1.154046000000000065e-02
1.019541000000000031e+00 1.161260000000000070e-02
1.022529999999999939e+00 1.168343999999999980e-02
1.025524000000000102e+00 1.175532999999999960e-02
1.028513000000000011e+00 1.182705000000000041e-02
1.031576000000000048e+00 1.189997999999999924e-02
1.034569999999999990e+00 1.197239999999999936e-02
1.037565000000000071e+00 1.204449999999999965e-02
1.040561000000000069e+00 1.211695999999999954e-02
1.043579000000000034e+00 1.218999999999999945e-02
1.046572000000000058e+00 1.226331999999999943e-02
1.049568999999999974e+00 1.233633999999999946e-02
1.052626000000000062e+00 1.241073000000000003e-02
1.055627000000000093e+00 1.248521000000000006e-02
1.058613000000000026e+00 1.255796999999999990e-02
1.061604999999999910e+00 1.263264000000000054e-02
1.064638999999999891e+00 1.270804000000000031e-02
1.067630000000000079e+00 1.278119999999999951e-02
1.070656000000000052e+00 1.285567999999999954e-02
1.073688999999999893e+00 1.293162999999999951e-02
1.076678999999999942e+00 1.300672999999999933e-02
1.079671999999999965e+00 1.308213000000000084e-02
1.082664999999999988e+00 1.315718999999999916e-02
1.085658000000000012e+00 1.323196999999999915e-02
1.088683999999999985e+00 1.330876999999999928e-02
1.091709999999999958e+00 1.338467999999999949e-02
1.094702000000000064e+00 1.346023000000000011e-02
1.097728999999999955e+00 1.353715999999999947e-02
1.100721999999999978e+00 1.361335999999999970e-02
1.103714000000000084e+00 1.369046999999999972e-02
1.106713999999999976e+00 1.376688000000000044e-02
1.109701999999999966e+00 1.384378999999999992e-02
1.112759999999999971e+00 1.392272999999999948e-02
1.115757000000000110e+00 1.399991000000000083e-02
1.118786000000000058e+00 1.407825000000000049e-02
1.121777000000000024e+00 1.415644999999999924e-02
1.124773000000000023e+00 1.423531999999999922e-02
1.127763999999999989e+00 1.431232999999999984e-02
1.130819000000000019e+00 1.439255000000000048e-02
1.133817999999999993e+00 1.447064999999999983e-02
1.136808999999999958e+00 1.454973000000000030e-02
1.139809000000000072e+00 1.462909000000000084e-02
1.142835000000000045e+00 1.470846999999999953e-02
1.145823999999999954e+00 1.478843999999999992e-02
1.148821000000000092e+00 1.486747000000000068e-02
1.151879000000000097e+00 1.494867000000000071e-02
1.154870999999999981e+00 1.502820000000000024e-02
1.157874000000000070e+00 1.510826000000000009e-02
1.160859000000000085e+00 1.518898999999999944e-02
1.163848999999999911e+00 1.526874999999999934e-02
1.166882999999999893e+00 1.535094000000000042e-02
1.169877000000000056e+00 1.543074000000000008e-02
1.172935000000000061e+00 1.551421000000000050e-02
1.175931000000000060e+00 1.559491000000000002e-02
1.178925000000000001e+00 1.567566000000000098e-02
1.181912000000000074e+00 1.575756999999999852e-02
1.184909999999999908e+00 1.583994000000000027e-02
1.187931999999999988e+00 1.592224999999999890e-02
1.190962000000000076e+00 1.600477999999999970e-02
1.193956999999999935e+00 1.608775000000000135e-02
1.196976000000000040e+00 1.617123000000000171e-02
1.199972999999999956e+00 1.625375000000000084e-02
