-1.061242999999999963e-04 -3.294466000000000045e-05
3.662265000000000052e-03 -3.587131999999999794e-05
7.481497000000000147e-03 -3.411541999999999667e-05
1.112406999999999979e-02 -3.353019999999999959e-05
1.474307000000000048e-02 -3.353025999999999701e-05
1.869538999999999923e-02 -3.177448999999999806e-05
2.256158999999999942e-02 -3.235950000000000079e-05
2.632245999999999891e-02 -3.118900000000000242e-05
3.008310999999999971e-02 -3.118894999999999892e-05
3.384929999999999883e-02 -2.650611000000000091e-05
3.760292999999999969e-02 -2.592076999999999882e-05
4.135934000000000138e-02 -2.416462000000000040e-05
4.512079000000000090e-02 -2.182321999999999940e-05
4.887658999999999754e-02 -1.889674000000000095e-05
5.263425000000000048e-02 -1.421408000000000029e-05
5.639456000000000330e-02 -1.655536000000000136e-05
6.014979000000000159e-02 -1.245818999999999972e-05
6.391460999999999670e-02 -1.011657999999999929e-05
6.767409000000000618e-02 -7.190101000000000229e-06
7.143491000000000424e-02 -3.093038999999999881e-06
7.519277000000000599e-02 -1.658918000000000032e-07
7.895053000000000487e-02 7.443392000000000376e-06
8.270840000000000136e-02 8.613948000000000286e-06
8.646768000000000509e-02 9.784679000000000580e-06
9.022795000000000121e-02 1.446715999999999990e-05
9.398863000000000356e-02 1.739404999999999993e-05
9.774721999999999578e-02 3.027144999999999966e-05
1.015087999999999963e-01 3.085686999999999718e-05
1.052685000000000010e-01 3.788064000000000058e-05
1.090273999999999965e-01 4.022208000000000098e-05
1.127834000000000059e-01 4.841693000000000266e-05
1.165429999999999938e-01 5.309943999999999792e-05
1.203009000000000023e-01 6.070887000000000207e-05
1.240640999999999966e-01 7.183025999999999962e-05
1.278204000000000007e-01 7.358597999999999507e-05
1.315829000000000026e-01 8.353670000000000268e-05
1.353436000000000083e-01 9.056067000000000652e-05
1.391025999999999929e-01 9.934076999999999383e-05
1.428551999999999877e-01 1.098768000000000048e-04
1.466175000000000117e-01 1.180714000000000026e-04
1.503790000000000127e-01 1.274369999999999930e-04
1.541359999999999952e-01 1.362170000000000004e-04
1.578979000000000077e-01 1.455824000000000039e-04
1.616569999999999951e-01 1.578744999999999942e-04
1.654183999999999932e-01 1.643128999999999900e-04
1.691748999999999892e-01 1.801170000000000104e-04
1.729349000000000025e-01 1.912383999999999883e-04
1.766896000000000022e-01 2.017746000000000112e-04
1.804535999999999918e-01 2.123105999999999930e-04
1.842131999999999936e-01 2.246023999999999894e-04
1.879742000000000079e-01 2.398213000000000005e-04
1.917313999999999963e-01 2.521134999999999978e-04
1.954928999999999972e-01 2.667465000000000049e-04
1.992549999999999877e-01 2.766970000000000107e-04
2.030129999999999990e-01 2.919158000000000148e-04
2.067707000000000017e-01 3.077197999999999739e-04
2.105412000000000117e-01 3.235237000000000074e-04
2.143027000000000126e-01 3.410840000000000161e-04
2.180590000000000028e-01 3.539613999999999955e-04
2.218163999999999969e-01 3.697649999999999808e-04
2.255416000000000087e-01 3.849840999999999788e-04
2.293002000000000096e-01 4.031292000000000230e-04
2.330945000000000100e-01 4.183481999999999869e-04
2.368521000000000098e-01 4.394204000000000187e-04
2.406070999999999904e-01 4.546388999999999747e-04
2.443662000000000056e-01 4.716136999999999803e-04
2.480950000000000100e-01 4.921005999999999688e-04
2.518843000000000054e-01 5.114168000000000533e-04
2.556397000000000252e-01 5.324887000000000370e-04
2.594002000000000252e-01 5.500487000000000518e-04
2.631547000000000192e-01 5.699499000000000232e-04
2.668819000000000052e-01 5.880952000000000271e-04
2.707064000000000137e-01 6.126791000000000138e-04
2.744351999999999903e-01 6.319952999999999899e-04
2.781897999999999871e-01 6.536528999999999907e-04
2.819530000000000092e-01 6.764812000000000039e-04
2.857063000000000241e-01 6.993086000000000354e-04
2.894345999999999863e-01 7.197958000000000177e-04
2.932589999999999919e-01 7.437945999999999750e-04
2.969834000000000085e-01 7.677934999999999665e-04
3.007432999999999912e-01 7.894504999999999795e-04
3.044987000000000110e-01 8.105214999999999816e-04
3.082603999999999900e-01 8.362770999999999963e-04
3.120507000000000142e-01 8.632028000000000357e-04
3.158112000000000141e-01 8.877864999999999542e-04
3.195335999999999732e-01 9.117851999999999858e-04
3.232937000000000172e-01 9.410522000000000158e-04
3.270572999999999952e-01 9.638802000000000350e-04
3.308464999999999878e-01 9.913910999999999210e-04
3.346088999999999869e-01 1.018901000000000008e-03
3.383658999999999972e-01 1.045242000000000046e-03
3.420922000000000129e-01 1.071581000000000053e-03
3.458460999999999896e-01 1.099092000000000081e-03
3.496098999999999735e-01 1.128359000000000003e-03
3.533993000000000273e-01 1.157040999999999929e-03
3.571570000000000022e-01 1.187478000000000058e-03
3.609167999999999821e-01 1.213232999999999976e-03
3.646391999999999967e-01 1.244840000000000096e-03
3.684010999999999814e-01 1.275277000000000008e-03
3.721925999999999846e-01 1.306300999999999947e-03
3.759496999999999978e-01 1.334981000000000058e-03
3.797054999999999736e-01 1.367175999999999895e-03
3.834340999999999999e-01 1.397613000000000024e-03
3.871956999999999760e-01 1.430391999999999948e-03
3.909833999999999810e-01 1.462584999999999970e-03
3.947399999999999798e-01 1.494777999999999992e-03
3.984969999999999901e-01 1.529313000000000027e-03
4.022569999999999757e-01 1.562676999999999946e-03
4.059810999999999837e-01 1.594871000000000092e-03
4.097415999999999836e-01 1.628235000000000012e-03
4.135299000000000058e-01 1.661596999999999900e-03
4.172912999999999761e-01 1.697303999999999957e-03
4.210504999999999942e-01 1.731253000000000089e-03
4.248061000000000198e-01 1.768129000000000011e-03
4.285304999999999809e-01 1.800907000000000029e-03
4.323544999999999749e-01 1.838954999999999973e-03
4.360856000000000177e-01 1.878756999999999996e-03
4.398388999999999771e-01 1.913292999999999938e-03
4.436006000000000116e-01 1.951924999999999971e-03
4.473541999999999796e-01 1.987043999999999876e-03
4.511499999999999955e-01 2.026262000000000028e-03
4.549103999999999925e-01 2.063722999999999946e-03
4.586343999999999976e-01 2.102941000000000098e-03
4.623958000000000235e-01 2.143327999999999900e-03
4.661525999999999725e-01 2.183716999999999950e-03
4.699147000000000185e-01 2.224105000000000092e-03
4.737030999999999881e-01 2.261566999999999918e-03
4.774643000000000082e-01 2.303710999999999953e-03
4.811855999999999911e-01 2.342928000000000198e-03
4.849452000000000207e-01 2.384485999999999897e-03
4.887074000000000140e-01 2.428970999999999821e-03
4.924956999999999807e-01 2.469944999999999866e-03
4.962540999999999758e-01 2.508578000000000023e-03
5.000139999999999585e-01 2.552477999999999952e-03
5.037412000000000001e-01 2.594621999999999987e-03
5.074965000000000170e-01 2.636180000000000120e-03
5.112894000000000050e-01 2.684764000000000074e-03
5.150474999999999914e-01 2.726322000000000207e-03
5.188038000000000372e-01 2.770808999999999946e-03
5.225309999999999677e-01 2.814121000000000157e-03
5.262875000000000192e-01 2.860950000000000125e-03
5.300795000000000368e-01 2.907190000000000035e-03
5.338349999999999485e-01 2.952260999999999861e-03
5.375971999999999973e-01 2.999088999999999922e-03
5.413531999999999789e-01 3.044160000000000182e-03
5.450795000000000501e-01 3.090399000000000184e-03
5.488402000000000003e-01 3.138396999999999801e-03
5.526271000000000377e-01 3.183468999999999969e-03
5.563873999999999764e-01 3.234391999999999996e-03
5.601456000000000213e-01 3.280632999999999813e-03
5.639062999999999715e-01 3.329802000000000196e-03
5.676267000000000396e-01 3.377797999999999998e-03
5.714597999999999622e-01 3.424038999999999815e-03
5.751811999999999481e-01 3.476134999999999989e-03
5.789398000000000044e-01 3.524718000000000035e-03
5.826970000000000205e-01 3.575056999999999974e-03
5.864515999999999618e-01 3.623054000000000118e-03
5.902439000000000435e-01 3.675733000000000038e-03
5.940033000000000118e-01 3.726657999999999880e-03
5.977369999999999628e-01 3.774654000000000117e-03
6.014918000000000209e-01 3.830262000000000076e-03
6.052560000000000162e-01 3.882357999999999816e-03
6.090088000000000168e-01 3.934451999999999741e-03
6.128044999999999742e-01 3.987718000000000339e-03
6.165618999999999961e-01 4.040397000000000259e-03
6.202849000000000279e-01 4.093074999999999838e-03
6.240451000000000192e-01 4.146928000000000246e-03
6.278046000000000459e-01 4.202533999999999957e-03
6.315981000000000511e-01 4.256971000000000019e-03
6.353516999999999637e-01 4.310821000000000271e-03
6.391135000000000010e-01 4.364671999999999996e-03
6.428369999999999918e-01 4.420862999999999703e-03
6.465963000000000127e-01 4.475296000000000135e-03
6.503841999999999679e-01 4.533831999999999793e-03
6.541411000000000309e-01 4.588855000000000191e-03
6.579030999999999629e-01 4.645045999999999897e-03
6.616279000000000465e-01 4.703577999999999926e-03
6.653892999999999613e-01 4.760943999999999593e-03
6.691434000000000548e-01 4.814793999999999845e-03
6.729382999999999893e-01 4.875082999999999674e-03
6.766990999999999978e-01 4.935954999999999683e-03
6.804523000000000099e-01 4.992734999999999881e-03
6.841779999999999529e-01 5.049513000000000265e-03
6.879349000000000158e-01 5.110388000000000430e-03
6.917334000000000538e-01 5.168917999999999777e-03
6.954860999999999960e-01 5.229794999999999756e-03
6.992471999999999577e-01 5.289498000000000116e-03
7.030013000000000511e-01 5.350958999999999750e-03
7.067322999999999800e-01 5.413003999999999906e-03
7.105559999999999654e-01 5.470364000000000129e-03
7.142806999999999906e-01 5.532994999999999754e-03
7.180349999999999788e-01 5.592701999999999743e-03
7.217943999999999471e-01 5.657088000000000221e-03
7.255549000000000026e-01 5.716790999999999713e-03
7.292760999999999827e-01 5.782347000000000181e-03
7.331124999999999448e-01 5.843807999999999815e-03
7.368352000000000235e-01 5.907611999999999586e-03
7.405933999999999573e-01 5.970241000000000263e-03
7.443528000000000366e-01 6.037555000000000005e-03
7.481107999999999647e-01 6.100771999999999966e-03
7.519002999999999659e-01 6.165157999999999576e-03
7.556564000000000059e-01 6.226617000000000263e-03
7.593876000000000515e-01 6.297445999999999947e-03
7.631407000000000052e-01 6.358316000000000141e-03
7.669036000000000186e-01 6.425046000000000229e-03
7.706918999999999853e-01 6.491188999999999640e-03
7.744507999999999948e-01 6.559088000000000244e-03
7.782128000000000378e-01 6.626986999999999982e-03
7.819367999999999874e-01 6.693127999999999578e-03
7.856910999999999756e-01 6.759272000000000197e-03
7.894493999999999678e-01 6.825412000000000319e-03
7.932451999999999837e-01 6.893901000000000022e-03
7.970002999999999949e-01 6.962969000000000276e-03
8.007290000000000241e-01 7.033794999999999804e-03
8.044894000000000212e-01 7.102861999999999718e-03
8.082428000000000390e-01 7.170761000000000322e-03
8.120368000000000031e-01 7.238656999999999904e-03
8.157925999999999789e-01 7.310653000000000290e-03
8.195508999999999711e-01 7.382065999999999628e-03
8.232739999999999503e-01 7.452892000000000024e-03
8.270380000000000509e-01 7.520790000000000287e-03
8.308250000000000357e-01 7.593373999999999957e-03
8.345877999999999908e-01 7.666537999999999652e-03
8.383475999999999706e-01 7.733852000000000261e-03
8.421003999999999712e-01 7.805847999999999780e-03
8.458267000000000424e-01 7.878427000000000346e-03
8.495850999999999820e-01 7.952182000000000348e-03
8.533808999999999978e-01 8.024177000000000393e-03
8.571309000000000289e-01 8.094412000000000482e-03
8.608968000000000176e-01 8.171095999999999221e-03
8.646515000000000173e-01 8.243092000000000474e-03
8.683832000000000217e-01 8.320360000000000603e-03
8.722094000000000236e-01 8.393522000000000483e-03
8.759320000000000439e-01 8.467860000000000664e-03
8.796901000000000304e-01 8.542196999999999638e-03
8.834497000000000044e-01 8.616531999999999664e-03
8.872073000000000320e-01 8.696726999999999583e-03
8.909955999999999987e-01 8.771064000000000291e-03
8.947612999999999817e-01 8.846570999999999255e-03
8.984841999999999551e-01 8.921494999999999773e-03
9.022426999999999531e-01 8.998758000000000798e-03
9.059977000000000169e-01 9.076021000000000089e-03
9.097539000000000042e-01 9.150945000000000606e-03
9.135476000000000152e-01 9.230548999999999352e-03
9.173101999999999645e-01 9.308985000000000523e-03
9.210323999999999733e-01 9.385077999999999823e-03
9.247899000000000536e-01 9.465269000000000113e-03
9.285548000000000135e-01 9.544290000000000412e-03
9.323420999999999514e-01 9.625063999999999148e-03
9.361009000000000135e-01 9.705256000000000646e-03
9.398239999999999927e-01 9.781934000000000809e-03
9.435805999999999916e-01 9.862121999999999208e-03
9.473403999999999714e-01 9.941144000000000716e-03
9.511323000000000416e-01 1.002251000000000010e-02
9.548936000000000091e-01 1.010386999999999917e-02
9.586443999999999521e-01 1.018464000000000001e-02
9.623751999999999862e-01 1.026425000000000080e-02
9.661355999999999833e-01 1.034560999999999988e-02
9.698896000000000184e-01 1.042873000000000064e-02
9.736816999999999833e-01 1.051242999999999969e-02
9.774380999999999764e-01 1.059496000000000049e-02
9.812033999999999478e-01 1.067690999999999953e-02
9.849221000000000226e-01 1.075885000000000036e-02
9.886873999999999940e-01 1.084313999999999938e-02
9.924718000000000151e-01 1.092919000000000009e-02
9.962334999999999940e-01 1.101346999999999916e-02
9.999936999999999854e-01 1.109658999999999993e-02
1.003748000000000085e+00 1.118264000000000064e-02
1.007476000000000038e+00 1.126339999999999980e-02
1.011303999999999981e+00 1.135180000000000043e-02
1.015034999999999910e+00 1.143666999999999948e-02
1.018785000000000052e+00 1.152330000000000021e-02
1.022547000000000095e+00 1.160582999999999927e-02
1.026299999999999990e+00 1.169187999999999998e-02
1.030095999999999901e+00 1.178377000000000070e-02
1.033854999999999968e+00 1.187156999999999969e-02
1.037582000000000004e+00 1.195645000000000041e-02
1.041338000000000097e+00 1.204483999999999937e-02
1.045099000000000000e+00 1.213146000000000016e-02
1.048856999999999928e+00 1.221868000000000086e-02
1.052643999999999913e+00 1.230822999999999987e-02
1.056407000000000096e+00 1.239955000000000050e-02
1.060130000000000017e+00 1.248382999999999958e-02
1.063886000000000109e+00 1.257632000000000021e-02
1.067647000000000013e+00 1.266469999999999922e-02
1.071439999999999948e+00 1.275483999999999993e-02
1.075196999999999958e+00 1.284381000000000064e-02
1.078921999999999937e+00 1.293277999999999962e-02
1.082681000000000004e+00 1.302468000000000029e-02
1.086437000000000097e+00 1.311657999999999921e-02
1.090230999999999950e+00 1.320729999999999994e-02
1.093992000000000075e+00 1.329861000000000064e-02
1.097746000000000111e+00 1.339284999999999955e-02
1.101474000000000064e+00 1.348183000000000020e-02
1.105234000000000050e+00 1.357373000000000086e-02
1.108989999999999920e+00 1.366326999999999993e-02
1.112778000000000045e+00 1.375928000000000047e-02
1.116543000000000063e+00 1.385292999999999941e-02
1.120295000000000041e+00 1.394658000000000009e-02
1.124022999999999994e+00 1.403965000000000074e-02
1.127780999999999922e+00 1.413212999999999969e-02
1.131572000000000022e+00 1.422930000000000028e-02
1.135329999999999950e+00 1.432353999999999919e-02
1.139088000000000100e+00 1.441718999999999987e-02
1.142854000000000037e+00 1.451318000000000052e-02
1.146573999999999982e+00 1.460917999999999939e-02
1.150406999999999957e+00 1.470517000000000005e-02
1.154128000000000043e+00 1.480468000000000062e-02
1.157893999999999979e+00 1.490008999999999952e-02
1.161648999999999932e+00 1.499667000000000014e-02
1.165402000000000049e+00 1.509325000000000076e-02
1.169127999999999945e+00 1.519041999999999962e-02
1.172954000000000052e+00 1.528875000000000026e-02
1.176681000000000088e+00 1.538532999999999915e-02
1.180431999999999926e+00 1.548424999999999975e-02
1.184196000000000026e+00 1.557966000000000038e-02
1.187951999999999897e+00 1.568032999999999927e-02
1.191746999999999890e+00 1.578159999999999979e-02
1.195502000000000065e+00 1.588227999999999862e-02
1.199224999999999985e+00 1.597768999999999925e-02
1.202984999999999971e+00 1.607777999999999985e-02
1.206749000000000072e+00 1.617669999999999872e-02
1.210537999999999892e+00 1.627912999999999930e-02
1.214294999999999902e+00 1.638039000000000162e-02
1.218023999999999996e+00 1.648399999999999865e-02
1.221784999999999899e+00 1.658174999999999927e-02
1.225538000000000016e+00 1.668359000000000161e-02
1.229294000000000109e+00 1.678777999999999868e-02
1.233084999999999987e+00 1.689022000000000093e-02
1.236842999999999915e+00 1.698855000000000157e-02
1.240567999999999893e+00 1.709157999999999858e-02
1.244329000000000018e+00 1.719634999999999914e-02
1.248081999999999914e+00 1.729937000000000141e-02
1.251880000000000104e+00 1.740355999999999848e-02
1.255640000000000089e+00 1.750716000000000078e-02
1.259392999999999985e+00 1.761135000000000131e-02
1.263117000000000045e+00 1.771729999999999833e-02
1.266875999999999891e+00 1.781856000000000065e-02
1.270674999999999999e+00 1.792859999999999940e-02
1.274426999999999977e+00 1.802986000000000172e-02
1.278200000000000003e+00 1.813814999999999872e-02
1.281946999999999948e+00 1.824349999999999930e-02
1.285681000000000074e+00 1.835180000000000144e-02
1.289435000000000109e+00 1.845774000000000026e-02
1.293226999999999904e+00 1.856485999999999900e-02
1.296979000000000104e+00 1.867080000000000128e-02
1.300737000000000032e+00 1.877908999999999828e-02
1.304499999999999993e+00 1.888561999999999880e-02
1.308221000000000078e+00 1.899448999999999929e-02
1.312051999999999996e+00 1.910335999999999979e-02
1.315771999999999942e+00 1.921047999999999853e-02
1.319531999999999927e+00 1.931816999999999909e-02
1.323293000000000053e+00 1.943173000000000122e-02
1.327050000000000063e+00 1.953944000000000167e-02
1.330840000000000023e+00 1.965064999999999867e-02
1.334602999999999984e+00 1.976185999999999915e-02
1.338330999999999937e+00 1.987190999999999957e-02
1.342084999999999972e+00 1.998370999999999828e-02
1.345842999999999900e+00 2.009315999999999880e-02
1.349566000000000043e+00 2.020144000000000106e-02
1.353388000000000035e+00 2.031735000000000138e-02
1.357113999999999931e+00 2.042679999999999843e-02
1.360872000000000082e+00 2.054212000000000052e-02
1.364629000000000092e+00 2.064923000000000106e-02
1.368389999999999995e+00 2.076686999999999977e-02
1.372181000000000095e+00 2.087984000000000021e-02
1.375936999999999966e+00 2.099163999999999891e-02
1.379666000000000059e+00 2.110344000000000109e-02
1.383428000000000102e+00 2.121993000000000143e-02
1.387178999999999940e+00 2.133407000000000012e-02
1.390975999999999990e+00 2.145054999999999878e-02
1.394735000000000058e+00 2.156643999999999922e-02
1.398492000000000068e+00 2.168292999999999957e-02
1.402212000000000014e+00 2.179590000000000000e-02
1.405977000000000032e+00 2.191297000000000036e-02
1.409728000000000092e+00 2.202710000000000085e-02
1.413532999999999928e+00 2.214709999999999943e-02
1.417289000000000021e+00 2.226240000000000163e-02
1.421041999999999916e+00 2.237244000000000038e-02
1.424770000000000092e+00 2.248951000000000075e-02
1.428530999999999995e+00 2.261242999999999934e-02
1.432323000000000013e+00 2.273125999999999966e-02
1.436072000000000015e+00 2.285125000000000003e-02
1.439840999999999926e+00 2.296598000000000042e-02
1.443591999999999986e+00 2.308245999999999909e-02
1.447324000000000055e+00 2.319834999999999953e-02
1.451149999999999940e+00 2.332183999999999993e-02
1.454876000000000058e+00 2.344125999999999849e-02
1.458628000000000036e+00 2.356008000000000061e-02
1.462388999999999939e+00 2.367831999999999923e-02
1.466143999999999892e+00 2.379948999999999953e-02
1.469865999999999895e+00 2.391889000000000168e-02
1.473695999999999895e+00 2.404531000000000029e-02
1.477422999999999931e+00 2.416414000000000062e-02
1.481184000000000056e+00 2.428999999999999909e-02
1.484938000000000091e+00 2.440940000000000124e-02
1.488661000000000012e+00 2.453699999999999978e-02
1.492482000000000086e+00 2.466109999999999830e-02
1.496208999999999900e+00 2.478460999999999859e-02
1.499970000000000026e+00 2.490401000000000073e-02
