5.993115000000000259e-07 -3.704233999999999880e-05
5.013262999999999574e-03 -3.470098999999999791e-05
1.002627000000000032e-02 -3.645717999999999913e-05
1.503946999999999923e-02 -3.470102000000000001e-05
2.005159999999999929e-02 -3.470114000000000163e-05
2.507167000000000076e-02 -3.645700000000000009e-05
3.008345999999999937e-02 -3.762758999999999798e-05
3.509650999999999743e-02 -3.528626999999999919e-05
4.010757999999999684e-02 -3.879846000000000190e-05
4.512073999999999946e-02 -3.821312999999999712e-05
5.013204999999999745e-02 -3.821312999999999712e-05
5.514455000000000051e-02 -3.704230999999999670e-05
6.015642000000000211e-02 -3.528650000000000173e-05
6.516916000000000375e-02 -3.528621000000000177e-05
7.017818000000000667e-02 -3.704224999999999928e-05
7.519238000000000310e-02 -3.821294999999999808e-05
8.020539000000000140e-02 -3.645712000000000171e-05
8.521694000000000491e-02 -3.587178000000000301e-05
9.022885999999999407e-02 -3.411562999999999781e-05
9.524309000000000247e-02 -3.528617999999999967e-05
1.002525999999999973e-01 -3.645732000000000215e-05
1.052656000000000008e-01 -3.587180999999999833e-05
1.102782000000000068e-01 -3.587168999999999671e-05
1.152938000000000018e-01 -3.411553999999999829e-05
1.203012999999999999e-01 -3.528632999999999661e-05
1.253203999999999985e-01 -3.587168999999999671e-05
1.303271000000000013e-01 -3.294487000000000159e-05
1.353436000000000083e-01 -3.528630000000000129e-05
1.403538000000000008e-01 -3.645700000000000009e-05
1.453683000000000058e-01 -3.587178000000000301e-05
1.503770000000000107e-01 -3.587180999999999833e-05
1.553924000000000138e-01 -3.528646999999999963e-05
1.604036000000000073e-01 -3.294498000000000250e-05
1.654189000000000076e-01 -3.353044000000000283e-05
1.704304000000000097e-01 -3.411560000000000249e-05
1.754422999999999955e-01 -3.353035000000000331e-05
1.804533000000000109e-01 -3.411562999999999781e-05
1.854692000000000007e-01 -3.587168999999999671e-05
1.904787000000000008e-01 -3.411568000000000131e-05
1.954934999999999867e-01 -3.587171999999999881e-05
2.005071999999999965e-01 -3.470107999999999743e-05
2.055196999999999996e-01 -3.528635999999999871e-05
2.105424999999999935e-01 -3.704262999999999875e-05
2.155664999999999942e-01 -3.470114000000000163e-05
2.205531000000000019e-01 -3.411580000000000293e-05
2.255416000000000087e-01 -3.587180999999999833e-05
2.306022000000000072e-01 -3.587168999999999671e-05
2.355881999999999976e-01 -3.645712000000000171e-05
2.406086000000000058e-01 -3.353037999999999863e-05
2.455965999999999982e-01 -3.294503999999999993e-05
2.506558999999999870e-01 -3.587168999999999671e-05
2.556396000000000224e-01 -3.294518999999999687e-05
2.606615999999999933e-01 -3.411591999999999777e-05
2.656544000000000127e-01 -3.470136999999999739e-05
2.707076999999999956e-01 -3.411580000000000293e-05
2.756984000000000101e-01 -3.353041000000000073e-05
2.806866000000000083e-01 -3.235973000000000332e-05
2.857077000000000089e-01 -3.470107999999999743e-05
2.907661000000000273e-01 -3.411580000000000293e-05
2.957540000000000169e-01 -3.353052000000000165e-05
3.007439000000000084e-01 -3.470105000000000211e-05
3.057303000000000104e-01 -3.353064000000000326e-05
3.107858000000000009e-01 -3.294498000000000250e-05
3.158106999999999998e-01 -3.587196000000000205e-05
3.207995000000000152e-01 -3.411582999999999825e-05
3.257932000000000050e-01 -3.294503999999999993e-05
3.308478000000000252e-01 -3.411573999999999873e-05
3.358418000000000236e-01 -3.411582999999999825e-05
3.408608000000000193e-01 -3.353037999999999863e-05
3.458480999999999916e-01 -3.353044000000000283e-05
3.509071000000000273e-01 -3.235979000000000074e-05
3.558930000000000149e-01 -3.353064000000000326e-05
3.609176000000000051e-01 -3.235988000000000026e-05
3.659070999999999851e-01 -3.353041000000000073e-05
3.709621000000000168e-01 -3.235971000000000192e-05
3.759502000000000121e-01 -3.177456999999999688e-05
3.809378999999999960e-01 -3.411589000000000245e-05
3.859607999999999928e-01 -3.470119999999999905e-05
3.909830000000000250e-01 -3.411582999999999825e-05
3.960009999999999919e-01 -3.294525000000000106e-05
4.009943999999999731e-01 -3.235993999999999768e-05
4.059811999999999865e-01 -3.353064000000000326e-05
4.110367999999999800e-01 -3.118914999999999936e-05
4.160598999999999825e-01 -3.235984999999999816e-05
4.210505999999999971e-01 -3.470127999999999787e-05
4.260407999999999973e-01 -3.177475000000000270e-05
4.310929000000000011e-01 -3.353064000000000326e-05
4.360857000000000205e-01 -3.235988000000000026e-05
4.411050000000000249e-01 -3.118920999999999678e-05
4.460929000000000144e-01 -3.001870999999999842e-05
4.511500999999999983e-01 -3.177459999999999898e-05
4.561358999999999830e-01 -2.709187999999999920e-05
4.611688999999999927e-01 -3.118920999999999678e-05
4.661533999999999955e-01 -3.294529999999999779e-05
4.712117000000000111e-01 -3.294532999999999988e-05
4.762033999999999989e-01 -3.001870999999999842e-05
4.811866000000000199e-01 -2.943329000000000090e-05
4.862128000000000005e-01 -3.060402000000000180e-05
4.912341000000000069e-01 -2.943325999999999880e-05
4.962548999999999988e-01 -2.767733999999999952e-05
5.012436999999999587e-01 -2.650704000000000160e-05
5.062362999999999724e-01 -2.943345999999999924e-05
5.112904999999999811e-01 -3.001885000000000144e-05
5.163096000000000352e-01 -2.475057000000000111e-05
5.213041999999999954e-01 -2.767731000000000081e-05
5.262877999999999723e-01 -2.650691999999999998e-05
5.313421000000000394e-01 -2.358044999999999884e-05
5.363369000000000053e-01 -2.299511000000000014e-05
5.413527999999999674e-01 -2.416578000000000023e-05
5.463430000000000231e-01 -2.182417999999999880e-05
5.513947999999999627e-01 -2.240943000000000137e-05
5.563882999999999468e-01 -2.123877999999999929e-05
5.614111000000000518e-01 -2.123866999999999837e-05
5.664008999999999849e-01 -1.889723000000000135e-05
5.714597999999999622e-01 -1.948265999999999957e-05
5.764451999999999909e-01 -1.889734999999999958e-05
5.814335999999999949e-01 -1.655603000000000079e-05
5.864530999999999494e-01 -1.538536000000000070e-05
5.914816999999999991e-01 -1.362921000000000058e-05
5.965072999999999626e-01 -1.597058000000000117e-05
6.014920000000000266e-01 -1.245868000000000012e-05
6.064880000000000271e-01 -1.128792000000000051e-05
6.115386000000000433e-01 -1.011733999999999994e-05
6.165625000000000133e-01 -9.532027999999999465e-06
6.215545999999999571e-01 -8.361298000000000257e-06
6.265397999999999801e-01 -8.946809000000000079e-06
6.315984000000000043e-01 -4.849338000000000089e-06
6.365823000000000453e-01 -4.263972999999999638e-06
6.416085000000000260e-01 -1.922802999999999910e-06
6.465961999999999543e-01 -2.508225999999999844e-06
6.516484999999999639e-01 -1.337407999999999901e-06
6.566418000000000532e-01 1.589097999999999901e-06
6.616290000000000227e-01 2.760003999999999943e-06
6.666514000000000051e-01 2.174580000000000193e-06
6.717047000000000434e-01 6.271962999999999872e-06
6.767007999999999912e-01 7.442285999999999916e-06
6.816860000000000142e-01 1.036917000000000020e-05
6.867024000000000461e-01 1.212527000000000021e-05
6.917330999999999896e-01 1.212540999999999984e-05
6.967497000000000273e-01 1.329607999999999993e-05
7.017394999999999605e-01 1.505171999999999995e-05
7.067324999999999857e-01 1.622248000000000125e-05
7.117822999999999789e-01 1.680787000000000006e-05
7.168080000000000007e-01 2.031991999999999975e-05
7.217955999999999817e-01 2.090534000000000066e-05
7.267871000000000192e-01 2.441711999999999840e-05
7.318421000000000509e-01 2.675860999999999892e-05
7.368343000000000531e-01 2.500252000000000130e-05
7.418578000000000117e-01 2.792917000000000148e-05
7.468455999999999984e-01 2.851451000000000018e-05
7.519004000000000243e-01 3.027049000000000027e-05
7.568871000000000349e-01 3.261188999999999787e-05
7.618831000000000353e-01 3.553868999999999838e-05
7.669040999999999775e-01 3.787991999999999764e-05
7.719563000000000397e-01 3.963595000000000123e-05
7.769481999999999777e-01 4.139195999999999663e-05
7.819371999999999989e-01 4.314800000000000091e-05
7.869563000000000530e-01 4.548935000000000180e-05
7.919817999999999580e-01 4.724524000000000236e-05
7.970011000000000179e-01 4.900127999999999987e-05
8.019924000000000497e-01 5.251326000000000144e-05
8.069760999999999740e-01 5.485463999999999764e-05
8.120370999999999562e-01 5.485454999999999812e-05
8.170621000000000134e-01 5.778105999999999867e-05
8.220442999999999500e-01 6.070788000000000058e-05
8.270380000000000509e-01 6.129315999999999508e-05
8.320935999999999888e-01 6.304911000000000662e-05
8.370802000000000520e-01 6.831696000000000058e-05
8.420990999999999893e-01 6.890230000000000605e-05
8.470965999999999774e-01 7.065802000000000150e-05
8.521473000000000519e-01 7.417044000000000675e-05
8.571315999999999935e-01 7.592662999999999442e-05
8.621244000000000129e-01 7.592633000000000053e-05
8.671457000000000193e-01 8.119435999999999353e-05
8.722088000000000063e-01 8.295049000000000411e-05
8.772018999999999789e-01 8.646249999999999422e-05
8.821868999999999961e-01 8.938895000000000412e-05
8.872069000000000205e-01 8.821815999999999902e-05
8.922282000000000268e-01 9.231587000000000625e-05
8.972531999999999730e-01 9.524272000000000348e-05
9.022442000000000517e-01 9.641315999999999764e-05
9.072280999999999818e-01 1.016810000000000045e-04
9.122862000000000471e-01 1.022662000000000001e-04
9.173118000000000105e-01 1.087051000000000038e-04
9.222972000000000392e-01 1.098756999999999956e-04
9.272831999999999741e-01 1.098756999999999956e-04
9.323417000000000510e-01 1.133878999999999990e-04
9.373342000000000063e-01 1.151439000000000005e-04
9.423510999999999971e-01 1.192412000000000062e-04
9.473407999999999829e-01 1.186555999999999961e-04
9.523968000000000433e-01 1.239237999999999874e-04
9.573857000000000061e-01 1.280211000000000066e-04
9.623755999999999977e-01 1.297771999999999880e-04
9.674002999999999908e-01 1.321183999999999987e-04
9.724570999999999632e-01 1.362157999999999978e-04
9.774384000000000405e-01 1.373861000000000093e-04
9.824319000000000246e-01 1.403127999999999960e-04
9.874541000000000013e-01 1.403130000000000100e-04
9.924718000000000151e-01 1.473372000000000028e-04
9.974960000000000493e-01 1.461664999999999904e-04
1.002488999999999963e+00 1.508490999999999988e-04
1.007478000000000096e+00 1.537758000000000126e-04
1.012532999999999905e+00 1.561169999999999962e-04
1.017557999999999963e+00 1.578727000000000038e-04
1.022547000000000095e+00 1.637262000000000114e-04
1.027536000000000005e+00 1.643116000000000075e-04
1.032594000000000012e+00 1.701650999999999880e-04
1.037582000000000004e+00 1.713358000000000003e-04
1.042601000000000111e+00 1.725061999999999917e-04
1.047592000000000079e+00 1.760181999999999947e-04
1.052645000000000053e+00 1.812866000000000000e-04
1.057635000000000103e+00 1.824570999999999984e-04
1.062619999999999898e+00 1.842130999999999998e-04
1.067646000000000095e+00 1.877249999999999958e-04
1.072708999999999913e+00 1.894808000000000104e-04
1.077692000000000094e+00 1.929928000000000134e-04
1.082681999999999922e+00 1.965047999999999892e-04
1.087704000000000004e+00 2.000170000000000062e-04
1.092727999999999922e+00 2.041141999999999913e-04
1.097747999999999946e+00 2.041142999999999983e-04
1.102735000000000021e+00 2.082116999999999974e-04
1.107726999999999906e+00 2.111381999999999972e-04
1.112778000000000045e+00 2.146503000000000072e-04
1.117769999999999930e+00 2.169917000000000048e-04
1.122797000000000045e+00 2.199180999999999977e-04
1.127782000000000062e+00 2.234298999999999866e-04
1.132838999999999929e+00 2.228448000000000115e-04
1.137826999999999922e+00 2.281131000000000098e-04
1.142856000000000094e+00 2.327956000000000112e-04
1.147839999999999971e+00 2.386490999999999916e-04
1.152897000000000061e+00 2.363075999999999870e-04
1.157894999999999897e+00 2.398195999999999900e-04
1.162870999999999988e+00 2.433316999999999999e-04
1.167899999999999938e+00 2.456730000000000177e-04
1.172954999999999970e+00 2.491851000000000005e-04
1.177942999999999962e+00 2.532823999999999926e-04
1.182935000000000070e+00 2.573796000000000048e-04
1.187955000000000094e+00 2.579648999999999939e-04
1.192978000000000094e+00 2.597206000000000015e-04
1.197994000000000003e+00 2.649886000000000060e-04
1.202984000000000053e+00 2.655738000000000152e-04
1.207977999999999996e+00 2.702566999999999903e-04
1.213033999999999946e+00 2.761101999999999979e-04
1.218023999999999996e+00 2.784514999999999885e-04
1.223041999999999963e+00 2.784514999999999885e-04
1.228034999999999988e+00 2.831342000000000038e-04
1.233082999999999929e+00 2.819631999999999976e-04
1.238075999999999954e+00 2.889875999999999773e-04
1.243103999999999987e+00 2.901582999999999897e-04
1.248083999999999971e+00 2.936702999999999926e-04
1.253144000000000036e+00 2.977674000000000249e-04
1.258129999999999971e+00 3.001090000000000094e-04
1.263117999999999963e+00 3.030355000000000093e-04
1.268142000000000102e+00 3.047912999999999968e-04
1.273196999999999912e+00 3.083033999999999796e-04
1.278202000000000060e+00 3.129861999999999748e-04
1.283179999999999987e+00 3.153268999999999777e-04
1.288202000000000069e+00 3.188391999999999745e-04
1.293228000000000044e+00 3.229368000000000147e-04
1.298246999999999929e+00 3.241070999999999991e-04
1.303237999999999897e+00 3.305458000000000159e-04
1.308224000000000053e+00 3.305456000000000019e-04
1.313285999999999953e+00 3.363993000000000235e-04
1.318265000000000020e+00 3.369849000000000065e-04
1.323295000000000110e+00 3.399117000000000002e-04
1.328287999999999913e+00 3.440091000000000264e-04
1.333334000000000019e+00 3.475207999999999813e-04
1.338332999999999995e+00 3.492769000000000169e-04
1.343347999999999987e+00 3.527889000000000198e-04
1.348335999999999979e+00 3.568862000000000119e-04
1.353388999999999953e+00 3.568859999999999979e-04
1.358376000000000028e+00 3.609832000000000101e-04
1.363369999999999971e+00 3.656660999999999852e-04
1.368390999999999913e+00 3.697633999999999773e-04
1.373450000000000060e+00 3.726897999999999973e-04
1.378435000000000077e+00 3.721048000000000021e-04
1.383429000000000020e+00 3.785433000000000049e-04
1.388414999999999955e+00 3.826403999999999830e-04
1.393466000000000093e+00 3.849818999999999876e-04
1.398490999999999929e+00 3.873233999999999922e-04
1.403474000000000110e+00 3.902498999999999920e-04
1.408468000000000053e+00 3.902498999999999920e-04
1.413532999999999928e+00 3.972741000000000119e-04
1.418514000000000053e+00 4.019566000000000133e-04
1.423543000000000003e+00 4.025419999999999823e-04
1.428531999999999913e+00 4.060539000000000054e-04
1.433589999999999920e+00 4.107367000000000006e-04
1.438574000000000019e+00 4.130779000000000113e-04
1.443592999999999904e+00 4.165897999999999802e-04
1.448587000000000069e+00 4.177607000000000065e-04
1.453637999999999986e+00 4.212725999999999754e-04
1.458628999999999953e+00 4.230285999999999769e-04
1.463619999999999921e+00 4.294672999999999937e-04
1.468647000000000036e+00 4.335647000000000199e-04
1.473699000000000092e+00 4.370765999999999887e-04
1.478687000000000085e+00 4.388319000000000226e-04
1.483675000000000077e+00 4.429292000000000147e-04
1.488661000000000012e+00 4.470267000000000207e-04
1.493722999999999912e+00 4.476123000000000038e-04
1.498739999999999961e+00 4.499535999999999944e-04
1.503724000000000061e+00 4.534658000000000113e-04
1.508715000000000028e+00 4.558070000000000220e-04
1.513768000000000002e+00 4.616606000000000095e-04
1.518761999999999945e+00 4.657576999999999876e-04
1.523787000000000003e+00 4.698549999999999797e-04
1.528772000000000020e+00 4.727819000000000075e-04
1.533827999999999969e+00 4.751229000000000043e-04
1.538817000000000101e+00 4.786349999999999871e-04
1.543835999999999986e+00 4.798057999999999794e-04
1.548828000000000094e+00 4.809761999999999978e-04
1.553889999999999993e+00 4.897563000000000394e-04
1.558877999999999986e+00 4.926830000000000532e-04
1.563863000000000003e+00 4.956096000000000329e-04
1.568889999999999896e+00 4.985359000000000188e-04
1.573905000000000109e+00 5.026332000000000109e-04
1.578934999999999977e+00 5.055602000000000186e-04
1.583930999999999978e+00 5.084865000000000045e-04
1.588910999999999962e+00 5.114133999999999781e-04
1.593968999999999969e+00 5.155109000000000384e-04
1.598986999999999936e+00 5.196085000000000243e-04
1.603976000000000068e+00 5.225348000000000102e-04
1.608967000000000036e+00 5.248759000000000410e-04
1.614022000000000068e+00 5.283881000000000038e-04
1.619013000000000035e+00 5.295585999999999479e-04
1.624036000000000035e+00 5.371681000000000112e-04
1.629026000000000085e+00 5.383389999999999833e-04
1.634079999999999977e+00 5.400945999999999568e-04
1.639067999999999969e+00 5.459484000000000125e-04
1.644088999999999912e+00 5.471185000000000371e-04
1.649078999999999962e+00 5.529724000000000184e-04
1.654133000000000076e+00 5.547279999999999919e-04
1.659119000000000010e+00 5.570691999999999484e-04
1.664110999999999896e+00 5.623371999999999529e-04
1.669135000000000035e+00 5.664341999999999511e-04
1.674150999999999945e+00 5.681898999999999587e-04
1.679184000000000010e+00 5.740438000000000485e-04
1.684166999999999970e+00 5.781411999999999662e-04
1.689164000000000110e+00 5.804824999999999569e-04
1.694221999999999895e+00 5.845794999999999551e-04
1.699237000000000108e+00 5.880917000000000262e-04
1.704226000000000019e+00 5.910181999999999719e-04
1.709217999999999904e+00 5.951155999999999981e-04
1.714272000000000018e+00 5.986281999999999888e-04
1.719262999999999986e+00 6.044810999999999544e-04
1.724286999999999903e+00 6.068227999999999730e-04
1.729274999999999896e+00 6.074077999999999682e-04
1.734329999999999927e+00 6.138467999999999789e-04
1.739320999999999895e+00 6.167730999999999648e-04
1.744339000000000084e+00 6.202847999999999739e-04
1.749330999999999969e+00 6.243827999999999878e-04
1.754388999999999976e+00 6.302357999999999875e-04
1.759371000000000018e+00 6.314066000000000340e-04
1.764364000000000043e+00 6.343330999999999796e-04
1.769390000000000018e+00 6.372599000000000275e-04
1.774404000000000092e+00 6.401862000000000134e-04
1.779433000000000042e+00 6.425276000000000381e-04
1.784418999999999977e+00 6.466252000000000241e-04
1.789408000000000110e+00 6.501369999999999589e-04
1.794462999999999919e+00 6.548199000000000424e-04
1.799484000000000083e+00 6.559902999999999524e-04
1.804475999999999969e+00 6.612583999999999910e-04
1.809460000000000068e+00 6.647705999999999537e-04
1.814519999999999911e+00 6.676972999999999676e-04
1.819504999999999928e+00 6.706232999999999595e-04
1.824535999999999936e+00 6.770625000000000384e-04
1.829530000000000101e+00 6.823302000000000490e-04
1.834586999999999968e+00 6.823302999999999747e-04
1.839571000000000067e+00 6.875984000000000132e-04
1.844554999999999945e+00 6.928661999999999495e-04
1.849579000000000084e+00 6.952071999999999462e-04
1.854632000000000058e+00 6.981341000000000283e-04
1.859623000000000026e+00 7.034022999999999925e-04
1.864619999999999944e+00 7.057437000000000172e-04
1.869634999999999936e+00 7.092557000000000202e-04
1.874656000000000100e+00 7.098407000000000154e-04
1.879680000000000017e+00 7.186205999999999887e-04
1.884670000000000067e+00 7.203770000000000182e-04
1.889669999999999961e+00 7.221328999999999856e-04
1.894717999999999902e+00 7.291567999999999574e-04
1.899740999999999902e+00 7.320837999999999651e-04
1.904722000000000026e+00 7.332541999999999836e-04
1.909710000000000019e+00 7.385220000000000283e-04
1.914765000000000050e+00 7.391070999999999492e-04
1.919759999999999911e+00 7.461311999999999892e-04
1.924789000000000083e+00 7.490574000000000494e-04
1.929766000000000092e+00 7.537403999999999502e-04
1.934830000000000050e+00 7.554963999999999517e-04
1.939815000000000067e+00 7.590084999999999887e-04
1.944801000000000002e+00 7.625207999999999856e-04
1.949832000000000010e+00 7.666176999999999497e-04
1.954879000000000033e+00 7.724710000000000517e-04
1.959880000000000067e+00 7.759836000000000424e-04
1.964860000000000051e+00 7.765680000000000499e-04
1.969891000000000059e+00 7.841777999999999986e-04
1.974909999999999943e+00 7.865189000000000295e-04
1.979927999999999910e+00 7.906163999999999813e-04
1.984930000000000083e+00 7.929578000000000060e-04
1.989910000000000068e+00 7.982253999999999825e-04
1.994966000000000017e+00 8.023231000000000026e-04
1.999983999999999984e+00 8.081765999999999560e-04
