7.999783999999999784e-01 2.363591999999999900e-06
8.023377999999999899e-01 2.472191000000000197e-06
3.083771000000000151e-01 2.226043999999999892e-06
8.069621000000000155e-01 2.707301000000000136e-06
8.093367000000000200e-01 2.826499000000000143e-06
8.116788000000000336e-01 2.595640000000000021e-06
3.426041000000000225e-01 2.702297999999999890e-06
8.163825999999999583e-01 3.248060999999999851e-06
8.187389000000000472e-01 3.077632999999999829e-06
8.210382999999999987e-01 1.846535999999999959e-06
3.735764999999999780e-01 3.248363000000000141e-06
8.257335000000000091e-01 3.703285999999999800e-06
8.280874000000000290e-01 2.118383000000000077e-06
3.807837000000000027e-01 3.753951999999999918e-06
8.327752999999999961e-01 4.426386999999999943e-06
8.350708000000000020e-01 2.442681999999999850e-06
8.374525999999999915e-01 4.900361999999999924e-06
5.552645999999999971e-01 2.149044999999999852e-06
8.421205999999999969e-01 2.817537999999999908e-06
8.445002000000000342e-01 5.737275000000000054e-06
5.582076000000000260e-01 2.454564000000000035e-06
8.491235000000000310e-01 3.248637999999999897e-06
8.514798000000000089e-01 6.581938000000000237e-06
8.538073000000000468e-01 6.942194999999999861e-06
4.096285000000000065e-01 5.988655000000000178e-06
8.585433000000000092e-01 7.643598000000000335e-06
8.608025000000000260e-01 7.904424000000000741e-06
4.159990000000000077e-01 6.778383999999999745e-06
8.655591999999999731e-01 8.764189999999999177e-06
8.678784000000000498e-01 9.112872999999999918e-06
8.702235000000000387e-01 9.627164999999999161e-06
8.726150999999999769e-01 1.006395999999999944e-05
8.748989999999999823e-01 1.055470999999999978e-05
8.772062999999999944e-01 1.106503000000000034e-05
8.795954000000000272e-01 1.158174999999999969e-05
8.819664000000000392e-01 1.212653000000000026e-05
8.842735999999999930e-01 1.261473000000000009e-05
8.865923999999999472e-01 1.327521000000000025e-05
4.661515999999999993e-01 5.922237999999999591e-06
8.912755999999999457e-01 1.174396000000000030e-05
8.936115999999999504e-01 1.524951999999999998e-05
8.959804999999999575e-01 1.597076000000000021e-05
8.983465000000000478e-01 1.213189999999999984e-05
9.006070999999999938e-01 1.750314000000000129e-05
4.328789000000000109e-01 1.039397999999999937e-05
9.053674000000000444e-01 1.902349000000000105e-05
9.076762000000000441e-01 1.953044000000000134e-05
9.100416000000000061e-01 2.084316000000000120e-05
9.123023000000000104e-01 1.192995999999999987e-05
9.146727999999999525e-01 2.276959999999999965e-05
9.170262999999999609e-01 2.107197999999999946e-05
9.193763999999999825e-01 2.481953000000000054e-05
9.217256999999999811e-01 2.589411000000000067e-05
9.240768000000000315e-01 1.847132999999999921e-05
9.263609999999999900e-01 2.821678999999999992e-05
9.287292999999999799e-01 1.689786000000000020e-05
9.310654000000000430e-01 3.064780000000000157e-05
9.334732000000000030e-01 3.195501000000000222e-05
9.357864000000000182e-01 3.337943999999999699e-05
9.381247000000000336e-01 3.463008999999999830e-05
9.403588999999999976e-01 2.148150000000000092e-05
9.427605000000000013e-01 3.756904000000000173e-05
9.451070000000000304e-01 3.139626000000000016e-05
9.474555999999999534e-01 4.067523000000000189e-05
9.498083999999999971e-01 4.229647000000000197e-05
9.521055000000000490e-01 3.544510999999999783e-05
9.544633999999999618e-01 4.573564999999999976e-05
9.568508999999999487e-01 3.064170000000000175e-05
9.591577999999999493e-01 4.938233999999999923e-05
9.615791999999999673e-01 5.131774000000000107e-05
9.638797999999999533e-01 5.321689000000000134e-05
9.661752999999999592e-01 5.527204999999999879e-05
9.684296999999999489e-01 3.885708000000000304e-05
9.708676000000000528e-01 5.955049999999999845e-05
9.732237999999999722e-01 4.810602999999999857e-05
9.755496000000000167e-01 6.415927999999999941e-05
9.779775000000000551e-01 6.658587999999999410e-05
9.802033999999999470e-01 6.429980000000000396e-05
9.825597000000000358e-01 7.166264999999999734e-05
9.848166000000000420e-01 5.507509999999999722e-05
9.872543999999999764e-01 7.725334999999999787e-05
9.895796999999999510e-01 8.005445999999999450e-05
9.918991000000000335e-01 8.315041000000000337e-05
9.942242999999999498e-01 8.640297000000000396e-05
9.965874000000000121e-01 7.175840000000000061e-05
9.980527999999999622e-01 9.374385000000000541e-05
1.001304999999999890e+00 7.917144999999999565e-05
1.000720999999999972e+00 9.931254999999999836e-05
1.001584000000000030e+00 1.020326999999999964e-04
1.008332999999999924e+00 1.105868999999999966e-04
1.010691999999999924e+00 1.065322999999999964e-04
1.013020000000000032e+00 1.196519000000000055e-04
1.015379000000000032e+00 1.070504000000000009e-04
1.017736999999999892e+00 1.298487000000000024e-04
1.020038000000000000e+00 1.354627000000000066e-04
1.022361999999999993e+00 1.410515000000000098e-04
1.024729000000000001e+00 1.474775000000000055e-04
1.027079000000000075e+00 1.383688999999999958e-04
1.029409000000000018e+00 1.610741999999999968e-04
1.031711999999999962e+00 1.571389000000000076e-04
1.034070000000000045e+00 1.763082999999999870e-04
1.036437000000000053e+00 1.849742000000000085e-04
1.038764000000000021e+00 1.911652999999999974e-04
1.041115999999999930e+00 2.035817000000000095e-04
1.043477999999999906e+00 2.016587000000000078e-04
1.045771000000000006e+00 2.244345999999999874e-04
1.048103000000000007e+00 2.354130999999999975e-04
1.050464000000000064e+00 2.484984999999999993e-04
1.052821999999999925e+00 2.618868000000000216e-04
1.055153999999999925e+00 2.666292000000000119e-04
1.057512000000000008e+00 2.909969999999999788e-04
1.059809000000000001e+00 2.976260999999999794e-04
1.062165999999999944e+00 3.241071999999999790e-04
1.064529000000000059e+00 3.426810000000000077e-04
1.066856000000000027e+00 3.618092000000000053e-04
1.069215000000000027e+00 3.831010000000000036e-04
1.071504999999999930e+00 3.978098999999999806e-04
1.073873000000000077e+00 4.292939999999999864e-04
1.076203000000000021e+00 4.524562000000000202e-04
1.078556999999999988e+00 4.821593999999999902e-04
1.080920000000000103e+00 5.115550000000000175e-04
1.083250000000000046e+00 5.386463000000000405e-04
1.085541000000000089e+00 5.754952999999999718e-04
1.087901000000000007e+00 6.064490000000000072e-04
1.090262000000000064e+00 6.499986999999999605e-04
1.092583000000000082e+00 6.904291999999999591e-04
1.094945999999999975e+00 7.343822999999999974e-04
1.097237999999999936e+00 7.803957999999999728e-04
1.099601999999999968e+00 8.268884999999999690e-04
1.101927000000000101e+00 8.838783000000000447e-04
1.104281000000000068e+00 9.411985999999999573e-04
1.106651000000000051e+00 1.002910999999999993e-03
1.109007000000000076e+00 1.068888999999999950e-03
1.111334999999999962e+00 1.138527999999999979e-03
1.113658999999999955e+00 1.212558999999999989e-03
1.116023999999999905e+00 1.291999999999999963e-03
1.118386000000000102e+00 1.378674000000000089e-03
1.120711999999999930e+00 1.466917999999999998e-03
1.123072999999999988e+00 1.566034999999999910e-03
1.125367000000000006e+00 1.666837999999999913e-03
1.127726000000000006e+00 1.776971000000000019e-03
1.130052000000000056e+00 1.892697999999999950e-03
1.132420999999999900e+00 2.016243999999999936e-03
1.134776000000000007e+00 2.150121000000000063e-03
1.137072000000000083e+00 2.285796000000000095e-03
1.139399999999999968e+00 2.433718999999999986e-03
1.141766000000000059e+00 2.591981000000000146e-03
1.144126999999999894e+00 2.758551000000000145e-03
1.146452999999999944e+00 2.933114000000000120e-03
1.148814000000000002e+00 3.118267000000000087e-03
1.151110000000000078e+00 3.310635000000000140e-03
1.153472000000000053e+00 3.517624000000000011e-03
1.155796000000000046e+00 3.732366999999999890e-03
1.158160999999999996e+00 3.962237000000000398e-03
1.160516000000000103e+00 4.200899999999999600e-03
1.162838000000000038e+00 4.450047999999999851e-03
1.165167999999999981e+00 4.710343999999999989e-03
1.167499999999999982e+00 4.983951999999999827e-03
1.169861999999999957e+00 5.273064000000000050e-03
1.172217999999999982e+00 5.572345999999999723e-03
1.174546000000000090e+00 5.883430000000000257e-03
1.176841999999999944e+00 6.201146000000000262e-03
1.179200000000000026e+00 6.541293000000000107e-03
1.181559000000000026e+00 6.895189000000000352e-03
1.183888999999999969e+00 7.255568999999999907e-03
1.186244000000000076e+00 7.634722000000000036e-03
1.188608000000000109e+00 8.028070999999999471e-03
1.190900999999999987e+00 8.424054999999999738e-03
1.193227000000000038e+00 8.837437999999999544e-03
1.195586000000000038e+00 9.271104000000000497e-03
1.197942000000000062e+00 9.716469999999999621e-03
1.200272999999999923e+00 1.017119000000000009e-02
1.202673000000000103e+00 1.067844000000000085e-02
1.204963999999999924e+00 1.114865999999999947e-02
1.207327000000000039e+00 1.164867999999999980e-02
1.209659000000000040e+00 1.215544999999999994e-02
1.212013000000000007e+00 1.267955999999999944e-02
1.214375999999999900e+00 1.322035000000000050e-02
1.216666999999999943e+00 1.375630000000000082e-02
1.219033000000000033e+00 1.432203999999999942e-02
1.221360999999999919e+00 1.489087000000000049e-02
1.223719000000000001e+00 1.547995999999999921e-02
1.226053999999999977e+00 1.607632999999999979e-02
1.228410999999999920e+00 1.669023000000000034e-02
1.230701999999999963e+00 1.729883000000000115e-02
1.233063000000000020e+00 1.793691000000000035e-02
1.235427000000000053e+00 1.858887000000000039e-02
1.237756000000000078e+00 1.924137999999999890e-02
1.240116999999999914e+00 1.991460000000000105e-02
1.242410999999999932e+00 2.058103000000000016e-02
1.244774000000000047e+00 2.127696999999999922e-02
1.247101999999999933e+00 2.197440999999999978e-02
1.249459000000000097e+00 2.268836000000000117e-02
1.251827999999999941e+00 2.342067000000000107e-02
1.254150000000000098e+00 2.414861999999999911e-02
1.256442000000000059e+00 2.487581999999999988e-02
1.258806000000000092e+00 2.563847000000000001e-02
1.261166999999999927e+00 2.640446000000000112e-02
1.263492000000000060e+00 2.717282999999999851e-02
1.265852999999999895e+00 2.796235000000000040e-02
1.268213000000000035e+00 2.876068999999999848e-02
1.270513999999999921e+00 2.954841000000000065e-02
1.272874999999999979e+00 3.036584999999999979e-02
1.275198999999999971e+00 3.117947000000000080e-02
1.277571000000000012e+00 3.201688999999999924e-02
1.279895000000000005e+00 3.285075999999999968e-02
1.282219999999999915e+00 3.369148999999999755e-02
1.284553999999999974e+00 3.454321999999999948e-02
1.286910999999999916e+00 3.541380999999999696e-02
1.289274000000000031e+00 3.628995000000000137e-02
1.291600999999999999e+00 3.716556000000000026e-02
1.293963999999999892e+00 3.806106000000000072e-02
1.296261000000000108e+00 3.894083999999999740e-02
1.298613999999999935e+00 3.984692000000000095e-02
1.300937999999999928e+00 4.075201999999999991e-02
1.303309999999999969e+00 4.168113999999999847e-02
1.305665999999999993e+00 4.261274999999999785e-02
1.307994000000000101e+00 4.354232999999999715e-02
1.310289999999999955e+00 4.446459999999999996e-02
1.312648999999999955e+00 4.541825000000000029e-02
1.315013999999999905e+00 4.638351000000000279e-02
1.317337999999999898e+00 4.733637000000000261e-02
1.319706999999999963e+00 4.831607000000000263e-02
1.321993999999999891e+00 4.926619000000000137e-02
1.324351999999999974e+00 5.025657000000000041e-02
1.326680000000000081e+00 5.123981999999999842e-02
1.329045000000000032e+00 5.224249999999999727e-02
1.331406000000000089e+00 5.325151999999999664e-02
1.333728999999999942e+00 5.424727000000000021e-02
1.336057999999999968e+00 5.525763000000000202e-02
1.338389000000000051e+00 5.627290000000000070e-02
1.340754000000000001e+00 5.730724999999999708e-02
1.343113999999999919e+00 5.834559000000000273e-02
1.345439000000000052e+00 5.937682999999999850e-02
1.347798999999999969e+00 6.042378999999999806e-02
1.350087000000000037e+00 6.144962000000000341e-02
1.352449999999999930e+00 6.251257999999999815e-02
1.354789000000000021e+00 6.357026999999999817e-02
1.357142000000000071e+00 6.463907000000000680e-02
1.359504000000000046e+00 6.571630000000000527e-02
1.361796999999999924e+00 6.677065000000000083e-02
1.364125000000000032e+00 6.784432999999999436e-02
1.366489999999999982e+00 6.893992999999999649e-02
1.368841999999999892e+00 7.003391999999999951e-02
1.371175999999999950e+00 7.112720999999999627e-02
1.373536000000000090e+00 7.223238999999999355e-02
1.375826999999999911e+00 7.331479000000000468e-02
1.378195999999999977e+00 7.443613999999999786e-02
1.380519000000000052e+00 7.554212000000000427e-02
1.382876999999999912e+00 7.666742000000000001e-02
1.385239000000000109e+00 7.779835999999999696e-02
1.387569000000000052e+00 7.892153999999999836e-02
1.389901999999999971e+00 8.005018999999999330e-02
1.392222000000000071e+00 8.117639000000000105e-02
1.394581999999999988e+00 8.231997000000000619e-02
1.396948000000000079e+00 8.348002000000000200e-02
1.399272000000000071e+00 8.462332000000000187e-02
1.401564999999999950e+00 8.575301000000000451e-02
1.403926000000000007e+00 8.691767000000000243e-02
1.406287000000000065e+00 8.808673999999999671e-02
1.408617999999999926e+00 8.924746999999999542e-02
1.410978999999999983e+00 9.042735000000000356e-02
1.413351000000000024e+00 9.161453999999999431e-02
1.415640000000000009e+00 9.276619999999999311e-02
1.417966000000000060e+00 9.393787000000000664e-02
1.420322000000000084e+00 9.513059000000000098e-02
1.422689000000000092e+00 9.632865000000000177e-02
1.425021000000000093e+00 9.751746000000000025e-02
1.427342000000000111e+00 9.870375000000000676e-02
1.429673999999999889e+00 9.989510999999999530e-02
1.432031000000000054e+00 1.011058999999999986e-01
1.434358999999999940e+00 1.023043000000000008e-01
1.436722999999999972e+00 1.035240000000000049e-01
1.439138000000000028e+00 1.048990999999999951e-01
1.441429999999999989e+00 1.060743999999999992e-01
1.443788999999999989e+00 1.072929999999999995e-01
1.446120000000000072e+00 1.085065000000000057e-01
1.448490000000000055e+00 1.097396999999999956e-01
1.450843000000000105e+00 1.109672000000000019e-01
1.453167000000000098e+00 1.121882000000000018e-01
1.455465999999999926e+00 1.134016999999999942e-01
1.457829999999999959e+00 1.146461000000000008e-01
1.460198000000000107e+00 1.158963999999999966e-01
1.462517000000000067e+00 1.171254999999999935e-01
1.464879000000000042e+00 1.183781000000000000e-01
1.467173000000000060e+00 1.196014999999999995e-01
1.469530000000000003e+00 1.208588000000000023e-01
1.471862000000000004e+00 1.221084999999999948e-01
1.474226000000000036e+00 1.233744999999999981e-01
1.476585999999999954e+00 1.246401000000000037e-01
1.478914999999999980e+00 1.258951000000000098e-01
1.481219000000000063e+00 1.271388999999999991e-01
1.483575000000000088e+00 1.284107999999999916e-01
1.485929999999999973e+00 1.296875000000000111e-01
1.488258000000000081e+00 1.309464999999999935e-01
1.490620999999999974e+00 1.322323999999999999e-01
1.492982000000000031e+00 1.335177999999999920e-01
1.495276999999999967e+00 1.347758000000000012e-01
1.497638000000000025e+00 1.360599999999999865e-01
1.499967000000000050e+00 1.373400999999999927e-01
