3.152056999999999776e-01 1.986722000000000153e-06
4.277927000000000257e-01 2.051429999999999941e-06
8.046695999999999849e-01 2.810277999999999828e-06
4.476051999999999809e-01 1.895850000000000026e-06
8.093318000000000456e-01 2.477847000000000046e-06
8.116910000000000514e-01 3.119239000000000155e-06
4.726075000000000137e-01 2.175459000000000104e-06
8.163791000000000242e-01 2.851680000000000029e-06
8.187419000000000224e-01 3.442709999999999942e-06
4.706758999999999804e-01 2.501680999999999808e-06
8.233665999999999485e-01 3.278166999999999949e-06
8.257276000000000060e-01 3.790502999999999832e-06
4.596597000000000044e-01 2.850334999999999960e-06
8.304146000000000027e-01 3.783368999999999843e-06
8.327740000000000142e-01 3.991831000000000270e-06
4.753899999999999793e-01 3.280027999999999862e-06
8.374392000000000502e-01 4.346099000000000383e-06
8.397940000000000405e-01 4.605197999999999916e-06
5.110751000000000044e-01 3.754169000000000190e-06
8.444990999999999470e-01 5.019703999999999670e-06
8.467864000000000502e-01 5.287785000000000229e-06
5.017435999999999563e-01 4.316250999999999783e-06
8.514692000000000371e-01 5.784727999999999784e-06
8.538147999999999849e-01 1.033784000000000062e-05
3.993546000000000040e-01 8.500749999999999883e-06
5.210991000000000373e-01 5.125908999999999952e-06
3.741435000000000177e-01 8.843596000000000226e-06
8.631695999999999813e-01 1.274618000000000033e-05
4.116562000000000277e-01 6.741211000000000025e-06
8.678727000000000524e-01 1.244013000000000010e-05
8.702341000000000104e-01 1.449386999999999986e-05
5.449064999999999603e-01 6.859218999999999794e-06
8.748877999999999933e-01 1.384188999999999971e-05
8.771877999999999620e-01 1.653831999999999855e-05
8.795941000000000454e-01 1.018976000000000084e-05
8.819017999999999580e-01 1.100476999999999967e-05
8.842592999999999703e-01 1.313587999999999933e-05
8.865908999999999596e-01 1.173406000000000061e-05
8.889542999999999751e-01 2.042684999999999908e-05
8.912860000000000227e-01 1.293255000000000038e-05
8.936117000000000088e-01 2.179918000000000158e-05
8.959776000000000407e-01 1.428244000000000009e-05
8.982930999999999555e-01 1.490723999999999959e-05
9.006188000000000526e-01 2.496297999999999998e-05
9.029952999999999452e-01 1.634774999999999946e-05
9.053099999999999481e-01 2.746591999999999876e-05
9.076650000000000551e-01 1.799215000000000018e-05
9.100416999999999534e-01 2.194879000000000166e-05
9.123352000000000128e-01 2.006514000000000149e-05
9.146509000000000444e-01 2.075454999999999935e-05
9.170840000000000103e-01 3.360364000000000070e-05
9.193683999999999745e-01 2.284213999999999879e-05
9.217102999999999824e-01 3.641488000000000125e-05
9.240713999999999873e-01 2.515733999999999993e-05
9.262987999999999778e-01 2.636498000000000113e-05
9.287315999999999905e-01 3.058168999999999823e-05
9.310456000000000287e-01 2.897846999999999836e-05
9.334713999999999512e-01 4.410903000000000279e-05
9.357788000000000217e-01 3.189799999999999851e-05
9.381197999999999482e-01 4.003870000000000004e-05
9.404116000000000142e-01 3.513385000000000244e-05
9.427586000000000022e-01 3.682845999999999874e-05
9.451832000000000011e-01 5.330180999999999916e-05
9.474458000000000046e-01 4.049152999999999889e-05
9.498212999999999795e-01 5.741665999999999925e-05
9.521254000000000106e-01 4.457986000000000045e-05
9.544251999999999736e-01 4.676441999999999703e-05
9.568216000000000498e-01 5.616309999999999765e-05
9.591435999999999851e-01 5.145319000000000330e-05
9.615089999999999471e-01 6.924012000000000276e-05
9.638695000000000457e-01 5.673301000000000114e-05
9.661752000000000118e-01 6.985222999999999714e-05
9.684914999999999496e-01 6.257827000000000149e-05
9.708134000000000485e-01 6.556974000000000624e-05
9.732674999999999521e-01 8.370491999999999343e-05
9.755306999999999729e-01 7.212410999999999681e-05
9.778915999999999720e-01 9.029381000000000007e-05
9.801720999999999906e-01 7.946360999999999659e-05
9.808286000000000504e-01 8.410065000000000260e-05
9.848637999999999559e-01 8.925516999999999674e-05
9.872720000000000384e-01 1.020347000000000007e-04
9.892035000000000133e-01 9.610052000000000058e-05
9.919229000000000518e-01 1.018544000000000052e-04
9.942478000000000149e-01 1.068538999999999969e-04
9.966173999999999866e-01 1.206223999999999990e-04
9.989730999999999472e-01 1.180720999999999973e-04
1.001306999999999947e+00 1.367127000000000099e-04
1.003662999999999972e+00 1.304695000000000084e-04
1.005972000000000088e+00 1.434886999999999870e-04
1.008326999999999973e+00 1.446029000000000043e-04
1.010682000000000080e+00 1.518519000000000021e-04
1.013023999999999925e+00 1.706261999999999894e-04
1.015377999999999892e+00 1.680473999999999998e-04
1.017735000000000056e+00 1.871387999999999979e-04
1.020035000000000025e+00 1.862469000000000006e-04
1.022356000000000043e+00 1.960661000000000099e-04
1.024723000000000050e+00 2.100845999999999909e-04
1.027082999999999968e+00 2.177028000000000123e-04
1.029408000000000101e+00 2.378236000000000044e-04
1.031706000000000012e+00 2.415853999999999994e-04
1.034065999999999930e+00 2.609978999999999901e-04
1.036429999999999962e+00 2.691079999999999991e-04
1.038756999999999930e+00 2.837127999999999851e-04
1.041117000000000070e+00 3.063650000000000119e-04
1.043477999999999906e+00 3.162713999999999955e-04
1.045765000000000056e+00 3.398283000000000206e-04
1.048094999999999999e+00 3.523595000000000134e-04
1.050457999999999892e+00 3.732483000000000090e-04
1.052818000000000032e+00 3.947927000000000055e-04
1.055148999999999893e+00 4.163363000000000003e-04
1.057509999999999950e+00 4.454727000000000014e-04
1.059800000000000075e+00 4.654909000000000260e-04
1.062159999999999993e+00 4.971660999999999832e-04
1.064523000000000108e+00 5.220296000000000138e-04
1.066845999999999961e+00 5.525805999999999860e-04
1.069207000000000019e+00 5.889639999999999806e-04
1.071501999999999954e+00 6.196530999999999914e-04
1.073868000000000045e+00 6.606984999999999898e-04
1.076194000000000095e+00 6.963747999999999857e-04
1.078549999999999898e+00 7.398367999999999568e-04
1.080910999999999955e+00 7.838422000000000488e-04
1.083240999999999898e+00 8.314292000000000253e-04
1.085533999999999999e+00 8.840081999999999975e-04
1.087892999999999999e+00 9.357490000000000425e-04
1.090249000000000024e+00 9.962659999999999919e-04
1.092607000000000106e+00 1.056459999999999951e-03
1.094969000000000081e+00 1.124390000000000068e-03
1.097263000000000099e+00 1.190752000000000000e-03
1.099628999999999968e+00 1.265760000000000106e-03
1.101955999999999936e+00 1.345604999999999935e-03
1.104313000000000100e+00 1.428811000000000100e-03
1.106681999999999944e+00 1.520618999999999964e-03
1.109005999999999936e+00 1.613391000000000044e-03
1.111332999999999904e+00 1.714458999999999992e-03
1.113658000000000037e+00 1.819885999999999943e-03
1.116020999999999930e+00 1.934582000000000012e-03
1.118384999999999962e+00 2.057011999999999990e-03
1.120710000000000095e+00 2.183065000000000092e-03
1.123069000000000095e+00 2.320293000000000182e-03
1.125364999999999949e+00 2.459690999999999961e-03
1.127723999999999949e+00 2.612063999999999879e-03
1.130049999999999999e+00 2.771298000000000164e-03
1.132419000000000064e+00 2.941385999999999827e-03
1.134773000000000032e+00 3.121103000000000072e-03
1.137067999999999968e+00 3.304075000000000067e-03
1.139396999999999993e+00 3.499626999999999946e-03
1.141763000000000083e+00 3.709708999999999837e-03
1.144123999999999919e+00 3.929224999999999732e-03
1.146449999999999969e+00 4.156695000000000181e-03
1.148810000000000109e+00 4.397510999999999781e-03
1.151107000000000102e+00 4.644358000000000340e-03
1.153467999999999938e+00 4.908006000000000348e-03
1.155791999999999931e+00 5.179821999999999725e-03
1.158158000000000021e+00 5.469138000000000124e-03
1.160511999999999988e+00 5.768040999999999793e-03
1.162833999999999923e+00 6.076479000000000082e-03
1.165162000000000031e+00 6.397011999999999664e-03
1.167494000000000032e+00 6.730326000000000017e-03
1.169856999999999925e+00 7.081938999999999769e-03
1.172212000000000032e+00 7.445305000000000152e-03
1.174541000000000057e+00 7.816573999999999744e-03
1.176835000000000075e+00 8.195380000000000373e-03
1.179194000000000075e+00 8.597594999999999543e-03
1.181553999999999993e+00 9.013225999999999183e-03
1.183882000000000101e+00 9.436369999999999481e-03
1.186237999999999904e+00 9.877748999999999904e-03
1.188600000000000101e+00 1.033298000000000029e-02
1.190933000000000019e+00 1.082093999999999938e-02
1.193257000000000012e+00 1.129236999999999949e-02
1.195618000000000070e+00 1.178650000000000010e-02
1.197977000000000070e+00 1.229211000000000019e-02
1.200307999999999931e+00 1.280555000000000061e-02
1.202673000000000103e+00 1.333871000000000015e-02
1.204963999999999924e+00 1.386852000000000050e-02
1.207325999999999899e+00 1.442931000000000075e-02
1.209657999999999900e+00 1.498985000000000074e-02
1.212013000000000007e+00 1.557102999999999959e-02
1.214375999999999900e+00 1.616561000000000040e-02
1.216666999999999943e+00 1.675565000000000040e-02
1.219033999999999951e+00 1.737564999999999943e-02
1.221363999999999894e+00 1.799813999999999928e-02
1.223719999999999919e+00 1.863907000000000064e-02
1.226053000000000059e+00 1.928525999999999851e-02
1.228410999999999920e+00 1.994937999999999920e-02
1.230699999999999905e+00 2.060572000000000098e-02
1.233062000000000102e+00 2.129324999999999968e-02
1.235427000000000053e+00 2.199428999999999967e-02
1.237754999999999939e+00 2.269182999999999964e-02
1.240115999999999996e+00 2.341125999999999971e-02
1.242410999999999932e+00 2.412109999999999949e-02
1.244772999999999907e+00 2.485980000000000134e-02
1.247101000000000015e+00 2.560228000000000156e-02
1.249459000000000097e+00 2.636153000000000107e-02
1.251827999999999941e+00 2.713372999999999827e-02
1.254150000000000098e+00 2.790199999999999972e-02
1.256440999999999919e+00 2.866838000000000025e-02
1.258804999999999952e+00 2.946845000000000020e-02
1.261168000000000067e+00 3.027581999999999843e-02
1.263492000000000060e+00 3.108313000000000048e-02
1.265851999999999977e+00 3.190785000000000149e-02
1.268213999999999952e+00 3.274376999999999843e-02
1.270513000000000003e+00 3.356657999999999864e-02
1.272872999999999921e+00 3.441708999999999741e-02
1.275198000000000054e+00 3.526713000000000070e-02
1.277568999999999955e+00 3.614089999999999664e-02
1.279895999999999923e+00 3.700422999999999907e-02
1.282221000000000055e+00 3.787729000000000096e-02
1.284553999999999974e+00 3.876099000000000211e-02
1.286912000000000056e+00 3.966130999999999823e-02
1.289274000000000031e+00 4.056983000000000117e-02
1.291601999999999917e+00 4.147523999999999655e-02
1.293965000000000032e+00 4.239898999999999751e-02
1.296262000000000025e+00 4.330715000000000259e-02
1.298613999999999935e+00 4.424205999999999972e-02
1.300939000000000068e+00 4.517291999999999835e-02
1.303307999999999911e+00 4.612988999999999978e-02
1.305665000000000076e+00 4.708778000000000269e-02
1.307994000000000101e+00 4.804255000000000331e-02
1.310289000000000037e+00 4.898936999999999736e-02
1.312648000000000037e+00 4.996811999999999782e-02
1.315013999999999905e+00 5.095593999999999818e-02
1.317336000000000062e+00 5.193355999999999667e-02
1.319706000000000046e+00 5.293653999999999721e-02
1.321995000000000031e+00 5.391263000000000305e-02
1.324354000000000031e+00 5.492263000000000006e-02
1.326680999999999999e+00 5.592686999999999659e-02
1.329045000000000032e+00 5.695100000000000162e-02
1.331404999999999950e+00 5.798016999999999754e-02
1.333728000000000025e+00 5.899805999999999800e-02
1.336057999999999968e+00 6.003188000000000274e-02
1.338389000000000051e+00 6.106106000000000034e-02
1.340753000000000084e+00 6.211437999999999682e-02
1.343113000000000001e+00 6.317114999999999536e-02
1.345439999999999969e+00 6.421994000000000313e-02
1.347798999999999969e+00 6.528728000000000309e-02
1.350087000000000037e+00 6.633015000000000438e-02
1.352449000000000012e+00 6.740802999999999379e-02
1.354788000000000103e+00 6.848187999999999498e-02
1.357140000000000013e+00 6.956701999999999331e-02
1.359501999999999988e+00 7.066089000000000397e-02
1.361796000000000006e+00 7.172936000000000589e-02
1.364125000000000032e+00 7.282088999999999923e-02
1.366490999999999900e+00 7.392785999999999802e-02
1.368840999999999974e+00 7.503679000000000598e-02
1.371175000000000033e+00 7.614179999999999560e-02
1.373534999999999950e+00 7.726133999999999780e-02
1.375826999999999911e+00 7.835872000000000670e-02
1.378195999999999977e+00 7.949285999999999852e-02
1.380519000000000052e+00 8.060971000000000108e-02
1.382876999999999912e+00 8.174810999999999883e-02
1.385239000000000109e+00 8.289232000000000544e-02
1.387567999999999913e+00 8.402598000000000011e-02
1.389903000000000111e+00 8.516345999999999639e-02
1.392222999999999988e+00 8.630450000000000621e-02
1.394581000000000071e+00 8.746070000000000233e-02
1.396946000000000021e+00 8.862578000000000122e-02
1.399270999999999932e+00 8.977772000000000530e-02
1.401564999999999950e+00 9.091836000000000362e-02
1.403923999999999950e+00 9.209317999999999671e-02
1.406285999999999925e+00 9.327309000000000294e-02
1.408617000000000008e+00 9.444033999999999762e-02
1.410978000000000065e+00 9.562755000000000560e-02
