7.999834000000000112e-01 4.121780000000000371e-06
1.258917999999999981e-01 3.065687999999999810e-06
1.250548999999999966e-01 3.249665000000000082e-06
1.205143000000000048e-01 3.527295000000000166e-06
8.160148999999999875e-01 5.317100999999999696e-06
8.200376000000000332e-01 5.655164000000000359e-06
8.240577999999999514e-01 6.283420000000000396e-06
8.280796000000000268e-01 6.483549999999999952e-06
1.791536999999999991e-01 4.958048000000000273e-06
8.360670000000000046e-01 7.531053000000000382e-06
8.400957000000000008e-01 8.074294000000000184e-06
8.441231000000000151e-01 8.687585999999999665e-06
2.067133999999999916e-01 6.749418000000000199e-06
8.521250000000000213e-01 1.011638000000000054e-05
8.561857999999999969e-01 1.091968000000000012e-05
8.601874000000000464e-01 1.180308999999999985e-05
8.641682000000000530e-01 1.269095999999999987e-05
8.682296000000000458e-01 1.371799000000000077e-05
8.722588000000000008e-01 1.662741000000000010e-05
8.762229999999999741e-01 1.601104999999999979e-05
8.802408999999999928e-01 1.732439999999999967e-05
8.842638000000000442e-01 1.870344000000000062e-05
8.882830999999999921e-01 2.018696999999999961e-05
8.922752999999999934e-01 2.338108000000000078e-05
8.962592999999999810e-01 2.356180999999999930e-05
9.003301999999999694e-01 2.552506000000000122e-05
9.043084000000000122e-01 2.759706999999999834e-05
9.083086999999999689e-01 2.984434000000000097e-05
9.123280000000000278e-01 3.232433000000000024e-05
9.163411999999999669e-01 3.487509000000000019e-05
9.203765999999999892e-01 3.781215000000000016e-05
9.243637000000000103e-01 4.082125999999999886e-05
9.284230999999999456e-01 4.424452000000000105e-05
9.324255000000000182e-01 4.784522000000000200e-05
9.364116000000000106e-01 5.171879999999999685e-05
9.404278000000000359e-01 5.602976000000000072e-05
9.444470999999999838e-01 6.065063000000000041e-05
9.484742999999999924e-01 6.568753000000000634e-05
9.524622999999999839e-01 7.108762999999999551e-05
9.564426000000000316e-01 7.704363000000000422e-05
9.605065000000000408e-01 8.357491000000000583e-05
9.643321999999999727e-01 9.029228000000000145e-05
9.676860999999999935e-01 9.657607999999999709e-05
9.703237000000000112e-01 1.021547999999999998e-04
9.765618000000000354e-01 1.156984000000000034e-04
9.805882999999999683e-01 1.255515999999999924e-04
9.845743999999999607e-01 1.362419999999999875e-04
9.886338999999999544e-01 1.481385000000000048e-04
9.926188999999999707e-01 1.608969999999999877e-04
9.966152000000000344e-01 1.749328000000000135e-04
1.000602999999999909e+00 1.900958999999999971e-04
1.004669000000000034e+00 2.071603000000000095e-04
1.008658000000000055e+00 2.255275000000000053e-04
1.012680000000000025e+00 2.459003999999999877e-04
1.016672000000000020e+00 2.679550999999999851e-04
1.020728999999999997e+00 2.946032999999999920e-04
1.024720000000000075e+00 3.193687999999999974e-04
1.028702999999999923e+00 3.487760000000000231e-04
1.032764999999999933e+00 3.818035000000000114e-04
1.036751999999999896e+00 4.176493000000000197e-04
1.040780999999999956e+00 4.574151000000000042e-04
1.044763000000000108e+00 5.010832000000000003e-04
1.048823999999999979e+00 5.502022000000000293e-04
1.052809000000000106e+00 6.035842999999999937e-04
1.056799999999999962e+00 6.627358999999999984e-04
1.060783999999999949e+00 7.280029000000000361e-04
1.064843999999999902e+00 8.016695000000000331e-04
1.068829999999999947e+00 8.825340999999999568e-04
1.072861000000000065e+00 9.718354999999999485e-04
1.076881999999999895e+00 1.072550000000000022e-03
1.080934000000000061e+00 1.183201999999999952e-03
1.084927999999999892e+00 1.304531000000000050e-03
1.088915999999999995e+00 1.438508999999999925e-03
1.092977000000000087e+00 1.589389000000000080e-03
1.096961999999999993e+00 1.753142000000000068e-03
1.100956999999999963e+00 1.934189999999999911e-03
1.104973999999999901e+00 2.134786000000000062e-03
1.109002000000000043e+00 2.355695000000000098e-03
1.113021999999999956e+00 2.598106000000000200e-03
1.117015000000000091e+00 2.861654999999999841e-03
1.121002000000000054e+00 3.149378999999999894e-03
1.125059000000000031e+00 3.468876999999999985e-03
1.129046999999999912e+00 3.810162000000000184e-03
1.133040000000000047e+00 4.180706999999999653e-03
1.137062999999999935e+00 4.584417999999999827e-03
1.141094000000000053e+00 5.021104000000000192e-03
1.145119999999999916e+00 5.490120000000000243e-03
1.149107000000000101e+00 5.988010000000000208e-03
1.153159999999999963e+00 6.529232999999999738e-03
1.157148000000000065e+00 7.096426999999999770e-03
1.161137000000000086e+00 7.699680999999999886e-03
1.165154999999999941e+00 8.343168999999999239e-03
1.169181000000000026e+00 9.025089000000000028e-03
1.173199000000000103e+00 9.741734999999999631e-03
1.177024999999999988e+00 1.045955999999999969e-02
1.181218000000000101e+00 1.131608999999999914e-02
1.185276999999999914e+00 1.214529999999999950e-02
1.189265000000000017e+00 1.300147999999999929e-02
1.193256000000000094e+00 1.389295999999999934e-02
1.197284000000000015e+00 1.482759999999999981e-02
1.201305999999999985e+00 1.579646999999999996e-02
1.205329000000000095e+00 1.679941000000000073e-02
1.209324000000000066e+00 1.782921999999999979e-02
1.213379999999999903e+00 1.890785999999999856e-02
1.217371999999999899e+00 2.000127000000000155e-02
1.221362999999999976e+00 2.112510999999999903e-02
1.225351999999999997e+00 2.227911000000000127e-02
1.229405000000000081e+00 2.348172000000000106e-02
1.233395999999999937e+00 2.469578000000000051e-02
1.237419000000000047e+00 2.594803999999999861e-02
1.241411000000000042e+00 2.721764999999999948e-02
1.245467000000000102e+00 2.853442000000000131e-02
1.249457000000000040e+00 2.985809999999999853e-02
1.253451000000000093e+00 3.120819999999999844e-02
1.257503999999999955e+00 3.260223999999999761e-02
1.261495000000000033e+00 3.400045000000000150e-02
1.265519999999999978e+00 3.543281000000000208e-02
1.269514000000000031e+00 3.687975999999999754e-02
1.273566999999999894e+00 3.836885000000000295e-02
1.277568000000000037e+00 3.986220000000000041e-02
1.281554000000000082e+00 4.137093000000000020e-02
1.285549999999999971e+00 4.290130000000000332e-02
1.289609000000000005e+00 4.448037999999999992e-02
1.293600000000000083e+00 4.605155999999999833e-02
1.297614000000000045e+00 4.765147000000000133e-02
1.301604999999999901e+00 4.925968000000000013e-02
1.305662000000000100e+00 5.091666000000000247e-02
1.309652000000000038e+00 5.255702000000000290e-02
1.313641999999999976e+00 5.421892999999999851e-02
1.317698000000000036e+00 5.592412000000000077e-02
1.321695000000000064e+00 5.762206000000000272e-02
1.325682000000000027e+00 5.933120000000000061e-02
1.329707999999999890e+00 6.107235999999999915e-02
1.333727000000000107e+00 6.282714000000000354e-02
1.337761999999999896e+00 6.460364999999999858e-02
1.341747999999999941e+00 6.637319999999999331e-02
1.345741000000000076e+00 6.816007000000000315e-02
1.349788999999999906e+00 6.998335999999999446e-02
1.353787999999999991e+00 7.180092999999999892e-02
1.357806999999999986e+00 7.363891999999999660e-02
1.361793999999999949e+00 7.547805999999999960e-02
1.365849000000000091e+00 7.735659999999999759e-02
1.369836999999999971e+00 7.921949999999999825e-02
1.373831999999999942e+00 8.109774999999999623e-02
1.377887000000000084e+00 8.301505000000000689e-02
1.381877999999999940e+00 8.491427999999999476e-02
1.385864999999999903e+00 8.682241000000000264e-02
1.389899999999999913e+00 8.876241999999999466e-02
1.393915000000000015e+00 9.070596999999999688e-02
1.397939999999999960e+00 9.266365000000000018e-02
1.401925000000000088e+00 9.461361000000000077e-02
1.405921999999999894e+00 9.657793000000000627e-02
1.409977999999999954e+00 9.857908999999999422e-02
1.413977999999999957e+00 1.005640000000000006e-01
1.417964000000000002e+00 1.025525999999999938e-01
1.422042000000000028e+00 1.047759999999999941e-01
1.426072000000000006e+00 1.067667999999999950e-01
1.430091999999999919e+00 1.087903000000000064e-01
1.434080999999999939e+00 1.108038999999999968e-01
1.438134999999999941e+00 1.128625000000000045e-01
1.442128999999999994e+00 1.149005000000000026e-01
1.446118999999999932e+00 1.169440000000000063e-01
1.450110999999999928e+00 1.189944000000000002e-01
1.454164999999999930e+00 1.210834999999999967e-01
1.458161000000000040e+00 1.231514999999999971e-01
1.462191000000000018e+00 1.252453000000000038e-01
1.466180000000000039e+00 1.273273000000000044e-01
1.470232999999999901e+00 1.294455999999999940e-01
1.474226999999999954e+00 1.315398999999999874e-01
1.478218999999999950e+00 1.336407000000000012e-01
1.482242000000000060e+00 1.357654000000000083e-01
1.486267999999999923e+00 1.378973000000000004e-01
1.490289999999999893e+00 1.400355000000000072e-01
1.494282000000000110e+00 1.421590000000000076e-01
1.498340000000000005e+00 1.443230000000000068e-01
1.502326999999999968e+00 1.464601000000000097e-01
1.506315000000000071e+00 1.485978000000000021e-01
1.510310000000000041e+00 1.507488999999999912e-01
1.514367999999999936e+00 1.529310000000000114e-01
1.518356999999999957e+00 1.550855999999999901e-01
1.522380999999999984e+00 1.572607000000000033e-01
1.526375000000000037e+00 1.594264999999999988e-01
1.530440000000000023e+00 1.616314000000000084e-01
1.534427999999999903e+00 1.638034999999999908e-01
1.538416000000000006e+00 1.659775000000000000e-01
1.542410999999999976e+00 1.681725000000000025e-01
1.546464000000000061e+00 1.703861999999999877e-01
1.550464000000000064e+00 1.725760000000000072e-01
1.554481000000000002e+00 1.747786000000000062e-01
1.558513000000000037e+00 1.769940000000000124e-01
1.562532999999999950e+00 1.792049000000000003e-01
1.566530999999999896e+00 1.814121999999999957e-01
1.570513999999999966e+00 1.836100999999999983e-01
1.574572000000000083e+00 1.858442999999999901e-01
1.578562999999999938e+00 1.880545999999999884e-01
1.582597000000000032e+00 1.902847000000000011e-01
1.586583999999999994e+00 1.924903000000000031e-01
1.590635999999999939e+00 1.947390999999999983e-01
1.594629000000000074e+00 1.969522999999999968e-01
1.598621999999999987e+00 1.991706000000000032e-01
1.602681999999999940e+00 2.014247999999999872e-01
1.606668999999999903e+00 2.036427000000000098e-01
1.610662999999999956e+00 2.058621999999999952e-01
1.614684000000000008e+00 2.080975999999999937e-01
1.618713999999999986e+00 2.103411000000000031e-01
1.622732000000000063e+00 2.125777000000000083e-01
1.626729000000000092e+00 2.148037999999999892e-01
1.630716000000000054e+00 2.170250999999999986e-01
1.634779999999999900e+00 2.192873999999999934e-01
1.638768000000000002e+00 2.215139999999999887e-01
1.642754000000000048e+00 2.237376000000000087e-01
1.646781000000000050e+00 2.259790000000000132e-01
1.650805000000000078e+00 2.282225999999999977e-01
1.654832000000000081e+00 2.304644000000000137e-01
1.658819000000000043e+00 2.326845999999999914e-01
1.662879999999999914e+00 2.349402999999999908e-01
1.666868999999999934e+00 2.371634999999999993e-01
1.670865999999999962e+00 2.393914000000000042e-01
1.674881000000000064e+00 2.416231000000000073e-01
1.678916000000000075e+00 2.438632000000000022e-01
1.682930999999999955e+00 2.460910000000000042e-01
1.686935999999999991e+00 2.483164999999999956e-01
1.690919000000000061e+00 2.505297000000000218e-01
1.694981000000000071e+00 2.527768000000000237e-01
1.698968000000000034e+00 2.549864000000000019e-01
1.702965999999999980e+00 2.571959999999999802e-01
1.706992000000000065e+00 2.594179999999999819e-01
1.711009000000000002e+00 2.616357999999999739e-01
1.715036999999999923e+00 2.638513000000000108e-01
1.719028999999999918e+00 2.660539000000000098e-01
1.723092999999999986e+00 2.682852000000000015e-01
1.727076999999999973e+00 2.704685000000000006e-01
1.731071999999999944e+00 2.726623000000000241e-01
1.735060999999999964e+00 2.748437000000000241e-01
1.739117999999999942e+00 2.770657000000000258e-01
1.743106000000000044e+00 2.792385000000000006e-01
1.747131999999999907e+00 2.814306999999999781e-01
1.751120999999999928e+00 2.836022000000000265e-01
1.755181000000000102e+00 2.858024000000000120e-01
1.759169999999999900e+00 2.879652999999999796e-01
1.763163999999999954e+00 2.901229000000000169e-01
1.767150999999999916e+00 2.922761999999999860e-01
1.771214000000000066e+00 2.944617999999999958e-01
1.775206999999999979e+00 2.966098999999999819e-01
1.779230000000000089e+00 2.987661999999999818e-01
1.781001000000000056e+00 2.998423000000000060e-01
