5.000082999999999611e-01 1.165502000000000056e-07
5.075581999999999594e-01 9.316295000000000242e-08
5.151059000000000054e-01 9.900872999999999668e-08
5.225908000000000220e-01 1.048554000000000033e-07
5.301384000000000096e-01 9.316113000000000459e-08
5.376904000000000128e-01 1.048554000000000033e-07
5.452407999999999699e-01 1.048554000000000033e-07
5.527191999999999661e-01 1.107012000000000040e-07
5.602734999999999799e-01 1.282425999999999972e-07
5.678199000000000440e-01 1.223946000000000099e-07
5.753722999999999477e-01 1.282431000000000110e-07
5.828919000000000183e-01 1.282431000000000110e-07
5.904399000000000175e-01 1.399368999999999989e-07
5.979986999999999941e-01 1.750165999999999897e-07
6.055469999999999464e-01 1.516285000000000002e-07
6.130318999999999630e-01 2.100980999999999985e-07
6.205760000000000165e-01 2.159438000000000070e-07
6.281293999999999489e-01 2.334843000000000045e-07
6.356749999999999901e-01 2.334833999999999955e-07
6.431945999999999497e-01 2.861049999999999801e-07
6.507488000000000161e-01 2.861032000000000151e-07
6.582951999999999693e-01 3.504184999999999955e-07
6.658475999999999839e-01 3.913462000000000001e-07
6.733308000000000071e-01 4.030396000000000193e-07
6.808807999999999527e-01 4.790447000000000359e-07
6.884265999999999996e-01 5.550553000000000455e-07
6.959809000000000134e-01 6.135230999999999730e-07
7.034945000000000226e-01 6.953784999999999822e-07
7.110454000000000496e-01 7.889250000000000317e-07
7.185970999999999886e-01 9.058588000000000276e-07
7.261452000000000462e-01 1.016948000000000008e-06
7.336378999999999539e-01 1.215739000000000084e-06
7.411872000000000460e-01 1.379444000000000027e-06
7.487359999999999571e-01 1.566539999999999997e-06
7.562807999999999753e-01 1.806258999999999895e-06
7.638013000000000163e-01 2.081055000000000102e-06
7.713491000000000097e-01 2.402625999999999957e-06
7.789045999999999470e-01 2.800204999999999815e-06
7.864539000000000391e-01 3.227019000000000079e-06
7.939359000000000277e-01 3.718145000000000211e-06
8.014881000000000366e-01 4.337899000000000190e-06
8.090365000000000473e-01 5.016119999999999841e-06
8.165848999999999469e-01 5.817127000000000285e-06
8.240634999999999488e-01 6.752604999999999869e-06
8.316179000000000210e-01 7.834253000000000291e-06
8.391659999999999675e-01 9.097147999999999319e-06
8.467211000000000043e-01 1.052375999999999968e-05
8.542332000000000258e-01 1.220761999999999951e-05
8.617850999999999706e-01 1.414289000000000072e-05
8.693437999999999999e-01 1.643481999999999861e-05
8.768926000000000220e-01 1.906001000000000117e-05
8.843761999999999457e-01 2.211200000000000107e-05
8.919192999999999705e-01 2.564343999999999855e-05
8.994712000000000263e-01 2.973615999999999890e-05
9.070205000000000073e-01 3.455389000000000062e-05
9.145389000000000435e-01 4.004981999999999867e-05
9.220884000000000302e-01 4.647539999999999891e-05
9.296398999999999635e-01 5.397673000000000320e-05
9.371920000000000250e-01 6.268836000000000503e-05
9.446704000000000212e-01 7.272726000000000136e-05
9.522237999999999536e-01 8.463126000000000123e-05
9.597691999999999890e-01 9.845877999999999857e-05
9.673224999999999740e-01 1.146542999999999976e-04
9.748423999999999978e-01 1.336036000000000027e-04
9.823895000000000266e-01 1.559440000000000099e-04
9.899367999999999501e-01 1.822249999999999977e-04
9.974872000000000183e-01 2.133647999999999871e-04
1.005047000000000024e+00 2.502459999999999754e-04
1.012523999999999980e+00 2.936465000000000082e-04
1.020078999999999958e+00 3.457876000000000027e-04
1.027622999999999953e+00 4.079967999999999898e-04
1.035174999999999956e+00 4.827184000000000097e-04
1.042697999999999903e+00 5.721501999999999621e-04
1.050243000000000038e+00 6.801455000000000087e-04
1.057797000000000098e+00 8.106504999999999527e-04
1.065344999999999986e+00 9.683136999999999647e-04
1.072835999999999901e+00 1.157321999999999908e-03
1.080375000000000085e+00 1.387011000000000060e-03
1.087928999999999924e+00 1.664649000000000033e-03
1.095472000000000001e+00 1.997936000000000070e-03
1.102991999999999972e+00 2.395603000000000055e-03
1.110548000000000091e+00 2.871282000000000174e-03
1.118093000000000004e+00 3.432725000000000186e-03
1.125607000000000024e+00 4.088343999999999832e-03
1.133126999999999995e+00 4.850216000000000076e-03
1.140681000000000056e+00 5.730742999999999948e-03
1.148228999999999944e+00 6.733527999999999909e-03
1.155785000000000062e+00 7.865880000000000441e-03
1.163262000000000018e+00 9.116594000000000433e-03
1.170814999999999939e+00 1.051381000000000017e-02
1.178360999999999992e+00 1.204419999999999970e-02
1.185910999999999937e+00 1.370921999999999939e-02
1.193429000000000073e+00 1.549773999999999943e-02
1.200979000000000019e+00 1.742188999999999890e-02
1.208531000000000022e+00 1.947083999999999968e-02
1.216070999999999902e+00 2.163690000000000058e-02
1.223556000000000088e+00 2.390203999999999940e-02
1.231101000000000001e+00 2.629464999999999927e-02
1.238661000000000012e+00 2.879775999999999864e-02
1.246205000000000007e+00 3.139783000000000157e-02
1.253722000000000003e+00 3.408436000000000105e-02
1.261269999999999891e+00 3.687392999999999921e-02
1.268818999999999919e+00 3.975135999999999947e-02
1.276365999999999890e+00 4.271213000000000093e-02
1.283849000000000018e+00 4.572625999999999774e-02
1.291401999999999939e+00 4.884427000000000213e-02
1.298948999999999909e+00 5.203159999999999730e-02
1.306502999999999970e+00 5.529164000000000301e-02
1.314014000000000015e+00 5.859941999999999929e-02
1.321566000000000018e+00 6.198595999999999967e-02
1.329115999999999964e+00 6.543269000000000168e-02
1.336667000000000050e+00 6.893644000000000160e-02
1.344152000000000013e+00 7.246631000000000600e-02
1.351685999999999943e+00 7.606936000000000253e-02
1.359234999999999971e+00 7.972944999999999338e-02
1.366781999999999941e+00 8.343625999999999820e-02
1.374298999999999937e+00 8.717465000000000630e-02
1.381849000000000105e+00 9.097243000000000690e-02
1.389399000000000051e+00 9.481270999999999449e-02
1.396948000000000079e+00 9.869210000000000482e-02
1.399034000000000111e+00 9.999686000000000685e-02
