7.999838000000000227e-01 5.595364999999999917e-06
8.039872999999999603e-01 8.013007999999999565e-06
2.996354999999999991e-01 4.696732999999999709e-06
8.120241000000000264e-01 6.981176999999999754e-06
8.160325999999999969e-01 1.019089000000000027e-05
8.200397000000000380e-01 8.115222999999999399e-06
3.061518999999999768e-01 8.683919000000000298e-06
8.281186000000000380e-01 1.296934000000000075e-05
8.320676999999999657e-01 1.018929000000000015e-05
8.360448999999999797e-01 1.098836999999999928e-05
8.401224000000000469e-01 1.188541000000000044e-05
8.441161999999999832e-01 1.277551000000000061e-05
8.481414000000000453e-01 1.678202000000000098e-05
8.521227999999999581e-01 1.486132999999999989e-05
8.561729999999999619e-01 1.606172000000000044e-05
8.601794999999999858e-01 1.733383999999999937e-05
8.641712999999999756e-01 1.867701999999999893e-05
8.682265999999999595e-01 2.004875000000000011e-05
8.722223000000000059e-01 2.176761999999999946e-05
8.762419000000000180e-01 3.255768000000000030e-05
8.802495999999999654e-01 2.538193000000000044e-05
8.842147999999999675e-01 2.741060999999999877e-05
8.882826999999999806e-01 2.972070000000000159e-05
8.922685999999999673e-01 3.196176000000000008e-05
8.962647000000000252e-01 3.635196999999999815e-05
9.003242999999999663e-01 3.732563000000000265e-05
9.043565000000000076e-01 4.271390999999999844e-05
9.083073000000000397e-01 4.348900000000000324e-05
9.123364999999999947e-01 4.702311000000000116e-05
9.163470999999999700e-01 5.069489000000000075e-05
9.203687999999999869e-01 5.494381000000000140e-05
9.243548999999999793e-01 7.064069999999999605e-05
9.284156000000000075e-01 6.422339999999999906e-05
9.323502000000000178e-01 6.942277000000000007e-05
9.363981000000000110e-01 7.516971999999999424e-05
9.404430000000000289e-01 8.151005000000000067e-05
9.443669999999999565e-01 8.781606000000000503e-05
9.467948999999999948e-01 9.434009000000000090e-05
9.524801000000000517e-01 1.031570000000000018e-04
9.564734000000000291e-01 1.117922999999999969e-04
9.605255000000000321e-01 1.209671999999999961e-04
9.645184999999999453e-01 1.341919000000000120e-04
9.685097000000000289e-01 1.418447999999999942e-04
9.725740999999999969e-01 1.543671999999999948e-04
9.765576999999999730e-01 1.667995999999999878e-04
9.805814000000000474e-01 1.809861999999999918e-04
9.845717999999999970e-01 1.961142999999999936e-04
9.886314999999999964e-01 2.133554000000000071e-04
9.926158000000000481e-01 2.387458999999999870e-04
9.966112000000000304e-01 2.515705999999999932e-04
1.000594999999999901e+00 2.733575000000000132e-04
1.004667999999999894e+00 2.978793000000000196e-04
1.008653999999999940e+00 3.238906999999999854e-04
1.012675999999999910e+00 3.531170000000000142e-04
1.016666000000000070e+00 3.842243999999999868e-04
1.020726999999999940e+00 4.204116000000000255e-04
1.024712999999999985e+00 4.573350999999999914e-04
1.028697999999999890e+00 4.989648000000000173e-04
1.032758000000000065e+00 5.456665999999999773e-04
1.036745999999999945e+00 5.962059000000000239e-04
1.040772999999999948e+00 6.548659000000000077e-04
1.044755000000000100e+00 7.136672999999999628e-04
1.048812999999999995e+00 7.824766000000000360e-04
1.052799000000000040e+00 8.570993000000000491e-04
1.056791000000000036e+00 9.394082000000000430e-04
1.060696000000000083e+00 1.028639999999999936e-03
1.064869000000000065e+00 1.134325999999999954e-03
1.068856999999999946e+00 1.245091000000000036e-03
1.072891000000000039e+00 1.368539999999999904e-03
1.076880999999999977e+00 1.504010999999999976e-03
1.080932999999999922e+00 1.653998999999999964e-03
1.084926000000000057e+00 1.817369000000000102e-03
1.088913999999999938e+00 1.996832999999999941e-03
1.092973999999999890e+00 2.197558999999999971e-03
1.096959999999999935e+00 2.414442000000000151e-03
1.100954999999999906e+00 2.650678000000000062e-03
1.104972000000000065e+00 2.911080999999999825e-03
1.108999999999999986e+00 3.195673999999999911e-03
1.113018999999999981e+00 3.505015000000000214e-03
1.117010999999999976e+00 3.838480999999999924e-03
1.120997999999999939e+00 4.199017999999999674e-03
1.125054999999999916e+00 4.595596000000000403e-03
1.129043000000000019e+00 5.015177000000000003e-03
1.133034000000000097e+00 5.466569000000000116e-03
1.137056999999999984e+00 5.953851999999999929e-03
1.141089000000000020e+00 6.476039999999999748e-03
1.145113000000000048e+00 7.031598000000000015e-03
1.149100000000000010e+00 7.616257999999999882e-03
1.153154000000000012e+00 8.245670999999999556e-03
1.157140000000000057e+00 8.901422000000000848e-03
1.161129000000000078e+00 9.592075999999999728e-03
1.165143000000000040e+00 1.032314999999999969e-02
1.169211000000000000e+00 1.113481000000000019e-02
1.173232999999999970e+00 1.193511000000000051e-02
1.177224999999999966e+00 1.276859999999999974e-02
1.181216000000000044e+00 1.363545000000000035e-02
1.185273999999999939e+00 1.455483999999999944e-02
1.189265000000000017e+00 1.549201000000000050e-02
1.193254999999999955e+00 1.646264999999999881e-02
1.197281000000000040e+00 1.747548999999999977e-02
1.201303000000000010e+00 1.852219999999999908e-02
1.205327999999999955e+00 1.959802000000000072e-02
1.209322999999999926e+00 2.069932999999999843e-02
1.213376999999999928e+00 2.184834999999999902e-02
1.217370999999999981e+00 2.300957000000000002e-02
1.221360000000000001e+00 2.419957000000000011e-02
1.225349000000000022e+00 2.541734999999999828e-02
1.229403999999999941e+00 2.668275000000000161e-02
1.233392999999999962e+00 2.795670000000000099e-02
1.237417999999999907e+00 2.926760999999999946e-02
1.241408999999999985e+00 3.059368999999999977e-02
1.245465000000000044e+00 3.196618999999999849e-02
1.249455999999999900e+00 3.334215000000000095e-02
1.253449000000000035e+00 3.474295000000000161e-02
1.257503000000000037e+00 3.618787999999999866e-02
1.261492999999999975e+00 3.763390999999999958e-02
1.265517000000000003e+00 3.911353000000000052e-02
1.269511999999999974e+00 4.060510999999999981e-02
1.273565999999999976e+00 4.213845000000000091e-02
1.277566999999999897e+00 4.367363999999999968e-02
1.281552000000000024e+00 4.522260000000000169e-02
1.285547999999999913e+00 4.679490000000000038e-02
1.289606000000000030e+00 4.841012000000000093e-02
1.293597000000000108e+00 5.001826000000000189e-02
1.297611999999999988e+00 5.165298000000000112e-02
1.301603000000000065e+00 5.329669000000000073e-02
1.305660000000000043e+00 5.497466000000000158e-02
1.309650999999999899e+00 5.666047999999999918e-02
1.313639999999999919e+00 5.835303000000000018e-02
1.317696999999999896e+00 6.008857000000000087e-02
1.321693999999999924e+00 6.181533000000000166e-02
1.325677999999999912e+00 6.355724000000000096e-02
1.329704999999999915e+00 6.532187999999999883e-02
1.333722999999999992e+00 6.710246999999999740e-02
1.337760000000000060e+00 6.890345000000000497e-02
1.341746000000000105e+00 7.069814000000000653e-02
1.345739000000000019e+00 7.250848999999999489e-02
1.349787000000000070e+00 7.435437000000000296e-02
1.353785000000000016e+00 7.619196999999999775e-02
1.357804000000000011e+00 7.805301000000000600e-02
1.361791999999999891e+00 7.991101999999999927e-02
1.365847000000000033e+00 8.180951999999999669e-02
1.369834999999999914e+00 8.369089999999999863e-02
1.373828000000000049e+00 8.558813999999999311e-02
1.377884000000000109e+00 8.751941000000000581e-02
1.381876000000000104e+00 8.943595999999999491e-02
1.385863000000000067e+00 9.135907999999999529e-02
1.389898000000000078e+00 9.331419000000000519e-02
1.393912999999999958e+00 9.525127999999999373e-02
1.397939000000000043e+00 9.696261999999999937e-02
1.401923999999999948e+00 9.907153000000000487e-02
1.405920999999999976e+00 1.010476000000000013e-01
1.409977000000000036e+00 1.030833000000000027e-01
1.413537000000000043e+00 1.049511999999999945e-01
1.418017000000000083e+00 1.073672999999999988e-01
1.422044000000000086e+00 1.093732000000000038e-01
1.426072000000000006e+00 1.114066999999999974e-01
1.430091999999999919e+00 1.134436000000000055e-01
1.434080999999999939e+00 1.154671000000000031e-01
1.438134999999999941e+00 1.175346000000000030e-01
1.442131000000000052e+00 1.195756000000000041e-01
1.446120999999999990e+00 1.216277999999999943e-01
1.450112000000000068e+00 1.236894000000000049e-01
1.454164999999999930e+00 1.257860000000000089e-01
1.458161000000000040e+00 1.278575000000000128e-01
1.462190000000000101e+00 1.267254999999999909e-01
1.466178999999999899e+00 1.307835999999999999e-01
1.470231999999999983e+00 1.326930000000000054e-01
1.474226999999999954e+00 1.348352999999999913e-01
1.478220000000000089e+00 1.376496000000000108e-01
1.482242000000000060e+00 1.394693999999999934e-01
1.486267000000000005e+00 1.409923999999999900e-01
1.490289999999999893e+00 1.439383999999999941e-01
1.494280999999999970e+00 1.458828000000000069e-01
1.498339000000000087e+00 1.482821000000000000e-01
1.502326000000000050e+00 1.506394000000000066e-01
1.506313999999999931e+00 1.529332999999999942e-01
1.510307000000000066e+00 1.550538999999999945e-01
1.514367000000000019e+00 1.571699000000000013e-01
1.518354999999999899e+00 1.594601999999999964e-01
1.522380000000000067e+00 1.617483000000000115e-01
1.526375000000000037e+00 1.639568999999999888e-01
1.530439000000000105e+00 1.661798999999999915e-01
1.534427999999999903e+00 1.683598000000000039e-01
1.538415000000000088e+00 1.705370999999999970e-01
1.542410999999999976e+00 1.726977000000000095e-01
1.546464999999999979e+00 1.749143999999999977e-01
1.550464000000000064e+00 1.771058000000000077e-01
1.554481000000000002e+00 1.793008000000000102e-01
1.558513999999999955e+00 1.815099000000000018e-01
1.562530999999999892e+00 1.837089000000000083e-01
1.566530999999999896e+00 1.859062999999999966e-01
1.570513000000000048e+00 1.880925999999999987e-01
1.574572000000000083e+00 1.903202999999999978e-01
1.578562999999999938e+00 1.925140999999999936e-01
1.582597000000000032e+00 1.947360999999999953e-01
1.586583000000000077e+00 1.969310999999999978e-01
1.590635999999999939e+00 1.991623999999999894e-01
1.594629000000000074e+00 2.013667000000000096e-01
1.598622999999999905e+00 2.035559000000000118e-01
1.602683000000000080e+00 2.058018000000000070e-01
1.606668999999999903e+00 2.080044000000000060e-01
1.610664000000000096e+00 2.102111000000000118e-01
1.614684999999999926e+00 2.124319000000000068e-01
1.618716000000000044e+00 2.146556000000000020e-01
1.622730999999999923e+00 2.168780999999999903e-01
1.626729000000000092e+00 2.190847999999999962e-01
1.630716000000000054e+00 2.212890999999999886e-01
1.634779999999999900e+00 2.235321000000000113e-01
1.638765999999999945e+00 2.257294999999999996e-01
1.642754999999999965e+00 2.279315000000000091e-01
1.646778999999999993e+00 2.301516000000000117e-01
1.650803999999999938e+00 2.323735000000000106e-01
1.654830999999999941e+00 2.345831999999999917e-01
1.658819999999999961e+00 2.367887999999999937e-01
1.662878999999999996e+00 2.390205999999999997e-01
1.666868999999999934e+00 2.412144999999999984e-01
1.670865000000000045e+00 2.434095000000000009e-01
1.674881999999999982e+00 2.456226999999999994e-01
1.678916000000000075e+00 2.478310999999999986e-01
1.682930999999999955e+00 2.500383999999999940e-01
1.686935999999999991e+00 2.522317000000000031e-01
1.690919999999999979e+00 2.544133000000000089e-01
1.694979999999999931e+00 2.566327999999999943e-01
1.698966999999999894e+00 2.588136999999999799e-01
1.702965000000000062e+00 2.609916999999999931e-01
1.706990000000000007e+00 2.631866999999999956e-01
1.711009000000000002e+00 2.653760000000000008e-01
1.715036000000000005e+00 2.675603999999999760e-01
1.719027000000000083e+00 2.697279000000000204e-01
1.723090999999999928e+00 2.719305000000000194e-01
1.727076000000000056e+00 2.740856999999999877e-01
1.731071999999999944e+00 2.762509000000000214e-01
1.735063000000000022e+00 2.784008000000000038e-01
1.739117999999999942e+00 2.805852999999999819e-01
1.743104999999999905e+00 2.827275000000000205e-01
1.747131999999999907e+00 2.848880999999999775e-01
1.751120999999999928e+00 2.870222000000000051e-01
1.755179999999999962e+00 2.891866000000000159e-01
1.759168999999999983e+00 2.913166999999999840e-01
1.763163000000000036e+00 2.934434000000000209e-01
1.767152000000000056e+00 2.955616999999999828e-01
1.771212999999999926e+00 2.977115000000000178e-01
1.774998000000000076e+00 2.997555000000000081e-01
