1.229327999999999955e-06 -3.470076000000000215e-05
5.013894999999999984e-03 -3.470078999999999747e-05
1.002609999999999960e-02 -3.118885999999999940e-05
1.503888999999999920e-02 -3.587155000000000047e-05
2.005082000000000045e-02 -3.353023000000000169e-05
2.507237000000000007e-02 -3.704224999999999928e-05
3.008277000000000173e-02 -3.645694000000000267e-05
3.509744000000000058e-02 -3.528610000000000085e-05
4.010795999999999806e-02 -3.528606999999999875e-05
4.512112000000000067e-02 -3.587142999999999885e-05
5.013220000000000176e-02 -3.645687999999999848e-05
5.514477000000000267e-02 -3.587168999999999671e-05
6.015692999999999735e-02 -3.528614999999999757e-05
6.516897000000000661e-02 -3.762735000000000152e-05
7.017967999999999429e-02 -3.470089999999999839e-05
7.519317000000000362e-02 -3.587163999999999999e-05
8.020354000000000372e-02 -3.587180999999999833e-05
8.521679000000000059e-02 -3.704207000000000024e-05
9.022776000000000407e-02 -3.470076000000000215e-05
9.524288999999999672e-02 -3.645674000000000223e-05
1.002527000000000001e-01 -3.645694000000000267e-05
1.052653999999999951e-01 -3.294483999999999949e-05
1.102757999999999933e-01 -3.470085000000000167e-05
1.152944000000000052e-01 -3.762747000000000314e-05
1.203010999999999942e-01 -3.587155000000000047e-05
1.253197000000000061e-01 -3.528635999999999871e-05
1.303278999999999965e-01 -3.411570999999999663e-05
1.353439999999999921e-01 -3.587171999999999881e-05
1.403516999999999959e-01 -3.411557000000000039e-05
1.453689999999999982e-01 -3.645683000000000175e-05
1.503779000000000088e-01 -3.528626999999999919e-05
1.553924000000000138e-01 -3.118894999999999892e-05
1.604057000000000122e-01 -3.294487000000000159e-05
1.654193999999999942e-01 -3.294495000000000041e-05
1.704296999999999895e-01 -3.587155000000000047e-05
1.754429000000000127e-01 -3.528623999999999709e-05
1.804543999999999870e-01 -3.470078999999999747e-05
1.854692000000000007e-01 -3.470096000000000259e-05
1.904810999999999865e-01 -3.411562999999999781e-05
1.954936999999999925e-01 -3.353023000000000169e-05
2.005061999999999955e-01 -3.528621000000000177e-05
2.055201000000000111e-01 -3.353019999999999959e-05
2.105422000000000127e-01 -3.411562999999999781e-05
2.155670000000000086e-01 -3.470078999999999747e-05
2.205541000000000029e-01 -3.353035000000000331e-05
2.255427999999999877e-01 -3.411557000000000039e-05
2.306015999999999899e-01 -3.762753000000000056e-05
2.355887000000000120e-01 -3.645703000000000219e-05
2.406094000000000011e-01 -3.411560000000000249e-05
2.455965999999999982e-01 -3.704233999999999880e-05
2.506568000000000129e-01 -3.177421999999999950e-05
2.556403999999999899e-01 -3.411560000000000249e-05
2.606623000000000134e-01 -3.353019999999999959e-05
2.656551999999999802e-01 -3.470096000000000259e-05
2.707079000000000013e-01 -3.294487000000000159e-05
2.756976999999999900e-01 -3.001821000000000071e-05
2.806874999999999787e-01 -3.177425000000000160e-05
2.857080000000000175e-01 -3.294491999999999831e-05
2.907644999999999813e-01 -3.235964999999999773e-05
2.957540000000000169e-01 -3.470105000000000211e-05
3.007434999999999969e-01 -3.470114000000000163e-05
3.057315999999999923e-01 -3.118911999999999726e-05
3.107842000000000104e-01 -3.411591999999999777e-05
3.158110000000000084e-01 -3.235964999999999773e-05
3.207996000000000181e-01 -3.704244999999999971e-05
3.257928999999999964e-01 -3.118905999999999984e-05
3.308479999999999754e-01 -3.411568000000000131e-05
3.358418000000000236e-01 -3.470105000000000211e-05
3.408611999999999753e-01 -3.235959000000000030e-05
3.458472000000000213e-01 -3.528646999999999963e-05
3.509076999999999891e-01 -3.060361000000000022e-05
3.558922999999999948e-01 -3.470102000000000001e-05
3.609166999999999792e-01 -3.353037999999999863e-05
3.659069999999999823e-01 -3.235984999999999816e-05
3.709614999999999996e-01 -3.353037999999999863e-05
3.759504000000000179e-01 -3.470102000000000001e-05
3.809387000000000190e-01 -3.235964999999999773e-05
3.859624999999999861e-01 -3.060364000000000232e-05
3.909833999999999810e-01 -3.411568000000000131e-05
3.960013000000000005e-01 -3.235973000000000332e-05
4.009937000000000085e-01 -3.470114000000000163e-05
4.059818000000000038e-01 -3.236011000000000280e-05
4.110373999999999972e-01 -3.177456999999999688e-05
4.160600999999999883e-01 -3.470119999999999905e-05
4.210518999999999790e-01 -3.235971000000000192e-05
4.260400999999999772e-01 -3.177456999999999688e-05
4.310930000000000040e-01 -3.353052000000000165e-05
4.360862999999999823e-01 -3.411573999999999873e-05
4.411045000000000105e-01 -3.177446000000000274e-05
4.460940999999999934e-01 -3.177434000000000112e-05
4.511514999999999831e-01 -3.177439999999999854e-05
4.561373000000000233e-01 -3.235993999999999768e-05
4.611680000000000224e-01 -3.060377999999999856e-05
4.661532999999999927e-01 -3.353057999999999907e-05
4.712118000000000140e-01 -3.060375000000000324e-05
4.762020000000000142e-01 -3.118920999999999678e-05
4.811871999999999816e-01 -2.943316999999999928e-05
4.862124999999999919e-01 -3.294516000000000154e-05
4.912339000000000011e-01 -3.118909000000000194e-05
4.962550000000000017e-01 -3.060381000000000066e-05
5.012436000000000114e-01 -3.001845000000000056e-05
5.062360999999999667e-01 -3.060375000000000324e-05
5.112889000000000461e-01 -3.235982000000000284e-05
5.163086999999999538e-01 -3.118934999999999980e-05
5.213037999999999839e-01 -2.943325999999999880e-05
5.262883999999999896e-01 -2.943316999999999928e-05
5.313432999999999629e-01 -2.884783000000000057e-05
5.363383000000000456e-01 -2.884785999999999929e-05
5.413529999999999731e-01 -3.001859000000000019e-05
5.463432000000000288e-01 -2.884776999999999977e-05
5.513947000000000154e-01 -3.118920999999999678e-05
5.563879999999999937e-01 -3.177456999999999688e-05
5.614116000000000106e-01 -3.235984999999999816e-05
5.663987999999999801e-01 -3.118920999999999678e-05
5.714597000000000149e-01 -2.943316999999999928e-05
5.764445999999999737e-01 -3.060384000000000276e-05
5.814327999999999719e-01 -2.884785999999999929e-05
5.864525000000000432e-01 -2.709194000000000001e-05
5.914800000000000058e-01 -2.826261000000000010e-05
5.965072999999999626e-01 -3.001861999999999890e-05
6.014912000000000036e-01 -2.884807000000000042e-05
6.064867000000000452e-01 -3.001856000000000148e-05
6.115363000000000326e-01 -2.943329000000000090e-05
6.165616999999999903e-01 -2.943358000000000085e-05
6.215543000000000040e-01 -2.943329000000000090e-05
6.265395000000000270e-01 -2.943339999999999843e-05
6.315977999999999870e-01 -3.060393000000000228e-05
6.365806000000000520e-01 -3.060393000000000228e-05
6.416074000000000499e-01 -2.767718999999999919e-05
6.465956000000000481e-01 -3.001861999999999890e-05
6.516461999999999533e-01 -2.943325999999999880e-05
6.566408999999999718e-01 -2.826261000000000010e-05
6.616277999999999881e-01 -2.767727999999999871e-05
6.666501000000000232e-01 -2.884798000000000090e-05
6.717035999999999563e-01 -2.767718999999999919e-05
6.766995999999999567e-01 -3.001870999999999842e-05
6.816853000000000495e-01 -2.826261000000000010e-05
6.867031999999999581e-01 -2.826258000000000139e-05
6.917332999999999954e-01 -2.943316999999999928e-05
6.967489999999999517e-01 -2.884807000000000042e-05
7.017392999999999548e-01 -3.118938000000000190e-05
7.067314999999999570e-01 -3.001876999999999923e-05
7.117828000000000488e-01 -3.118938000000000190e-05
7.168077999999999950e-01 -2.826249999999999918e-05
7.217945999999999529e-01 -3.001856000000000148e-05
7.267865000000000020e-01 -2.884794999999999881e-05
7.318428999999999629e-01 -3.060384000000000276e-05
7.368337999999999832e-01 -2.767736000000000092e-05
7.418573000000000528e-01 -2.826263999999999881e-05
7.468460000000000099e-01 -2.767722000000000129e-05
7.519000000000000128e-01 -2.767745000000000044e-05
7.568875999999999937e-01 -2.826261000000000010e-05
7.618821000000000065e-01 -2.767718999999999919e-05
7.669034999999999602e-01 -2.650669000000000083e-05
7.719548000000000521e-01 -2.709200000000000082e-05
7.769475000000000131e-01 -2.884803999999999832e-05
7.819361999999999702e-01 -2.943330999999999891e-05
7.869561999999999946e-01 -2.826272999999999833e-05
7.919819000000000164e-01 -2.884807000000000042e-05
7.969994999999999719e-01 -2.826267000000000091e-05
8.019910000000000094e-01 -2.709209000000000034e-05
8.069766999999999912e-01 -2.592135999999999944e-05
8.120353000000000154e-01 -2.884823999999999876e-05
8.170623000000000191e-01 -2.884803999999999832e-05
8.220448999999999673e-01 -2.884800999999999961e-05
8.270380000000000509e-01 -3.060410000000000062e-05
8.320931999999999773e-01 -2.826267000000000091e-05
8.370805000000000051e-01 -2.709209000000000034e-05
8.420988000000000362e-01 -2.767753999999999996e-05
8.470963000000000243e-01 -2.767733999999999952e-05
8.521465999999999763e-01 -2.767747999999999915e-05
8.571305999999999647e-01 -2.943354999999999875e-05
8.621231999999999784e-01 -2.884821000000000005e-05
8.671461000000000308e-01 -2.767753999999999996e-05
8.722086999999999479e-01 -2.767736000000000092e-05
8.772018999999999789e-01 -2.884809999999999913e-05
8.821871000000000018e-01 -2.475071000000000074e-05
8.872069999999999679e-01 -2.592138000000000084e-05
8.922271999999999981e-01 -2.709222999999999997e-05
8.972520999999999969e-01 -2.533598999999999864e-05
9.022434000000000287e-01 -2.767745000000000044e-05
9.072286000000000517e-01 -2.592138000000000084e-05
9.122867999999999533e-01 -2.533604999999999945e-05
9.173107999999999818e-01 -2.416535000000000064e-05
9.222972000000000392e-01 -2.826272999999999833e-05
9.272823999999999511e-01 -2.767753999999999996e-05
9.323417999999999983e-01 -2.767745000000000044e-05
9.373340999999999479e-01 -2.592144000000000165e-05
9.423498999999999626e-01 -2.767756999999999867e-05
9.473395999999999484e-01 -2.416566999999999931e-05
9.523951000000000500e-01 -2.475086000000000107e-05
9.573833000000000482e-01 -2.650700999999999950e-05
9.623753000000000446e-01 -2.475086000000000107e-05
9.673994000000000204e-01 -2.416541000000000145e-05
9.724559999999999871e-01 -2.358006999999999936e-05
9.774384000000000405e-01 -2.299469999999999856e-05
9.824327000000000476e-01 -2.592144000000000165e-05
9.874551000000000300e-01 -2.475080000000000026e-05
9.924705999999999806e-01 -2.650684000000000116e-05
9.974954000000000320e-01 -2.592138000000000084e-05
1.002488999999999963e+00 -2.475086000000000107e-05
1.007478000000000096e+00 -2.358006999999999936e-05
1.012531000000000070e+00 -2.533627999999999860e-05
1.017559000000000102e+00 -2.299475999999999937e-05
1.022547000000000095e+00 -2.533616000000000036e-05
1.027536000000000005e+00 -2.709222999999999997e-05
1.032591999999999954e+00 -2.767753999999999996e-05
1.037582000000000004e+00 -2.533604999999999945e-05
1.042601000000000111e+00 -2.533618999999999908e-05
1.047592999999999996e+00 -2.475077000000000155e-05
1.052643999999999913e+00 -2.475082999999999897e-05
1.057635000000000103e+00 -2.358026999999999980e-05
1.062621999999999955e+00 -2.299475999999999937e-05
1.067647000000000013e+00 -2.592169999999999951e-05
1.072708999999999913e+00 -2.475086000000000107e-05
1.077692000000000094e+00 -2.533618999999999908e-05
1.082683999999999980e+00 -2.475086000000000107e-05
1.087704000000000004e+00 -2.533624999999999988e-05
1.092727999999999922e+00 -2.182412000000000138e-05
1.097747000000000028e+00 -2.240951000000000019e-05
1.102735999999999938e+00 -2.358035999999999932e-05
1.107726999999999906e+00 -2.299488000000000099e-05
1.112778999999999963e+00 -2.182426000000000101e-05
1.117771000000000070e+00 -2.475102999999999941e-05
1.122797999999999963e+00 -2.358026999999999980e-05
1.127780999999999922e+00 -2.299502000000000062e-05
1.132838999999999929e+00 -2.416566999999999931e-05
1.137826999999999922e+00 -2.240951000000000019e-05
1.142854999999999954e+00 -2.299497000000000051e-05
1.147840999999999889e+00 -2.358020999999999899e-05
1.152897000000000061e+00 -2.006823000000000081e-05
1.157893000000000061e+00 -2.006814000000000129e-05
1.162870999999999988e+00 -2.006819999999999871e-05
1.167899999999999938e+00 -2.006825999999999952e-05
1.172954999999999970e+00 -2.240966000000000052e-05
1.177944000000000102e+00 -2.182422999999999891e-05
1.182935000000000070e+00 -2.240953999999999890e-05
1.187951999999999897e+00 -2.416566999999999931e-05
1.192978000000000094e+00 -2.182435000000000053e-05
1.197993000000000086e+00 -2.416575000000000152e-05
1.202986000000000111e+00 -2.299488000000000099e-05
1.207980000000000054e+00 -2.065368000000000043e-05
1.213033999999999946e+00 -2.006819999999999871e-05
1.218023999999999996e+00 -2.065355999999999881e-05
1.223041999999999963e+00 -2.240966000000000052e-05
1.228034999999999988e+00 -2.182437999999999924e-05
1.233085999999999904e+00 -2.065364999999999833e-05
1.238077000000000094e+00 -2.065364999999999833e-05
1.243103000000000069e+00 -2.182437999999999924e-05
1.248083000000000053e+00 -1.948317999999999868e-05
1.253144000000000036e+00 -1.948301000000000034e-05
1.258129000000000053e+00 -2.182431999999999843e-05
1.263117999999999963e+00 -2.065368000000000043e-05
1.268143000000000020e+00 -1.889781999999999858e-05
1.273196999999999912e+00 -1.889767000000000164e-05
1.278200999999999921e+00 -1.421491999999999976e-05
1.283179999999999987e+00 -1.011759999999999949e-05
1.288202000000000069e+00 -1.187386999999999953e-05
1.293226999999999904e+00 -4.849774999999999658e-06
1.298248999999999986e+00 7.442256999999999750e-06
1.303237999999999897e+00 1.739294000000000021e-05
1.308221999999999996e+00 3.729396999999999693e-05
1.313285000000000036e+00 5.778082000000000221e-05
1.318264000000000102e+00 9.290078999999999590e-05
1.323295000000000110e+00 1.321182999999999917e-04
1.328287999999999913e+00 1.865543999999999905e-04
1.333334000000000019e+00 2.538676999999999817e-04
1.338330999999999937e+00 3.363994000000000034e-04
1.343347000000000069e+00 4.394181999999999732e-04
1.348335999999999979e+00 5.599971999999999719e-04
1.353388999999999953e+00 6.998917000000000332e-04
1.358376000000000028e+00 8.608584999999999978e-04
1.363369000000000053e+00 1.045824000000000102e-03
1.368389999999999995e+00 1.253030999999999937e-03
1.373450000000000060e+00 1.485994999999999937e-03
1.378435000000000077e+00 1.738858999999999934e-03
1.383429000000000020e+00 2.016893000000000071e-03
1.388414000000000037e+00 2.313655999999999872e-03
1.393464000000000036e+00 2.642026999999999917e-03
1.398489000000000093e+00 2.993813000000000116e-03
1.403474000000000110e+00 3.364915999999999914e-03
1.408465999999999996e+00 3.763527000000000018e-03
1.413532000000000011e+00 4.187307999999999829e-03
1.418512999999999913e+00 4.628649000000000305e-03
1.423540999999999945e+00 5.105110000000000377e-03
1.428530000000000078e+00 5.598544999999999910e-03
1.433588000000000084e+00 6.122418999999999605e-03
1.438573000000000102e+00 6.666781000000000096e-03
1.443591999999999986e+00 7.237481999999999943e-03
1.448584000000000094e+00 7.837445000000000175e-03
1.453637999999999986e+00 8.469022999999999135e-03
1.458626999999999896e+00 9.112300999999999734e-03
1.463616999999999946e+00 9.789535999999999724e-03
1.468644000000000061e+00 1.049953999999999991e-02
1.473695999999999895e+00 1.123648000000000008e-02
1.478685000000000027e+00 1.199273000000000006e-02
1.483673999999999937e+00 1.278409999999999963e-02
1.488661000000000012e+00 1.359947000000000066e-02
1.493721999999999994e+00 1.445756999999999945e-02
1.498739999999999961e+00 1.533614999999999978e-02
1.503721000000000085e+00 1.624282999999999977e-02
1.508714000000000111e+00 1.718112000000000111e-02
1.513767000000000085e+00 1.816096999999999850e-02
1.518758999999999970e+00 1.916481999999999908e-02
1.523784999999999945e+00 2.020436000000000107e-02
1.528769999999999962e+00 2.127085000000000087e-02
1.533824999999999994e+00 2.238590000000000024e-02
1.538815999999999962e+00 2.352086999999999928e-02
1.543833999999999929e+00 2.469738999999999962e-02
1.548824999999999896e+00 2.590316000000000146e-02
1.553887999999999936e+00 2.716222000000000081e-02
1.558875999999999928e+00 2.843590000000000007e-02
1.563860999999999946e+00 2.974881000000000053e-02
1.568888000000000060e+00 3.110970999999999875e-02
1.573903999999999970e+00 3.250572000000000183e-02
1.578932999999999920e+00 3.394388999999999740e-02
1.583930000000000060e+00 3.541251000000000121e-02
1.588908999999999905e+00 3.691211999999999965e-02
1.593965999999999994e+00 3.847260999999999737e-02
1.598983000000000043e+00 4.006587000000000343e-02
1.603971999999999953e+00 4.169193999999999678e-02
1.608964999999999979e+00 4.335838999999999666e-02
1.614020000000000010e+00 4.508804999999999757e-02
1.619011999999999896e+00 4.683994999999999825e-02
1.624033999999999978e+00 4.863809000000000188e-02
1.629023000000000110e+00 5.047253000000000156e-02
1.634079999999999977e+00 5.237251999999999880e-02
1.639065999999999912e+00 5.429297999999999763e-02
1.644087999999999994e+00 5.626964999999999745e-02
1.649075999999999986e+00 5.827910000000000035e-02
1.654131999999999936e+00 6.035588000000000064e-02
1.659116999999999953e+00 6.245425999999999755e-02
1.664109999999999978e+00 6.459895000000000220e-02
1.669135000000000035e+00 6.680036000000000307e-02
1.674152000000000085e+00 6.904338000000000142e-02
1.679183000000000092e+00 7.134081999999999923e-02
1.684166999999999970e+00 7.366225999999999330e-02
1.689164000000000110e+00 7.603988999999999887e-02
1.694220999999999977e+00 7.848186000000000051e-02
1.699235000000000051e+00 8.095781999999999978e-02
1.704225000000000101e+00 8.347533999999999510e-02
1.709216999999999986e+00 8.603734000000000381e-02
1.714267999999999903e+00 8.866661000000000681e-02
1.719260999999999928e+00 9.132286000000000570e-02
1.724285999999999985e+00 9.403296999999999350e-02
1.729273999999999978e+00 9.678111999999999826e-02
1.734326999999999952e+00 9.960475000000000578e-02
1.739319999999999977e+00 1.024454000000000059e-01
1.744339000000000084e+00 1.053545000000000037e-01
1.749328999999999912e+00 1.082811999999999941e-01
1.754385000000000083e+00 1.112773999999999985e-01
1.759368999999999961e+00 1.143041999999999947e-01
1.764361999999999986e+00 1.173701999999999940e-01
1.769387000000000043e+00 1.204906000000000033e-01
1.774402000000000035e+00 1.235349000000000030e-01
1.779433000000000042e+00 1.266190000000000093e-01
1.784416999999999920e+00 1.296715999999999980e-01
1.789406999999999970e+00 1.328287999999999969e-01
1.794459999999999944e+00 1.360931999999999975e-01
1.799479999999999968e+00 1.393915000000000015e-01
1.804473999999999911e+00 1.427449000000000079e-01
1.809458000000000011e+00 1.461216999999999933e-01
1.814516999999999936e+00 1.495331000000000021e-01
1.819504000000000010e+00 1.529965000000000075e-01
1.824532999999999960e+00 1.565043000000000128e-01
1.829526999999999903e+00 1.600379000000000107e-01
1.834584999999999910e+00 1.636746000000000034e-01
1.839569000000000010e+00 1.673406000000000060e-01
1.844553000000000109e+00 1.710310999999999915e-01
1.849577000000000027e+00 1.747315000000000118e-01
1.854630000000000001e+00 1.785140000000000060e-01
1.859620999999999968e+00 1.822707000000000077e-01
1.864618000000000109e+00 1.861082000000000014e-01
1.869634000000000018e+00 1.899988999999999983e-01
1.874654000000000043e+00 1.939317000000000124e-01
1.879679000000000100e+00 1.978673999999999988e-01
1.884668000000000010e+00 2.018534999999999913e-01
1.889669000000000043e+00 2.058689999999999964e-01
1.894716000000000067e+00 2.099370000000000125e-01
1.899739000000000066e+00 2.140144999999999964e-01
1.904719999999999969e+00 2.181182000000000121e-01
1.909707000000000043e+00 2.222633999999999999e-01
1.914762999999999993e+00 2.264691000000000065e-01
1.919758000000000076e+00 2.306992999999999960e-01
1.924787999999999943e+00 2.349691999999999892e-01
1.929762999999999895e+00 2.391923999999999995e-01
1.934827999999999992e+00 2.434812000000000087e-01
1.939813999999999927e+00 2.477470999999999979e-01
1.944798999999999944e+00 2.520463000000000009e-01
1.949831000000000092e+00 2.564158999999999744e-01
1.954876000000000058e+00 2.607752999999999877e-01
1.959875999999999951e+00 2.651132999999999962e-01
1.964858999999999911e+00 2.694371999999999878e-01
1.969888000000000083e+00 2.738178000000000001e-01
1.974906999999999968e+00 2.782311000000000090e-01
1.979926000000000075e+00 2.826152000000000108e-01
1.984927000000000108e+00 2.869191999999999854e-01
1.989907000000000092e+00 2.912658000000000191e-01
1.994965000000000099e+00 2.957573000000000008e-01
1.998720000000000052e+00 2.998427000000000175e-01
