8.481277000000000399e-01 6.350660000000000071e-09
1.001603000000000021e+00 1.631382000000000126e-10
8.429297000000000040e-01 6.309170000000000041e-09
1.004974000000000034e+00 -5.086557999999999838e-10
8.536146000000000011e-01 6.199660000000000075e-09
8.582208999999999532e-01 6.123443999999999725e-09
1.009989999999999943e+00 2.303877000000000088e-10
8.617700000000000360e-01 6.026547000000000323e-09
1.013322000000000056e+00 -3.378379000000000220e-11
8.606808000000000236e-01 5.937672999999999954e-09
1.016679000000000110e+00 2.600071000000000019e-11
8.669658000000000087e-01 6.251795000000000330e-09
8.699892999999999654e-01 5.971459000000000069e-09
8.677521999999999736e-01 6.038877000000000011e-09
8.709158999999999651e-01 6.261925000000000170e-09
8.691092999999999735e-01 6.229424999999999713e-09
1.026685000000000070e+00 2.239687000000000087e-11
8.740318000000000254e-01 6.028848999999999599e-09
8.689774000000000109e-01 6.561686999999999780e-09
1.031676000000000037e+00 1.309274999999999907e-09
9.787097999999999631e-01 4.014196000000000021e-09
1.035034999999999927e+00 3.068397000000000049e-10
9.819548000000000165e-01 2.914900999999999838e-09
1.038364999999999982e+00 -1.891813000000000069e-11
8.904417000000000026e-01 5.901955999999999714e-09
1.041719999999999979e+00 7.748352999999999589e-11
9.627088999999999785e-01 4.005869000000000035e-09
1.032235999999999931e+00 9.752784000000000760e-10
1.030663000000000107e+00 4.597885000000000093e-10
1.048375000000000057e+00 2.715095000000000228e-10
8.973145999999999622e-01 6.241124000000000088e-09
9.064915999999999530e-01 5.828618999999999764e-09
8.930145000000000444e-01 6.227704000000000356e-09
1.055060000000000109e+00 3.700509999999999870e-11
8.994491999999999488e-01 6.439967999999999821e-09
9.236621000000000414e-01 5.628370999999999981e-09
9.394510000000000360e-01 5.069072000000000381e-09
9.661982000000000070e-01 4.629938000000000023e-09
1.063403000000000098e+00 2.239521999999999900e-10
9.106938999999999451e-01 6.297646000000000030e-09
1.066767999999999939e+00 -9.685098999999999665e-11
9.110673000000000243e-01 6.297621999999999824e-09
1.070057999999999954e+00 5.006889999999999964e-11
9.350608000000000253e-01 5.904867000000000388e-09
1.006483000000000017e+00 3.641773999999999960e-09
1.075118000000000018e+00 -5.231765999999999984e-11
9.610444000000000209e-01 4.990501000000000404e-09
1.078406999999999893e+00 -9.627178999999999362e-11
9.425120999999999638e-01 6.064433999999999947e-09
9.450214999999999588e-01 5.514941999999999793e-09
1.083431000000000033e+00 -4.247372000000000106e-10
9.488590000000000080e-01 5.656581000000000238e-09
1.086753999999999998e+00 6.918191000000000445e-11
9.471836999999999618e-01 6.080842000000000083e-09
9.504302000000000028e-01 5.974384999999999734e-09
1.091782999999999948e+00 -1.243303999999999970e-10
9.384242999999999890e-01 6.038193999999999839e-09
1.095136000000000109e+00 5.810040000000000354e-13
9.470066999999999791e-01 6.408594000000000131e-09
9.527229000000000392e-01 6.054927000000000178e-09
1.100128999999999913e+00 -9.363325000000000596e-11
9.599450999999999956e-01 5.953057000000000405e-09
1.103487000000000107e+00 -3.514373999999999759e-10
9.600520000000000165e-01 6.311804999999999588e-09
9.529830000000000245e-01 6.283172000000000148e-09
9.556649000000000393e-01 7.314195000000000301e-09
9.551256999999999664e-01 6.400913999999999595e-09
1.111831000000000014e+00 4.788086999999999851e-11
9.543471999999999511e-01 6.459044000000000097e-09
1.115159999999999929e+00 -1.045091999999999998e-10
9.737643999999999744e-01 6.064785000000000166e-09
1.118524999999999991e+00 6.167664000000000220e-10
9.165702000000000016e-01 8.044932000000000070e-09
9.407870000000000399e-01 6.831605999999999704e-09
1.123512000000000066e+00 -2.044517000000000013e-10
9.492180000000000062e-01 6.958408999999999850e-09
1.126865000000000006e+00 9.762611999999999922e-11
9.510066999999999826e-01 7.308364999999999712e-09
9.520716999999999652e-01 7.065071999999999692e-09
9.545915000000000372e-01 7.100082999999999872e-09
9.562488000000000099e-01 7.135674999999999970e-09
1.135215000000000085e+00 1.863697000000000063e-10
9.523023000000000460e-01 7.424341999999999838e-09
1.138508999999999993e+00 5.393011000000000031e-11
9.606227000000000515e-01 7.119248000000000395e-09
9.579547999999999952e-01 7.581021000000000264e-09
1.143537000000000026e+00 1.768453999999999961e-10
9.588664000000000076e-01 7.444705000000000091e-09
1.146859999999999991e+00 3.938616999999999837e-11
9.668151999999999857e-01 7.154987000000000203e-09
1.150222000000000078e+00 1.512489999999999990e-11
9.668795000000000028e-01 7.670133999999999892e-09
9.672064000000000217e-01 7.608679000000000749e-09
9.680769000000000180e-01 7.393459999999999820e-09
9.669984999999999831e-01 7.681814999999999492e-09
1.158571999999999935e+00 1.555443999999999938e-10
9.715232000000000312e-01 7.688658000000000396e-09
1.161928999999999990e+00 3.063248000000000132e-10
9.808936000000000321e-01 7.486029999999999635e-09
1.165286000000000044e+00 1.913893000000000072e-10
9.928761999999999865e-01 7.401246000000000231e-09
1.048092000000000024e+00 5.729721999999999748e-09
1.170271000000000061e+00 2.098819999999999945e-10
1.170898999999999912e+00 8.502228000000000514e-10
1.170350000000000001e+00 1.115747999999999981e-09
1.175280000000000102e+00 2.655649000000000225e-10
1.176922999999999941e+00 -8.657304000000000165e-11
1.178620999999999919e+00 2.487244000000000019e-10
1.180290999999999979e+00 4.066912999999999685e-09
-5.238874999999999504e-01 6.861452999999999839e-09
