2.299179999999999813e-06 -3.587149000000000305e-05
3.756049000000000020e-03 -3.587142999999999885e-05
7.519974999999999923e-03 -3.704201999999999674e-05
1.127783000000000084e-02 -3.528594999999999714e-05
1.516632000000000050e-02 -3.821272000000000232e-05
1.879820999999999923e-02 -3.762747000000000314e-05
2.256205999999999837e-02 -3.528594999999999714e-05
2.632075999999999860e-02 -3.821260000000000070e-05
3.008372000000000129e-02 -3.704186999999999980e-05
3.384125000000000327e-02 -3.704201999999999674e-05
3.760224999999999679e-02 -3.821263000000000280e-05
4.135968999999999757e-02 -3.821254000000000328e-05
4.512056999999999873e-02 -4.055388999999999739e-05
4.887409999999999671e-02 -3.645650999999999970e-05
5.263599000000000055e-02 -3.704204999999999884e-05
5.639253000000000321e-02 -3.996849000000000126e-05
6.015625000000000139e-02 -3.938342000000000112e-05
6.391334999999999378e-02 -3.879797000000000150e-05
6.766326999999999758e-02 -3.645683000000000175e-05
7.143483999999999945e-02 -3.704224999999999928e-05
7.519230999999999832e-02 -3.704199000000000142e-05
7.894818000000000668e-02 -3.587108000000000148e-05
8.270898000000000139e-02 -3.762744000000000104e-05
8.647354999999999625e-02 -3.938345000000000322e-05
9.022882999999999598e-02 -3.645665000000000271e-05
9.398852000000000595e-02 -3.762744000000000104e-05
9.774752000000000440e-02 -3.470047000000000219e-05
1.015087999999999963e-01 -3.821277999999999974e-05
1.052553999999999990e-01 -3.645658999999999852e-05
1.090272999999999937e-01 -3.645650999999999970e-05
1.127839999999999954e-01 -3.645658999999999852e-05
1.165433000000000024e-01 -3.587120000000000309e-05
1.202999000000000013e-01 -3.821251000000000118e-05
1.240623000000000004e-01 -3.528585999999999762e-05
1.278199999999999892e-01 -3.587131999999999794e-05
1.315835999999999950e-01 -3.704215999999999976e-05
1.353439999999999921e-01 -3.704207000000000024e-05
1.391029000000000015e-01 -3.762735000000000152e-05
1.428548000000000040e-01 -3.762718000000000318e-05
1.466177999999999926e-01 -3.528601000000000133e-05
1.503953000000000095e-01 -3.470060999999999843e-05
1.541366000000000125e-01 -3.762728999999999732e-05
1.578969000000000067e-01 -3.587126000000000051e-05
1.616565000000000085e-01 -3.821292000000000276e-05
1.654200999999999866e-01 -3.411531000000000253e-05
1.691761999999999988e-01 -3.352985000000000221e-05
1.729356999999999978e-01 -3.528610000000000085e-05
1.766915000000000013e-01 -3.645665000000000271e-05
1.804542000000000090e-01 -3.704195999999999932e-05
1.842136000000000051e-01 -3.645665000000000271e-05
1.879742000000000079e-01 -3.528594999999999714e-05
1.917301999999999895e-01 -3.645658999999999852e-05
1.954934000000000116e-01 -3.645685999999999708e-05
1.992557000000000078e-01 -3.587131999999999794e-05
2.030125999999999875e-01 -3.587133999999999934e-05
2.067711000000000132e-01 -3.528588999999999971e-05
2.105384999999999895e-01 -3.528603999999999666e-05
2.143043000000000031e-01 -3.587129000000000261e-05
2.180594999999999895e-01 -3.587129000000000261e-05
2.218208999999999875e-01 -3.645665000000000271e-05
2.255423000000000011e-01 -3.177384000000000003e-05
2.293059000000000069e-01 -3.470069999999999795e-05
2.330948999999999938e-01 -3.470060999999999843e-05
2.368489000000000011e-01 -3.411539000000000135e-05
2.406077000000000077e-01 -3.470069999999999795e-05
2.443671000000000038e-01 -3.470073000000000005e-05
2.480951999999999880e-01 -3.411557000000000039e-05
2.518842000000000025e-01 -3.294489999999999691e-05
2.556387999999999994e-01 -3.353014000000000217e-05
2.594002999999999726e-01 -3.177398999999999697e-05
2.631549999999999723e-01 -3.235930000000000035e-05
2.668821000000000110e-01 -3.470073000000000005e-05
2.707076999999999956e-01 -3.470069999999999795e-05
2.744329999999999825e-01 -3.294480999999999739e-05
2.781903000000000015e-01 -3.235950000000000079e-05
2.819530000000000092e-01 -3.470073000000000005e-05
2.857087999999999850e-01 -3.528597999999999923e-05
2.894354000000000093e-01 -3.587133999999999934e-05
2.932509999999999839e-01 -3.587149000000000305e-05
2.969829999999999970e-01 -3.587142999999999885e-05
3.007450999999999874e-01 -3.528606999999999875e-05
3.044999999999999929e-01 -3.294478000000000207e-05
3.082599999999999785e-01 -3.411541999999999667e-05
3.120480999999999949e-01 -3.587155000000000047e-05
3.158100999999999825e-01 -3.528617999999999967e-05
3.195341999999999905e-01 -3.470089999999999839e-05
3.232938000000000200e-01 -3.587151999999999837e-05
3.270563000000000220e-01 -3.235971000000000192e-05
3.308478000000000252e-01 -3.353012000000000077e-05
3.346094000000000013e-01 -3.528603999999999666e-05
3.383718000000000004e-01 -3.587142999999999885e-05
3.420927999999999747e-01 -3.411560000000000249e-05
3.458468000000000098e-01 -3.528606999999999875e-05
3.496095000000000175e-01 -3.528610000000000085e-05
3.533992000000000244e-01 -3.645671000000000014e-05
3.571580999999999784e-01 -3.294487000000000159e-05
3.609162000000000203e-01 -3.353012000000000077e-05
3.646371999999999947e-01 -3.470093000000000049e-05
3.684007999999999727e-01 -3.353023000000000169e-05
3.721934000000000076e-01 -3.587149000000000305e-05
3.759493999999999891e-01 -3.235933000000000245e-05
3.797057999999999822e-01 -3.177392999999999955e-05
3.834357999999999933e-01 -3.294480999999999739e-05
3.871951000000000143e-01 -3.294480999999999739e-05
3.909832999999999781e-01 -3.177405000000000116e-05
3.947413000000000172e-01 -3.118871000000000246e-05
3.984998000000000151e-01 -3.411544999999999877e-05
4.022586000000000217e-01 -3.528614999999999757e-05
4.059831999999999885e-01 -3.177410999999999859e-05
4.097412000000000276e-01 -3.353014000000000217e-05
4.135305000000000231e-01 -3.177414000000000068e-05
4.172791000000000139e-01 -3.177418999999999741e-05
4.210518999999999790e-01 -3.353012000000000077e-05
4.248057000000000083e-01 -3.118882999999999730e-05
4.285332000000000030e-01 -3.118871000000000246e-05
4.323544000000000276e-01 -3.294483999999999949e-05
4.360782999999999743e-01 -3.294487000000000159e-05
4.398398000000000030e-01 -3.294489999999999691e-05
4.436007000000000144e-01 -3.118873999999999778e-05
4.473539999999999739e-01 -3.060361000000000022e-05
4.511518999999999946e-01 -3.118882999999999730e-05
4.549112000000000156e-01 -3.118882999999999730e-05
4.586342999999999948e-01 -3.470093000000000049e-05
4.623954000000000120e-01 -3.235962000000000240e-05
4.661527999999999783e-01 -3.294498000000000250e-05
4.699156999999999917e-01 -3.177417000000000278e-05
4.737033999999999967e-01 -3.118900000000000242e-05
4.774638999999999966e-01 -3.294489999999999691e-05
4.811866000000000199e-01 -3.177410999999999859e-05
4.849467000000000083e-01 -3.235962000000000240e-05
4.887071000000000054e-01 -3.353028999999999911e-05
4.924961999999999951e-01 -3.235946999999999869e-05
4.962564999999999893e-01 -3.001823999999999942e-05
5.000147000000000341e-01 -3.118897000000000032e-05
5.037409999999999943e-01 -3.235953000000000288e-05
5.074971000000000343e-01 -3.235946999999999869e-05
5.112902999999999754e-01 -3.235950000000000079e-05
5.150470999999999799e-01 -3.353019999999999959e-05
5.188053999999999721e-01 -3.118880000000000198e-05
5.225322000000000022e-01 -3.001845000000000056e-05
5.262877000000000249e-01 -3.235982000000000284e-05
5.300795000000000368e-01 -3.411573999999999873e-05
5.338340999999999781e-01 -3.060361000000000022e-05
5.375980999999999677e-01 -3.177418999999999741e-05
5.413550000000000306e-01 -3.118914999999999936e-05
5.450747999999999704e-01 -3.294507000000000202e-05
5.488408999999999649e-01 -2.943278999999999980e-05
5.526273000000000435e-01 -3.001818999999999931e-05
5.563884000000000052e-01 -3.001818999999999931e-05
5.601479000000000319e-01 -3.294489999999999691e-05
5.639079999999999648e-01 -3.060352000000000070e-05
5.676278000000000157e-01 -3.060364000000000232e-05
5.714609999999999967e-01 -3.235962000000000240e-05
5.751823000000000352e-01 -3.177427999999999693e-05
5.789414999999999978e-01 -3.294498000000000250e-05
5.826978999999999909e-01 -3.235964999999999773e-05
5.864529000000000547e-01 -3.353044000000000283e-05
5.902490999999999710e-01 -3.060355000000000280e-05
5.940045999999999937e-01 -2.943281999999999851e-05
5.977373000000000269e-01 -3.060361000000000022e-05
6.014918999999999683e-01 -3.235982000000000284e-05
6.052572000000000507e-01 -3.235955999999999821e-05
6.090105999999999575e-01 -3.118909000000000194e-05
6.128052999999999972e-01 -3.118894999999999892e-05
6.165608999999999673e-01 -3.294509999999999735e-05
6.202860000000000040e-01 -3.177439999999999854e-05
6.240516999999999870e-01 -3.353035000000000331e-05
6.278059000000000278e-01 -3.060364000000000232e-05
6.315988000000000158e-01 -3.001821000000000071e-05
6.353566999999999965e-01 -3.118897000000000032e-05
6.391147000000000356e-01 -3.060355000000000280e-05
6.428393000000000024e-01 -3.235964999999999773e-05
6.465961000000000070e-01 -3.001836000000000104e-05
6.503849999999999909e-01 -3.001836000000000104e-05
6.541428999999999716e-01 -2.943296999999999884e-05
6.579032999999999687e-01 -2.884760000000000143e-05
6.616284000000000054e-01 -2.943296999999999884e-05
6.653904000000000485e-01 -3.177434000000000112e-05
6.691424999999999734e-01 -2.884776999999999977e-05
6.729397999999999769e-01 -2.884754000000000062e-05
6.767003999999999797e-01 -3.001836000000000104e-05
6.804540999999999507e-01 -2.826234999999999886e-05
6.841783999999999644e-01 -2.943299000000000024e-05
6.879283000000000481e-01 -2.709171000000000086e-05
6.917335000000000012e-01 -2.767707000000000096e-05
6.954886000000000124e-01 -2.592105999999999878e-05
6.992471999999999577e-01 -2.767702000000000085e-05
7.030020000000000158e-01 -2.884765999999999885e-05
7.067290000000000516e-01 -2.533573000000000078e-05
7.105567000000000411e-01 -2.826240999999999966e-05
7.142785999999999857e-01 -2.533583999999999831e-05
7.180355999999999961e-01 -2.650642999999999958e-05
7.217942999999999998e-01 -2.709167999999999876e-05
7.255559999999999787e-01 -2.884774999999999837e-05
7.292773000000000172e-01 -2.533566999999999997e-05
7.331144000000000549e-01 -2.826247000000000047e-05
7.368337999999999832e-01 -2.767716000000000048e-05
7.405945999999999918e-01 -2.767727999999999871e-05
7.443535999999999486e-01 -2.475053999999999902e-05
7.481113999999999820e-01 -2.709171000000000086e-05
7.518998000000000070e-01 -2.416520000000000031e-05
7.556568000000000174e-01 -2.592126999999999992e-05
7.593849000000000293e-01 -2.357991999999999903e-05
7.631424999999999459e-01 -2.357989000000000032e-05
7.669051000000000062e-01 -2.182370999999999980e-05
7.706906999999999508e-01 -2.475053999999999902e-05
7.744524000000000408e-01 -2.123837000000000110e-05
7.782145999999999786e-01 -2.065310000000000052e-05
7.819374000000000047e-01 -2.006775999999999843e-05
7.856912999999999814e-01 -2.123828999999999889e-05
7.894501000000000435e-01 -2.006785000000000133e-05
7.932455999999999952e-01 -1.831172000000000092e-05
7.970038999999999874e-01 -1.714111000000000164e-05
8.007303000000000059e-01 -1.655583000000000036e-05
8.044902999999999915e-01 -1.538513000000000155e-05
8.082435999999999510e-01 -1.421442999999999936e-05
8.120315999999999645e-01 -1.479978999999999946e-05
8.157934999999999492e-01 -1.421440000000000065e-05
8.195525000000000171e-01 -1.304366999999999975e-05
8.232745999999999675e-01 -1.187296999999999925e-05
8.270391999999999744e-01 -1.187301999999999936e-05
8.308284999999999698e-01 -8.946401000000000676e-06
8.345890999999999726e-01 -9.531882999999999486e-06
8.383488999999999525e-01 -4.849134999999999779e-06
8.420984000000000247e-01 -2.507790000000000091e-06
8.458274999999999544e-01 -3.093038999999999881e-06
8.495835000000000470e-01 -1.665320999999999907e-07
8.533811999999999509e-01 3.345543999999999931e-06
8.571288999999999714e-01 4.516215999999999655e-06
8.608980000000000521e-01 5.686917999999999784e-06
8.646509999999999474e-01 8.613132999999999177e-06
8.683847000000000094e-01 9.783921999999999801e-06
8.722102000000000466e-01 1.388147999999999944e-05
8.759301999999999921e-01 1.680822000000000083e-05
8.796920000000000295e-01 2.207621999999999851e-05
8.834507000000000332e-01 2.266161000000000070e-05
8.872077000000000435e-01 2.617353999999999877e-05
8.909958999999999518e-01 2.968553000000000104e-05
8.947616999999999932e-01 3.319749000000000121e-05
8.984855000000000480e-01 3.963613000000000027e-05
9.022451000000000221e-01 4.139227999999999869e-05
9.059996999999999634e-01 5.075730999999999668e-05
9.097555999999999976e-01 5.251344000000000048e-05
9.135503999999999847e-01 6.480559000000000102e-05
9.173122999999999694e-01 6.480552999999999683e-05
9.210350999999999955e-01 7.358569000000000188e-05
9.247912999999999828e-01 8.119506000000000184e-05
9.285563000000000011e-01 8.880443000000000180e-05
9.323432999999999859e-01 9.758423999999999592e-05
9.361013999999999724e-01 1.057788000000000044e-04
9.398254000000000330e-01 1.174856000000000056e-04
9.435818000000000261e-01 1.256802999999999967e-04
9.473403000000000240e-01 1.385577000000000033e-04
9.511332000000000120e-01 1.502643999999999974e-04
9.548940999999999679e-01 1.654832000000000015e-04
9.586453000000000335e-01 1.801165000000000025e-04
9.623760000000000092e-01 1.935791999999999981e-04
9.661366000000000120e-01 2.087974999999999944e-04
9.698902000000000356e-01 2.298696999999999991e-04
9.736823000000000006e-01 2.486003999999999992e-04
9.774393999999999583e-01 2.714285999999999782e-04
9.812047000000000407e-01 2.919153999999999868e-04
9.849244000000000332e-01 3.205966000000000198e-04
9.886888000000000343e-01 3.451807000000000204e-04
9.924726000000000381e-01 3.773741000000000161e-04
9.962351000000000401e-01 4.054699000000000259e-04
9.999943999999999500e-01 4.429316000000000199e-04
1.003749000000000002e+00 4.792220999999999937e-04
1.007478000000000096e+00 5.184395000000000496e-04
1.011303999999999981e+00 5.640957000000000479e-04
1.015034999999999910e+00 6.103368000000000074e-04
1.018785999999999969e+00 6.636025999999999947e-04
1.022548000000000012e+00 7.192093000000000531e-04
1.026299999999999990e+00 7.806687000000000088e-04
1.030097000000000040e+00 8.520796000000000403e-04
1.033856000000000108e+00 9.234898000000000499e-04
1.037582000000000004e+00 1.001925000000000081e-03
1.041338000000000097e+00 1.087384000000000050e-03
1.045099999999999918e+00 1.184549000000000019e-03
1.048856999999999928e+00 1.287568000000000002e-03
1.052645999999999971e+00 1.401123999999999903e-03
1.056408000000000014e+00 1.525213999999999997e-03
1.060130000000000017e+00 1.653986999999999992e-03
1.063887000000000027e+00 1.803247999999999917e-03
1.067647999999999930e+00 1.961286999999999926e-03
1.071441000000000088e+00 2.133959999999999850e-03
1.075198000000000098e+00 2.321853999999999932e-03
1.078921999999999937e+00 2.522037999999999884e-03
1.082683999999999980e+00 2.742123999999999864e-03
1.086438000000000015e+00 2.982110999999999963e-03
1.090232000000000090e+00 3.239659000000000202e-03
1.093993999999999911e+00 3.519447000000000200e-03
1.097746000000000111e+00 3.818550999999999890e-03
1.101474999999999982e+00 4.135803000000000396e-03
1.105234999999999967e+00 4.482906000000000044e-03
1.108991999999999978e+00 4.851081000000000143e-03
1.112778000000000045e+00 5.247352000000000266e-03
1.116543999999999981e+00 5.669966000000000242e-03
1.120295000000000041e+00 6.118914999999999944e-03
1.124023999999999912e+00 6.588351999999999577e-03
1.127782000000000062e+00 7.094081999999999819e-03
1.131572999999999940e+00 7.631416000000000241e-03
1.135331000000000090e+00 8.192167999999999672e-03
1.139089000000000018e+00 8.785114999999999591e-03
1.142854999999999954e+00 9.408490000000000256e-03
1.146573000000000064e+00 1.005293999999999979e-02
1.150406000000000040e+00 1.074773000000000048e-02
1.154128999999999960e+00 1.145656999999999925e-02
1.157893000000000061e+00 1.219994999999999934e-02
1.161648999999999932e+00 1.297376000000000085e-02
1.165400999999999909e+00 1.377450000000000029e-02
1.169127999999999945e+00 1.459981999999999946e-02
1.172952999999999912e+00 1.547780999999999983e-02
1.176681000000000088e+00 1.636166999999999830e-02
1.180433999999999983e+00 1.728065999999999977e-02
1.184196999999999944e+00 1.823181999999999928e-02
1.187953000000000037e+00 1.920289000000000024e-02
1.191750000000000087e+00 2.021844000000000072e-02
1.195500999999999925e+00 2.124743999999999938e-02
1.199225999999999903e+00 2.229110000000000119e-02
1.202984999999999971e+00 2.337631000000000084e-02
1.206749999999999989e+00 2.448436000000000015e-02
1.210539000000000032e+00 2.562166000000000096e-02
1.214296000000000042e+00 2.677594000000000155e-02
1.218021999999999938e+00 2.794367000000000031e-02
1.221784999999999899e+00 2.915005000000000027e-02
1.225538000000000016e+00 3.037515000000000007e-02
1.229295000000000027e+00 3.162542000000000131e-02
1.233084000000000069e+00 3.290144999999999875e-02
1.236844999999999972e+00 3.419152999999999776e-02
1.240567999999999893e+00 3.549038999999999666e-02
1.244329000000000018e+00 3.681968000000000046e-02
1.248081999999999914e+00 3.816768000000000244e-02
1.251880000000000104e+00 3.955142999999999853e-02
1.255640000000000089e+00 4.093751000000000334e-02
1.259393999999999902e+00 4.234054000000000290e-02
1.263117000000000045e+00 4.375529999999999697e-02
1.266875999999999891e+00 4.519638000000000128e-02
1.270674000000000081e+00 4.666499000000000341e-02
1.274427999999999894e+00 4.813887000000000027e-02
1.278200000000000003e+00 4.963849000000000039e-02
1.281949000000000005e+00 5.113576999999999706e-02
1.285681000000000074e+00 5.264884999999999704e-02
1.289435000000000109e+00 5.418417999999999846e-02
1.293226999999999904e+00 5.574936999999999948e-02
1.296979000000000104e+00 5.731512999999999886e-02
1.300739000000000090e+00 5.889789000000000135e-02
1.304500999999999911e+00 6.048997999999999875e-02
1.308222999999999914e+00 6.208091000000000304e-02
1.312051999999999996e+00 6.373096000000000316e-02
1.315773000000000081e+00 6.534884000000000526e-02
1.319533000000000067e+00 6.699070000000000025e-02
1.323293999999999970e+00 6.865008999999999695e-02
1.327051999999999898e+00 7.032180999999999849e-02
1.330840999999999941e+00 7.201285000000000325e-02
1.334605000000000041e+00 7.370625000000000093e-02
1.338332000000000077e+00 7.539727000000000234e-02
1.342084999999999972e+00 7.710820000000000174e-02
1.345844000000000040e+00 7.883202000000000265e-02
1.349568000000000101e+00 8.054820999999999509e-02
1.353388999999999953e+00 8.232412000000000063e-02
1.357113000000000014e+00 8.406254000000000504e-02
1.360870999999999942e+00 8.582903000000000060e-02
1.364630000000000010e+00 8.760147999999999546e-02
1.368390999999999913e+00 8.938675000000000093e-02
1.372181000000000095e+00 9.119486999999999732e-02
1.375936999999999966e+00 9.299006999999999412e-02
1.379664999999999919e+00 9.478348999999999802e-02
1.383426999999999962e+00 9.660330999999999779e-02
1.387177000000000104e+00 9.842542999999999431e-02
1.390973999999999933e+00 1.002727999999999953e-01
1.394735000000000058e+00 1.021148000000000056e-01
1.398490000000000011e+00 1.039632999999999946e-01
1.402209999999999956e+00 1.058000000000000052e-01
1.405974999999999975e+00 1.076654999999999973e-01
1.409726999999999952e+00 1.095309000000000005e-01
1.413532000000000011e+00 1.114332999999999990e-01
1.417288000000000103e+00 1.133204000000000017e-01
1.421041999999999916e+00 1.152051999999999937e-01
1.424768000000000034e+00 1.170863999999999933e-01
1.428528999999999938e+00 1.189887000000000028e-01
1.432320999999999955e+00 1.209046000000000010e-01
1.436071000000000097e+00 1.228261999999999965e-01
1.439839000000000091e+00 1.247502000000000055e-01
1.443591999999999986e+00 1.266712999999999867e-01
1.447324999999999973e+00 1.285930000000000129e-01
1.451151000000000080e+00 1.305562000000000111e-01
1.454873000000000083e+00 1.324830999999999925e-01
1.458626999999999896e+00 1.344280999999999948e-01
1.462388000000000021e+00 1.363825999999999927e-01
1.466143999999999892e+00 1.383363999999999983e-01
1.469864000000000059e+00 1.402808999999999862e-01
1.473694999999999977e+00 1.422802999999999984e-01
1.477421000000000095e+00 1.442318999999999962e-01
1.481182999999999916e+00 1.462080000000000046e-01
1.484938000000000091e+00 1.481822999999999890e-01
1.488658999999999955e+00 1.501477999999999979e-01
1.492482000000000086e+00 1.521637000000000128e-01
1.496207999999999982e+00 1.541415999999999897e-01
1.499969000000000108e+00 1.561323000000000016e-01
