9.998584000000000638e-02 3.398587999999999824e-10
1.037170000000000036e-01 -1.890631999999999929e-09
1.074787999999999993e-01 1.409946000000000044e-09
1.112759999999999999e-01 -4.289031000000000344e-09
1.150285000000000057e-01 2.957671000000000094e-09
1.187881999999999966e-01 -1.103307000000000065e-09
1.225501999999999980e-01 9.254435999999999443e-11
1.262809000000000015e-01 1.550109999999999934e-09
1.301039999999999974e-01 -7.141493999999999741e-10
1.338251000000000024e-01 -1.216042999999999931e-11
1.375988999999999962e-01 8.165966000000000047e-10
1.413300000000000112e-01 -2.775617999999999751e-10
1.451020000000000088e-01 -5.579587000000000039e-10
1.488365000000000105e-01 -2.571611999999999887e-10
1.526504999999999945e-01 1.309745999999999915e-09
1.563871000000000011e-01 -6.325811999999999703e-11
1.601336999999999899e-01 -2.041966000000000050e-10
1.638954999999999995e-01 5.174769000000000000e-10
1.676588999999999996e-01 -5.437705999999999973e-11
1.714897999999999978e-01 5.986927999999999904e-10
1.751999999999999946e-01 1.660992999999999994e-09
1.789576999999999973e-01 -1.891339999999999799e-09
1.827235000000000109e-01 -1.355293000000000057e-10
1.864410999999999985e-01 -1.219980000000000082e-08
1.902265999999999957e-01 3.730055999999999801e-09
1.940130999999999939e-01 8.659873000000000335e-09
1.976969000000000087e-01 -1.613324999999999906e-09
2.015017000000000058e-01 -3.235854000000000187e-09
2.052721999999999880e-01 -1.848480000000000011e-09
2.089890000000000081e-01 1.988171000000000082e-09
2.128173999999999899e-01 -5.456668999999999823e-10
2.165250999999999981e-01 1.178011999999999964e-09
2.203035999999999883e-01 -1.349595000000000032e-09
2.240407000000000093e-01 -1.106073999999999917e-09
2.277893000000000001e-01 9.353954999999999055e-10
2.315844999999999987e-01 1.303309999999999918e-09
2.353517999999999999e-01 -4.394159000000000046e-10
2.391198999999999963e-01 2.623759000000000142e-10
2.428379999999999983e-01 -2.208002999999999949e-10
2.465764000000000011e-01 -1.303452000000000102e-09
2.503796999999999828e-01 1.132641999999999944e-09
2.541282000000000263e-01 -7.977470999999999655e-10
2.578865000000000185e-01 1.814477999999999904e-09
2.616437999999999819e-01 3.062014000000000196e-10
2.653756999999999922e-01 8.903472999999999990e-10
2.691374000000000266e-01 1.105547999999999955e-09
2.729263000000000106e-01 1.691947000000000010e-09
2.766876999999999809e-01 2.318695999999999827e-09
2.804423999999999806e-01 1.206263000000000056e-09
2.842086999999999808e-01 7.273370999999999988e-10
2.879553000000000251e-01 2.214827000000000173e-09
2.917489999999999806e-01 1.300800000000000099e-09
2.955014000000000252e-01 -8.485880000000000479e-10
2.992587999999999915e-01 -3.005909000000000109e-09
3.029533999999999838e-01 5.913344999999999705e-09
3.067829000000000250e-01 -2.381985999999999926e-09
3.105345999999999940e-01 -1.300648999999999982e-08
3.143133000000000177e-01 1.590781999999999977e-09
3.180444000000000049e-01 3.279122999999999865e-09
3.217627000000000126e-01 3.536796999999999900e-09
3.255462000000000078e-01 -4.378711999999999778e-10
3.292475000000000263e-01 -5.223471999999999765e-09
3.331489000000000256e-01 -1.395094000000000022e-09
3.368185000000000207e-01 2.852217999999999776e-10
3.405870999999999760e-01 -7.282431000000000161e-10
3.443468000000000084e-01 -2.901076000000000043e-09
3.480873999999999913e-01 -1.424796999999999903e-10
3.518858000000000263e-01 7.606955000000000073e-11
3.556495000000000073e-01 -1.666525999999999961e-11
3.593712000000000018e-01 4.255144999999999992e-10
3.631407999999999858e-01 -8.876514999999999927e-10
3.668897999999999882e-01 -1.904639000000000160e-11
3.706858000000000097e-01 1.807977000000000073e-09
3.744475999999999916e-01 4.291828000000000247e-10
3.781831999999999971e-01 1.174494999999999882e-10
3.819258999999999848e-01 -8.106130000000000317e-12
3.856782000000000266e-01 1.471660999999999970e-09
3.894505999999999801e-01 1.816858999999999961e-09
3.932345999999999897e-01 -5.544190000000000270e-10
3.969872999999999874e-01 1.574779999999999912e-10
4.007450000000000179e-01 1.630551999999999934e-09
4.044850999999999863e-01 -8.674786000000000312e-11
4.082206999999999919e-01 8.854561999999999889e-10
4.120559999999999778e-01 3.071771999999999843e-09
4.157648999999999928e-01 4.125960999999999996e-09
4.195821000000000134e-01 5.358029000000000048e-09
4.232946000000000208e-01 8.557152999999999267e-09
4.269992000000000232e-01 1.581063999999999949e-09
4.308711000000000069e-01 4.201128999999999628e-09
4.345598999999999990e-01 -3.241966999999999999e-09
4.383548999999999918e-01 -4.745952000000000363e-09
4.421224000000000265e-01 6.474515999999999648e-09
4.458533000000000079e-01 4.036765999999999872e-09
4.495901999999999954e-01 -3.906239999999999944e-09
4.533732999999999791e-01 -3.676298999999999900e-09
4.571664999999999757e-01 -6.879563999999999592e-10
4.608952000000000049e-01 -2.138657000000000011e-09
4.646376999999999868e-01 -1.798701000000000011e-10
4.683678000000000008e-01 8.404952000000000394e-11
4.721998000000000029e-01 -2.247258999999999942e-10
4.759313000000000016e-01 2.031696999999999896e-10
4.796835999999999878e-01 1.364896999999999986e-09
4.834333000000000102e-01 2.502555000000000154e-09
4.872005999999999837e-01 2.355505999999999827e-09
4.909877000000000269e-01 6.938081999999999492e-10
4.947470999999999952e-01 3.030777000000000028e-09
4.984711000000000003e-01 9.792203999999999782e-10
5.022332999999999936e-01 4.030073999999999953e-09
5.059900000000000508e-01 2.560344999999999806e-09
5.097606000000000082e-01 3.702059000000000027e-09
5.135376999999999859e-01 3.764352999999999853e-09
5.172974000000000183e-01 2.183807000000000005e-09
5.210272000000000236e-01 3.405769000000000009e-09
5.247983000000000509e-01 4.139990000000000300e-09
5.285267000000000159e-01 2.901487999999999855e-09
5.323276999999999592e-01 8.817275000000000450e-09
5.361356000000000455e-01 2.649670000000000012e-09
5.398433999999999733e-01 4.002143000000000125e-09
5.436258000000000479e-01 1.289734000000000046e-08
5.473476000000000452e-01 2.095844999999999932e-08
5.510985999999999940e-01 3.757210000000000098e-09
5.549085999999999741e-01 4.459895999999999836e-09
5.586054999999999771e-01 5.940500000000000321e-09
5.624240999999999824e-01 2.111600999999999934e-09
5.661258999999999597e-01 5.871507999999999904e-09
5.698841000000000045e-01 1.169609999999999976e-08
5.736674999999999969e-01 1.014214000000000071e-08
5.774272999999999767e-01 5.843451999999999934e-09
5.811790000000000012e-01 1.027657000000000022e-08
5.849518999999999691e-01 8.700598999999999187e-09
5.886721999999999788e-01 1.085105999999999996e-08
5.924983999999999806e-01 1.177346000000000000e-08
5.962203000000000364e-01 1.398905999999999967e-08
5.999881999999999715e-01 1.610425999999999997e-08
6.037472999999999868e-01 1.557583999999999861e-08
6.074673999999999907e-01 1.832569999999999846e-08
6.112977000000000549e-01 2.020703999999999974e-08
6.150193999999999939e-01 2.064768000000000123e-08
6.187690999999999608e-01 2.273796999999999856e-08
6.225389999999999535e-01 2.639757000000000111e-08
6.262866999999999740e-01 2.646681000000000034e-08
6.300854999999999650e-01 2.901348000000000061e-08
6.338466999999999851e-01 3.145567999999999782e-08
6.375661000000000245e-01 3.595980000000000149e-08
6.413347000000000353e-01 3.869865000000000222e-08
6.451052000000000453e-01 4.031459999999999890e-08
6.488336999999999577e-01 4.197026999999999800e-08
6.525988000000000344e-01 4.890538000000000219e-08
6.564368000000000425e-01 4.087542999999999851e-08
6.601276000000000366e-01 4.296318999999999999e-08
6.638657999999999504e-01 6.693966000000000002e-08
6.676621000000000361e-01 7.274126000000000612e-08
6.714126000000000261e-01 6.460075000000000359e-08
6.751757000000000453e-01 7.065864999999999856e-08
6.789737000000000133e-01 8.630049000000000253e-08
6.826512999999999609e-01 9.154102000000000532e-08
6.864247999999999461e-01 9.924893999999999828e-08
6.902000999999999831e-01 1.069686000000000014e-07
6.939883999999999498e-01 1.143410999999999968e-07
6.977286999999999795e-01 1.242888999999999900e-07
7.014833999999999792e-01 1.357283000000000124e-07
7.052081000000000044e-01 1.471860000000000052e-07
7.089647999999999506e-01 1.602627999999999996e-07
7.127584999999999615e-01 1.737490999999999951e-07
7.165306999999999649e-01 1.893585000000000078e-07
7.202764999999999862e-01 2.056981000000000120e-07
7.240465999999999847e-01 2.240073000000000050e-07
7.277626999999999846e-01 2.423945999999999992e-07
7.315804000000000196e-01 2.633678000000000219e-07
7.353132000000000001e-01 2.847376000000000231e-07
7.390716999999999981e-01 3.083471999999999859e-07
7.428247000000000044e-01 3.348270000000000110e-07
7.465599000000000540e-01 3.652542000000000070e-07
7.503786000000000067e-01 3.947515999999999916e-07
7.539285000000000014e-01 4.274443999999999944e-07
7.573644999999999960e-01 4.619294999999999939e-07
7.607962000000000335e-01 4.986999999999999856e-07
7.641373000000000193e-01 5.381651999999999597e-07
7.674638999999999767e-01 5.812000999999999820e-07
7.707762000000000224e-01 6.274838000000000247e-07
7.734799999999999454e-01 6.777557000000000211e-07
7.763003000000000542e-01 7.202007000000000018e-07
7.789795000000000469e-01 7.676645999999999904e-07
7.816087999999999925e-01 8.214316000000000510e-07
7.835668999999999551e-01 8.905879000000000414e-07
7.844659000000000493e-01 9.305625999999999976e-07
7.859342999999999746e-01 9.546332000000000861e-07
7.865130999999999650e-01 9.899840999999999716e-07
7.869793000000000482e-01 1.016997999999999906e-06
7.867834999999999690e-01 1.034870000000000055e-06
8.142728999999999662e-01 1.585239000000000104e-06
8.180517999999999956e-01 1.724312000000000068e-06
8.217596000000000345e-01 1.872239000000000067e-06
8.255274999999999697e-01 2.025534000000000011e-06
8.292813999999999464e-01 2.200918999999999857e-06
8.330705999999999944e-01 2.392580999999999870e-06
8.368301000000000212e-01 2.595470999999999803e-06
8.405899000000000010e-01 2.811576999999999898e-06
8.443003999999999509e-01 3.057962999999999812e-06
8.480742000000000003e-01 3.311959999999999966e-06
8.518609999999999793e-01 3.596556000000000061e-06
8.556167000000000078e-01 3.897851999999999929e-06
8.593823999999999907e-01 4.222137000000000162e-06
8.631347000000000325e-01 4.584477000000000322e-06
8.668474999999999930e-01 4.964234000000000352e-06
8.706914999999999516e-01 5.386699000000000211e-06
8.743959000000000037e-01 5.818486000000000317e-06
8.781735000000000513e-01 6.312200000000000314e-06
8.819147000000000514e-01 6.829181999999999695e-06
8.856452999999999687e-01 7.385970999999999930e-06
8.894022000000000316e-01 7.991614999999999209e-06
8.931864999999999943e-01 8.648204000000000590e-06
8.969460000000000210e-01 9.353685999999999945e-06
9.007332000000000116e-01 9.684464000000000050e-06
9.044942000000000260e-01 1.048481999999999968e-05
9.082109000000000432e-01 1.133170999999999929e-05
9.120418000000000136e-01 1.227188999999999949e-05
9.157665999999999862e-01 1.326652000000000050e-05
9.195259999999999545e-01 1.433913000000000005e-05
9.232787999999999551e-01 1.549244000000000036e-05
9.270361999999999769e-01 1.673247000000000075e-05
9.308189000000000046e-01 1.807116000000000131e-05
9.345826999999999884e-01 1.950565999999999918e-05
9.383108999999999478e-01 2.102652000000000075e-05
9.420610999999999846e-01 2.267218000000000152e-05
9.458315000000000472e-01 2.443604000000000059e-05
9.495841999999999894e-01 2.631170000000000085e-05
9.533711999999999742e-01 2.833863999999999944e-05
9.571279999999999788e-01 3.050099000000000085e-05
9.608493999999999646e-01 3.278238999999999904e-05
9.646130000000000537e-01 3.524592000000000220e-05
9.683741999999999628e-01 3.787978000000000140e-05
9.721636000000000166e-01 4.074764999999999941e-05
9.759143999999999597e-01 4.377764000000000189e-05
9.796764999999999501e-01 4.705714000000000327e-05
9.833956000000000364e-01 5.054433999999999929e-05
9.871545999999999932e-01 5.433157999999999862e-05
9.909400999999999904e-01 5.846819000000000305e-05
9.946985000000000410e-01 6.290608000000000267e-05
9.984549999999999814e-01 6.773020000000000418e-05
1.002216999999999913e+00 7.295942999999999342e-05
1.005945000000000089e+00 7.859622999999999339e-05
1.009698999999999902e+00 8.479521000000000497e-05
1.013490000000000002e+00 9.161150999999999594e-05
1.017247000000000012e+00 9.900524999999999539e-05
1.021031999999999940e+00 1.075402999999999976e-04
1.024755000000000082e+00 1.163395000000000065e-04
1.028513000000000011e+00 1.260773000000000134e-04
1.032313999999999954e+00 1.369219999999999877e-04
1.036064000000000096e+00 1.486986999999999998e-04
1.039822999999999942e+00 1.617288999999999890e-04
1.043574999999999919e+00 1.760715999999999898e-04
1.047306999999999988e+00 1.918266999999999976e-04
1.051131999999999955e+00 2.096684999999999933e-04
1.054853000000000041e+00 2.289158000000000013e-04
1.058607999999999993e+00 2.503920999999999773e-04
1.062367000000000061e+00 2.742239000000000156e-04
1.066127000000000047e+00 3.006689000000000106e-04
1.069846999999999992e+00 3.297369999999999772e-04
1.073679999999999968e+00 3.630206000000000188e-04
1.077398000000000078e+00 3.989401000000000058e-04
1.081156000000000006e+00 4.393492000000000252e-04
1.084913999999999934e+00 4.843078000000000118e-04
1.088670000000000027e+00 5.344065000000000273e-04
1.092454999999999954e+00 5.906804999999999565e-04
1.096211999999999964e+00 6.529787000000000438e-04
1.099936999999999943e+00 7.217973000000000357e-04
1.103688000000000002e+00 7.990456999999999855e-04
1.107448999999999906e+00 8.853065999999999713e-04
1.111231999999999998e+00 9.821372999999999995e-04
1.115024000000000015e+00 1.091081999999999946e-03
1.118786000000000058e+00 1.210507999999999897e-03
1.122509999999999897e+00 1.341893000000000035e-03
1.126262000000000096e+00 1.488879999999999934e-03
1.130052999999999974e+00 1.653422000000000095e-03
1.133815999999999935e+00 1.834338000000000028e-03
1.137569999999999970e+00 2.033490000000000211e-03
1.141337999999999964e+00 2.253817999999999881e-03
1.145062999999999942e+00 2.493429000000000131e-03
1.148814000000000002e+00 2.757708000000000208e-03
1.152606000000000019e+00 3.049841000000000184e-03
1.156363000000000030e+00 3.365349000000000118e-03
1.160118999999999900e+00 3.708200999999999945e-03
1.163837999999999928e+00 4.076302999999999871e-03
1.167602000000000029e+00 4.478443000000000354e-03
1.171389000000000014e+00 4.913688000000000257e-03
1.175148999999999999e+00 5.378756000000000162e-03
1.178906999999999927e+00 5.875258999999999864e-03
1.182655999999999930e+00 6.403975000000000119e-03
1.186382000000000048e+00 6.962600999999999686e-03
1.190204999999999957e+00 7.570137999999999694e-03
1.193931000000000076e+00 8.196425999999999712e-03
1.197678000000000020e+00 8.860062000000000146e-03
1.201443000000000039e+00 9.561045000000000654e-03
1.205194000000000099e+00 1.029305999999999971e-02
1.208963999999999928e+00 1.109648000000000058e-02
1.212782000000000027e+00 1.190631999999999975e-02
1.216504000000000030e+00 1.273246999999999921e-02
1.220261000000000040e+00 1.359912999999999920e-02
1.224020000000000108e+00 1.449875999999999943e-02
1.227775999999999978e+00 1.542918000000000067e-02
1.231565000000000021e+00 1.639942999999999956e-02
1.235332000000000097e+00 1.739479999999999846e-02
1.239054000000000100e+00 1.840815000000000159e-02
1.242812000000000028e+00 1.945968000000000003e-02
1.246566999999999981e+00 2.053912999999999919e-02
1.250358000000000080e+00 2.165788000000000088e-02
1.254115000000000091e+00 2.279377000000000139e-02
1.257878000000000052e+00 2.395743999999999999e-02
1.261600000000000055e+00 2.513465000000000144e-02
1.265355000000000008e+00 2.634821000000000038e-02
1.269120999999999944e+00 2.758986999999999898e-02
1.272907999999999928e+00 2.886191999999999924e-02
1.276664999999999939e+00 3.014750999999999889e-02
1.280427999999999900e+00 3.145894999999999941e-02
1.284149999999999903e+00 3.277796000000000182e-02
1.287908999999999970e+00 3.413163999999999781e-02
1.291698000000000013e+00 3.551877999999999980e-02
1.295460000000000056e+00 3.691569000000000100e-02
1.299210999999999894e+00 3.832831999999999906e-02
1.302942000000000045e+00 3.975449000000000344e-02
1.306700999999999890e+00 4.120941999999999661e-02
1.310491000000000072e+00 4.269462000000000257e-02
1.314245000000000108e+00 4.418456999999999940e-02
1.318001999999999896e+00 4.569466999999999973e-02
1.321766999999999914e+00 4.722428000000000042e-02
1.325487000000000082e+00 4.875290000000000179e-02
1.329250999999999960e+00 5.031738000000000183e-02
1.333031999999999995e+00 5.190382000000000329e-02
1.336797000000000013e+00 5.349853999999999721e-02
1.340554000000000023e+00 5.510649000000000103e-02
1.344308000000000058e+00 5.672896000000000188e-02
1.348028999999999922e+00 5.835126000000000202e-02
1.351855000000000029e+00 6.003292999999999824e-02
1.355585000000000040e+00 6.168855000000000172e-02
1.359334000000000042e+00 6.336556999999999606e-02
1.363094999999999946e+00 6.506020999999999332e-02
1.366846000000000005e+00 6.676485000000000058e-02
1.370643999999999973e+00 6.850203000000000542e-02
1.374400999999999984e+00 7.023551999999999573e-02
1.378125999999999962e+00 7.196639999999999981e-02
1.381880999999999915e+00 7.372238999999999876e-02
1.385642999999999958e+00 7.549364999999999548e-02
1.389397999999999911e+00 7.727293999999999830e-02
1.393184999999999896e+00 7.907719000000000553e-02
1.396948000000000079e+00 8.088388000000000522e-02
1.400670000000000082e+00 8.268285000000000218e-02
1.404423999999999895e+00 8.450588000000000544e-02
1.408185999999999938e+00 8.634218999999999922e-02
1.411980000000000013e+00 8.820343999999999407e-02
1.415739000000000081e+00 9.005955999999999684e-02
1.419461000000000084e+00 9.190890000000000171e-02
1.423221999999999987e+00 9.378614000000000395e-02
1.426976000000000022e+00 9.566708999999999630e-02
1.430768999999999957e+00 9.757733999999999852e-02
1.434531000000000001e+00 9.948279999999999623e-02
1.438283999999999896e+00 1.013907000000000003e-01
1.442010000000000014e+00 1.032961000000000018e-01
1.445824999999999916e+00 1.054313999999999946e-01
1.449581000000000008e+00 1.073377999999999971e-01
1.453367999999999993e+00 1.092888000000000054e-01
1.457132000000000094e+00 1.112379000000000007e-01
1.460884000000000071e+00 1.131888000000000061e-01
1.464615000000000000e+00 1.151403000000000010e-01
1.468371000000000093e+00 1.171081999999999956e-01
1.472164999999999946e+00 1.191036000000000039e-01
1.475919999999999899e+00 1.210890000000000022e-01
1.479678999999999967e+00 1.230850000000000000e-01
1.483438000000000034e+00 1.250845999999999902e-01
1.487155999999999922e+00 1.270728999999999886e-01
1.490990000000000038e+00 1.291245000000000032e-01
1.494709999999999983e+00 1.311269999999999936e-01
1.498475999999999919e+00 1.331581000000000015e-01
1.502232000000000012e+00 1.351909000000000027e-01
1.505981999999999932e+00 1.372266000000000041e-01
1.509708999999999968e+00 1.392625000000000113e-01
1.513538000000000050e+00 1.413481000000000043e-01
1.517263000000000028e+00 1.433879000000000126e-01
1.521014000000000088e+00 1.454470999999999958e-01
1.524777999999999967e+00 1.475191999999999892e-01
1.528532999999999920e+00 1.495901000000000036e-01
1.532329999999999970e+00 1.516868000000000105e-01
1.536084000000000005e+00 1.537711999999999968e-01
1.539806999999999926e+00 1.558432999999999902e-01
1.543565000000000076e+00 1.579322999999999977e-01
1.547331999999999930e+00 1.600330000000000086e-01
1.551126999999999923e+00 1.621560999999999975e-01
1.554883000000000015e+00 1.642598000000000114e-01
1.558610000000000051e+00 1.663582000000000116e-01
1.562373999999999929e+00 1.684794000000000014e-01
1.566125999999999907e+00 1.705942000000000014e-01
1.569882000000000000e+00 1.727136999999999978e-01
1.573673000000000100e+00 1.748549000000000075e-01
1.577431000000000028e+00 1.769824999999999871e-01
1.581153999999999948e+00 1.790968000000000004e-01
1.584918000000000049e+00 1.812390999999999863e-01
1.588670999999999944e+00 1.833738000000000035e-01
1.592467999999999995e+00 1.855343000000000131e-01
1.596227999999999980e+00 1.876812999999999954e-01
1.599979999999999958e+00 1.898240999999999956e-01
