-3.144413000000000145e-05 5.106527000000000103e-08
5.024652000000000111e-03 5.587147999999999864e-08
1.001747000000000054e-02 6.215202000000000599e-08
1.506930000000000075e-02 6.002317999999999869e-08
2.006234000000000142e-02 5.472936000000000218e-08
2.511636999999999897e-02 5.375523999999999769e-08
3.013897000000000104e-02 5.316451999999999913e-08
3.516136000000000261e-02 6.658403999999999541e-08
4.018824000000000007e-02 5.270189999999999892e-08
4.528689999999999799e-02 4.969693000000000242e-08
5.022759999999999725e-02 6.445843000000000527e-08
5.525221999999999772e-02 6.820189999999999875e-08
6.030212000000000072e-02 2.516405000000000092e-07
6.533822999999999714e-02 1.225045000000000002e-08
7.033512000000000097e-02 -3.105115999999999889e-10
7.537586999999999759e-02 5.263625000000000257e-08
8.036946999999999841e-02 8.804744000000000217e-08
8.542010999999999354e-02 1.008566000000000059e-07
9.044351000000000473e-02 1.371734999999999941e-07
9.546947000000000072e-02 1.572934999999999917e-07
1.005449000000000065e-01 2.793993000000000156e-08
1.055476999999999943e-01 1.267550999999999979e-08
1.105375999999999997e-01 5.350427999999999879e-09
1.155941000000000052e-01 4.155818000000000010e-09
1.205978999999999940e-01 3.930515999999999830e-08
1.256396999999999931e-01 6.423320999999999764e-08
1.306331000000000020e-01 6.528708000000000654e-08
1.356874000000000136e-01 6.822211000000000234e-08
1.406747000000000136e-01 6.935700000000000358e-08
1.457340000000000024e-01 6.926321999999999359e-08
1.507213000000000025e-01 6.911177000000000318e-08
1.557782000000000056e-01 6.943738000000000367e-08
1.607976999999999879e-01 6.944133999999999545e-08
1.658256999999999926e-01 6.994825000000000565e-08
1.708449999999999969e-01 7.038177000000000065e-08
1.758985999999999883e-01 7.093173000000000275e-08
1.808890999999999971e-01 7.123002999999999954e-08
1.859428999999999943e-01 7.082016000000000621e-08
1.909405000000000130e-01 7.092939999999999455e-08
1.959974999999999912e-01 7.122350000000000246e-08
2.009847999999999912e-01 7.264716000000000000e-08
2.060415999999999914e-01 7.260609000000000399e-08
2.110271999999999981e-01 7.237148999999999738e-08
2.160861000000000032e-01 7.323944000000000615e-08
2.210738999999999899e-01 7.334233000000000185e-08
2.261276999999999870e-01 7.333677000000000296e-08
2.311541000000000012e-01 7.365938999999999662e-08
2.361742000000000008e-01 7.309562000000000613e-08
2.411956000000000100e-01 7.421674000000000525e-08
2.462503000000000053e-01 7.660944999999999915e-08
2.512388999999999872e-01 7.655885999999999922e-08
2.562941000000000247e-01 7.656272999999999541e-08
2.612806999999999769e-01 7.665024999999999512e-08
2.663388999999999895e-01 7.648121000000000250e-08
2.713266999999999762e-01 7.967238000000000234e-08
2.763838000000000128e-01 8.105428999999999887e-08
2.813736000000000015e-01 8.226747000000000232e-08
2.864266999999999785e-01 8.246531000000000378e-08
2.914519999999999889e-01 8.452630000000000165e-08
2.964695999999999998e-01 9.099688000000000558e-08
3.014974000000000265e-01 9.422691000000000502e-08
3.065519999999999912e-01 9.712651999999999931e-08
3.115365999999999969e-01 1.130986999999999962e-07
3.165958999999999857e-01 1.138901000000000015e-07
3.215819999999999790e-01 1.142409999999999971e-07
3.266456999999999833e-01 1.141910000000000065e-07
3.316321999999999881e-01 1.150505000000000018e-07
3.366892000000000218e-01 1.149130999999999968e-07
3.416791000000000134e-01 1.142276000000000004e-07
3.467333000000000220e-01 1.199116000000000002e-07
3.517240999999999840e-01 1.231555000000000072e-07
3.567772000000000165e-01 1.224186000000000107e-07
3.618000000000000105e-01 1.225167000000000081e-07
3.668258999999999825e-01 1.224021999999999974e-07
3.718457000000000012e-01 1.223696000000000081e-07
3.769003000000000214e-01 1.221350999999999936e-07
3.818874999999999909e-01 1.224112999999999998e-07
3.869466999999999768e-01 1.216112999999999926e-07
3.919323000000000112e-01 1.202816999999999884e-07
3.969849999999999768e-01 1.208982000000000125e-07
4.019799000000000011e-01 1.210597999999999893e-07
4.070316999999999963e-01 1.207526999999999931e-07
4.120213999999999821e-01 1.207093999999999943e-07
4.170775999999999928e-01 1.208614000000000078e-07
4.220651000000000264e-01 1.203515000000000040e-07
4.271220000000000017e-01 1.178772000000000015e-07
4.321431000000000022e-01 1.189427999999999975e-07
4.371669999999999723e-01 1.188710000000000061e-07
4.421900000000000275e-01 1.188174000000000062e-07
4.472421999999999787e-01 1.186981000000000006e-07
4.522372000000000059e-01 1.186725999999999982e-07
4.572898000000000240e-01 1.185809000000000027e-07
4.622827999999999937e-01 1.186248999999999997e-07
4.673363999999999852e-01 1.190968000000000001e-07
4.723319000000000267e-01 1.194722000000000102e-07
4.773844999999999894e-01 1.199764000000000102e-07
4.823683000000000276e-01 1.202139000000000015e-07
4.874283999999999839e-01 1.204979999999999981e-07
4.924478999999999940e-01 1.207559000000000073e-07
4.974748999999999977e-01 1.206119999999999950e-07
5.024965999999999600e-01 1.204956999999999928e-07
5.075507999999999686e-01 1.205875999999999991e-07
5.125389000000000195e-01 1.209467999999999935e-07
5.175891999999999715e-01 1.211547999999999911e-07
5.225838999999999901e-01 1.213395000000000126e-07
5.276400999999999453e-01 1.218076000000000061e-07
5.326239000000000390e-01 1.219466999999999970e-07
5.376824000000000048e-01 1.219206000000000019e-07
5.426725000000000021e-01 1.222771999999999880e-07
5.477258999999999878e-01 1.221728999999999994e-07
5.527117000000000280e-01 1.221986999999999916e-07
5.577689999999999593e-01 1.221482999999999927e-07
5.627955999999999515e-01 1.222117000000000064e-07
5.678132999999999653e-01 1.226323000000000121e-07
5.728379999999999583e-01 1.222553000000000082e-07
5.778925000000000312e-01 1.229764999999999895e-07
5.828834000000000515e-01 1.224315999999999990e-07
5.879408999999999885e-01 1.224034000000000093e-07
5.929248000000000296e-01 1.225065000000000124e-07
5.979910999999999976e-01 1.227765999999999931e-07
6.029742000000000157e-01 1.244845000000000054e-07
6.080335000000000045e-01 1.249062000000000044e-07
6.130223000000000200e-01 1.251623999999999879e-07
6.180740999999999596e-01 1.250262000000000082e-07
6.230696000000000012e-01 1.256265000000000033e-07
6.281210999999999878e-01 1.262365000000000068e-07
6.331440000000000401e-01 1.265726000000000094e-07
6.381641999999999593e-01 1.268761999999999883e-07
6.431848000000000010e-01 1.270526999999999900e-07
6.482415999999999734e-01 1.271591999999999916e-07
6.532289000000000012e-01 1.272436999999999948e-07
6.582860000000000378e-01 1.272182000000000056e-07
6.632757999999999710e-01 1.274422999999999870e-07
6.683310000000000084e-01 1.276241999999999895e-07
6.733232999999999580e-01 1.282415999999999961e-07
6.783753999999999618e-01 1.287806999999999906e-07
6.833631000000000011e-01 1.295555000000000115e-07
6.884183000000000385e-01 1.302362000000000131e-07
6.934455999999999953e-01 1.309999999999999951e-07
6.984656000000000198e-01 1.313231000000000095e-07
7.034850000000000270e-01 1.317064999999999889e-07
7.085453999999999919e-01 1.323708000000000037e-07
7.135329999999999728e-01 1.330149000000000114e-07
7.185865000000000169e-01 1.336608000000000106e-07
7.235768000000000200e-01 1.341391999999999919e-07
7.286302000000000056e-01 1.345766000000000061e-07
7.336276000000000463e-01 1.352667000000000131e-07
7.386795000000000444e-01 1.354893999999999983e-07
7.436715000000000408e-01 1.356514999999999888e-07
7.487266999999999673e-01 1.356299000000000120e-07
7.537127000000000132e-01 1.361041000000000044e-07
7.587739999999999485e-01 1.361694999999999939e-07
7.637899999999999689e-01 1.365700000000000113e-07
7.688142999999999505e-01 1.367389999999999911e-07
7.738327000000000400e-01 1.367527000000000040e-07
7.788950999999999514e-01 1.369308000000000127e-07
7.838794000000000040e-01 1.361619999999999986e-07
7.889302000000000259e-01 1.361586999999999922e-07
7.939249000000000445e-01 1.363936000000000018e-07
7.989785999999999833e-01 1.364565000000000017e-07
8.039690999999999921e-01 1.365519999999999908e-07
8.090270999999999990e-01 1.363029000000000075e-07
8.140125999999999751e-01 1.363483999999999929e-07
8.190680999999999656e-01 1.361849999999999982e-07
8.240539000000000058e-01 1.360263000000000062e-07
8.291134999999999478e-01 1.355627000000000046e-07
8.341378999999999877e-01 1.355177999999999987e-07
8.391564000000000245e-01 1.346223999999999945e-07
8.441842999999999986e-01 1.345434000000000108e-07
8.492393000000000303e-01 1.338560999999999965e-07
8.542229999999999546e-01 1.334258000000000088e-07
8.592779999999999863e-01 1.335477999999999883e-07
8.642693999999999654e-01 1.336562999999999923e-07
8.693330999999999698e-01 1.333999999999999902e-07
8.743170000000000108e-01 1.333325000000000063e-07
8.793735000000000301e-01 1.333272999999999898e-07
8.843674000000000257e-01 1.330170000000000058e-07
8.894222000000000516e-01 1.329477000000000040e-07
8.944433000000000522e-01 1.329253000000000104e-07
8.994621999999999895e-01 1.328709000000000069e-07
9.044872999999999941e-01 1.326122999999999996e-07
9.095362000000000169e-01 1.326998999999999983e-07
9.145297000000000009e-01 1.323779000000000038e-07
9.195866999999999791e-01 1.322227000000000025e-07
9.245706000000000202e-01 1.319288000000000054e-07
9.296311000000000435e-01 1.317150000000000118e-07
9.346166999999999669e-01 1.312617999999999902e-07
9.396754999999999969e-01 1.311666999999999962e-07
9.446609999999999729e-01 1.312308000000000080e-07
9.497160000000000046e-01 1.309279000000000007e-07
9.547058000000000488e-01 1.304629999999999950e-07
9.597582000000000058e-01 1.300871000000000108e-07
9.647831000000000046e-01 1.302056999999999918e-07
9.698052000000000339e-01 1.298518999999999982e-07
9.748324999999999907e-01 1.297605999999999979e-07
9.798879000000000339e-01 1.298125000000000118e-07
9.848719999999999697e-01 1.296344999999999952e-07
9.899263000000000368e-01 1.293046000000000103e-07
9.949160000000000226e-01 1.288636000000000131e-07
9.999753000000000114e-01 1.288597999999999929e-07
