9.999573999999999963e-01 7.195615999999999785e-05
1.002450000000000063e+00 7.576997999999999990e-05
1.004949000000000092e+00 7.982573999999999985e-05
1.007438000000000056e+00 8.411683999999999676e-05
1.009997000000000034e+00 8.879357000000000103e-05
1.012489999999999890e+00 9.362755000000000112e-05
1.014988999999999919e+00 9.878882999999999382e-05
1.017511999999999972e+00 1.042998000000000005e-04
1.020035999999999943e+00 1.103485999999999958e-04
1.022531999999999996e+00 1.164958999999999971e-04
1.025023000000000017e+00 1.230468000000000024e-04
1.027520999999999907e+00 1.300228999999999914e-04
1.030083000000000082e+00 1.376434000000000110e-04
1.032578999999999914e+00 1.455720000000000082e-04
1.035064999999999902e+00 1.539779000000000017e-04
1.037565000000000071e+00 1.629796999999999941e-04
1.040056000000000092e+00 1.725545000000000095e-04
1.042586000000000013e+00 1.829159000000000015e-04
1.045082000000000066e+00 1.938432000000000078e-04
1.047573000000000087e+00 2.054962000000000130e-04
1.050135000000000041e+00 2.182932000000000058e-04
1.052624000000000004e+00 2.315940000000000056e-04
1.055123999999999951e+00 2.458609999999999962e-04
1.057612999999999914e+00 2.610771999999999811e-04
1.060111000000000026e+00 2.773736999999999969e-04
1.062599000000000071e+00 2.947825999999999854e-04
1.065128999999999992e+00 3.137451999999999993e-04
1.067622999999999989e+00 3.337570999999999897e-04
1.070151000000000074e+00 3.555092999999999947e-04
1.072683999999999971e+00 3.788921000000000107e-04
1.075172000000000017e+00 4.035191000000000038e-04
1.077663999999999955e+00 4.299977999999999982e-04
1.080159000000000091e+00 4.584088999999999742e-04
1.082653000000000088e+00 4.889220999999999585e-04
1.085145999999999944e+00 5.216387999999999971e-04
1.087671999999999972e+00 5.572339999999999845e-04
1.090198000000000000e+00 5.955339999999999939e-04
1.092691999999999997e+00 6.361404000000000190e-04
1.095215000000000050e+00 6.802798000000000525e-04
1.097707999999999906e+00 7.271228000000000240e-04
1.100203999999999960e+00 7.775374999999999735e-04
1.102692999999999923e+00 8.315005999999999786e-04
1.105189999999999895e+00 8.896238000000000323e-04
1.107679000000000080e+00 9.519215999999999832e-04
1.110238999999999976e+00 1.020688999999999971e-03
1.112762000000000029e+00 1.093992999999999919e-03
1.115261999999999976e+00 1.171434999999999968e-03
1.117752999999999997e+00 1.254228999999999934e-03
1.120278000000000107e+00 1.344270999999999964e-03
1.122781000000000029e+00 1.439928000000000041e-03
1.125267999999999935e+00 1.541695000000000045e-03
1.127764999999999906e+00 1.650989999999999966e-03
1.130319999999999991e+00 1.770770000000000070e-03
1.132821000000000078e+00 1.895926999999999942e-03
1.135310000000000041e+00 2.029124000000000205e-03
1.137807000000000013e+00 2.171340999999999809e-03
1.140301000000000009e+00 2.322891000000000105e-03
1.142835000000000045e+00 2.486657000000000190e-03
1.145326000000000066e+00 2.658006999999999991e-03
1.147815999999999947e+00 2.839802000000000212e-03
1.150384999999999991e+00 3.038654999999999915e-03
1.152873999999999954e+00 3.243106999999999848e-03
1.155369000000000090e+00 3.459770000000000033e-03
1.157867999999999897e+00 3.689135000000000070e-03
1.160352999999999968e+00 3.929376000000000049e-03
1.162843000000000071e+00 4.183257000000000121e-03
1.165372999999999992e+00 4.454574999999999681e-03
1.167869999999999964e+00 4.735803000000000235e-03
1.170398999999999967e+00 5.035201999999999907e-03
1.172922999999999938e+00 5.347969000000000160e-03
1.175416999999999934e+00 5.671978000000000263e-03
1.177907999999999955e+00 6.009361000000000390e-03
1.180396999999999919e+00 6.361521000000000189e-03
1.182897000000000087e+00 6.730327000000000358e-03
1.185388000000000108e+00 7.112257999999999775e-03
1.187912000000000079e+00 7.514581999999999685e-03
1.190436000000000050e+00 7.932483000000000589e-03
1.192933000000000021e+00 8.361323999999999840e-03
1.195456000000000074e+00 8.809753000000000028e-03
1.197945000000000038e+00 9.267136000000000470e-03
1.200452999999999992e+00 9.743668999999999941e-03
1.202933999999999948e+00 1.023019000000000012e-02
1.205465000000000009e+00 1.076640000000000062e-02
1.207962999999999898e+00 1.128257000000000045e-02
1.210525000000000073e+00 1.183058000000000026e-02
1.213016000000000094e+00 1.237863999999999978e-02
1.215508999999999951e+00 1.294116000000000016e-02
1.218005999999999922e+00 1.352039000000000019e-02
1.220529999999999893e+00 1.411958999999999957e-02
1.223023999999999889e+00 1.472615000000000035e-02
1.225522999999999918e+00 1.534787999999999951e-02
1.228018000000000054e+00 1.598311999999999997e-02
1.230571000000000081e+00 1.664741000000000137e-02
1.233065999999999995e+00 1.730976000000000042e-02
1.235565999999999942e+00 1.798775000000000027e-02
1.238056999999999963e+00 1.867566000000000018e-02
1.240547999999999984e+00 1.937772000000000105e-02
1.243084999999999996e+00 2.010423999999999892e-02
1.245573999999999959e+00 2.083081999999999989e-02
1.248062999999999922e+00 2.156962000000000115e-02
1.250626000000000015e+00 2.234312999999999924e-02
1.253122000000000069e+00 2.310865000000000141e-02
1.255621000000000098e+00 2.388621000000000147e-02
1.258107000000000086e+00 2.467284999999999964e-02
1.260610000000000008e+00 2.547533999999999910e-02
1.263095000000000079e+00 2.628416999999999906e-02
1.265619999999999967e+00 2.711693999999999910e-02
1.268118000000000078e+00 2.795212999999999864e-02
1.270651999999999893e+00 2.880871999999999947e-02
1.273173000000000110e+00 2.967349000000000028e-02
1.275665999999999967e+00 3.053905000000000161e-02
1.278175999999999979e+00 3.142095999999999778e-02
1.280658999999999992e+00 3.230341999999999936e-02
1.283155000000000046e+00 3.320013000000000131e-02
1.285655999999999910e+00 3.410846000000000017e-02
1.288176999999999905e+00 3.503284000000000259e-02
1.290702999999999934e+00 3.596959999999999741e-02
1.293201000000000045e+00 3.690584000000000225e-02
1.295692999999999984e+00 3.784857999999999972e-02
1.298221000000000069e+00 3.881253999999999954e-02
1.300710999999999951e+00 3.977304999999999729e-02
1.303209999999999980e+00 4.074500000000000344e-02
1.305704999999999893e+00 4.172395000000000270e-02
1.308194999999999997e+00 4.270957999999999699e-02
1.310761999999999983e+00 4.373276999999999720e-02
1.313255999999999979e+00 4.473727000000000259e-02
1.315743000000000107e+00 4.574704999999999744e-02
1.318233999999999906e+00 4.676537000000000055e-02
1.320770000000000000e+00 4.780837999999999754e-02
1.323263000000000078e+00 4.884357000000000282e-02
1.325754000000000099e+00 4.988486999999999782e-02
1.328254999999999963e+00 5.093829999999999886e-02
1.330807999999999991e+00 5.201947999999999989e-02
1.333301000000000069e+00 5.308427999999999758e-02
1.335793999999999926e+00 5.415550000000000225e-02
1.338297999999999988e+00 5.523871999999999810e-02
1.340789000000000009e+00 5.632279999999999925e-02
1.343312999999999979e+00 5.742715999999999793e-02
1.345809000000000033e+00 5.852856000000000031e-02
1.348300000000000054e+00 5.963232999999999728e-02
1.350856999999999974e+00 6.077015000000000194e-02
1.353352000000000110e+00 6.189000000000000057e-02
1.355855000000000032e+00 6.301884000000000652e-02
1.358338999999999963e+00 6.414511000000000518e-02
1.360834000000000099e+00 6.528412999999999577e-02
1.363331000000000071e+00 6.642771999999999566e-02
1.365855000000000041e+00 6.758935000000000637e-02
1.368352000000000013e+00 6.874592000000000203e-02
1.370883000000000074e+00 6.992339999999999667e-02
1.373409000000000102e+00 7.110326000000000146e-02
1.375895000000000090e+00 7.227258000000000293e-02
1.378392999999999979e+00 7.345113000000000336e-02
1.380887999999999893e+00 7.463490999999999875e-02
1.383386000000000005e+00 7.582398999999999389e-02
1.385869999999999935e+00 7.701410000000000200e-02
1.388371000000000022e+00 7.821503999999999956e-02
1.390932000000000057e+00 7.944924000000000430e-02
1.393421000000000021e+00 8.065603999999999829e-02
1.395917999999999992e+00 8.186999000000000359e-02
1.398444000000000020e+00 8.310509000000000646e-02
1.400937000000000099e+00 8.432810999999999779e-02
1.403426999999999980e+00 8.555432000000000314e-02
1.405928999999999984e+00 8.679093000000000224e-02
1.408419000000000088e+00 8.802695000000000658e-02
1.410981999999999958e+00 8.930067999999999340e-02
1.413483000000000045e+00 9.055175000000000030e-02
1.415979000000000099e+00 9.180359999999999909e-02
1.418463000000000029e+00 9.305515999999999788e-02
1.420992000000000033e+00 9.433144000000000251e-02
1.423491000000000062e+00 9.559792000000000289e-02
1.425985999999999976e+00 9.686674000000000673e-02
1.428479000000000054e+00 9.813858000000000303e-02
1.431035999999999975e+00 9.944477999999999651e-02
1.433535999999999921e+00 1.007297999999999943e-01
1.436018999999999934e+00 1.020086999999999938e-01
1.438517999999999963e+00 1.033005000000000034e-01
1.441014999999999935e+00 1.045940999999999954e-01
1.443592999999999904e+00 1.060592000000000062e-01
1.446093000000000073e+00 1.073452000000000017e-01
1.448585000000000012e+00 1.086406000000000038e-01
1.451151000000000080e+00 1.099798000000000026e-01
1.453637000000000068e+00 1.112828000000000012e-01
1.456137999999999932e+00 1.126020999999999966e-01
1.458628000000000036e+00 1.139109999999999984e-01
1.461125000000000007e+00 1.152326999999999935e-01
1.463618000000000086e+00 1.165555999999999953e-01
1.466143999999999892e+00 1.178942000000000045e-01
1.468644000000000061e+00 1.192258000000000068e-01
1.471163999999999916e+00 1.205727000000000049e-01
1.473697999999999952e+00 1.219273000000000023e-01
1.476194000000000006e+00 1.232665000000000011e-01
1.478687000000000085e+00 1.246116000000000029e-01
1.481184000000000056e+00 1.259572999999999943e-01
1.483675000000000077e+00 1.273071000000000064e-01
1.486161999999999983e+00 1.286557000000000117e-01
1.488660000000000094e+00 1.300119000000000136e-01
1.491222000000000047e+00 1.314027000000000112e-01
1.493722999999999912e+00 1.327677999999999914e-01
1.496208999999999900e+00 1.341275000000000106e-01
1.498739999999999961e+00 1.355125000000000079e-01
1.501230000000000064e+00 1.368779999999999997e-01
1.503722000000000003e+00 1.382547000000000081e-01
1.506221000000000032e+00 1.396307999999999994e-01
1.508712999999999971e+00 1.410064000000000040e-01
1.511284000000000072e+00 1.424229999999999940e-01
1.513768000000000002e+00 1.438002999999999920e-01
1.516267000000000031e+00 1.451899000000000106e-01
1.518761000000000028e+00 1.465760000000000118e-01
1.521284000000000081e+00 1.479807999999999957e-01
1.523787000000000003e+00 1.493751000000000106e-01
1.526275999999999966e+00 1.507693999999999979e-01
1.528771000000000102e+00 1.521647999999999890e-01
1.531330000000000080e+00 1.536007000000000067e-01
1.533825999999999912e+00 1.549995999999999874e-01
1.536321999999999965e+00 1.564027000000000056e-01
1.538815999999999962e+00 1.578086999999999962e-01
1.541312000000000015e+00 1.592105000000000048e-01
1.543835000000000068e+00 1.606411000000000089e-01
1.546334000000000097e+00 1.620524999999999882e-01
1.548826999999999954e+00 1.634665999999999897e-01
1.551398000000000055e+00 1.649188000000000043e-01
1.553889999999999993e+00 1.663382999999999945e-01
1.556380000000000097e+00 1.677599999999999925e-01
1.558877999999999986e+00 1.691813000000000067e-01
1.561372999999999900e+00 1.706024999999999903e-01
1.563863000000000003e+00 1.720237000000000016e-01
1.566368999999999900e+00 1.734555000000000125e-01
1.568888999999999978e+00 1.748924000000000034e-01
1.571417000000000064e+00 1.763383000000000034e-01
1.573906000000000027e+00 1.777612000000000081e-01
1.576437000000000088e+00 1.792134999999999978e-01
1.578934000000000060e+00 1.806457999999999953e-01
1.581428999999999974e+00 1.820809999999999929e-01
1.583930000000000060e+00 1.835199000000000136e-01
1.586411999999999933e+00 1.849474000000000118e-01
1.588908999999999905e+00 1.863878999999999952e-01
1.591466000000000047e+00 1.878587999999999925e-01
1.593966999999999912e+00 1.893012000000000028e-01
1.596462999999999965e+00 1.907438999999999940e-01
1.598985000000000101e+00 1.921962000000000115e-01
1.601487000000000105e+00 1.936450000000000116e-01
1.603974000000000011e+00 1.950879000000000085e-01
1.606468000000000007e+00 1.965336000000000027e-01
1.608965999999999896e+00 1.979817000000000105e-01
1.611526999999999932e+00 1.994643999999999862e-01
1.614022000000000068e+00 2.009091000000000071e-01
1.616521000000000097e+00 2.023619000000000112e-01
1.619013000000000035e+00 2.038059999999999872e-01
1.621539000000000064e+00 2.052722999999999909e-01
1.624036000000000035e+00 2.067228000000000121e-01
1.626530000000000031e+00 2.081743000000000066e-01
1.629024000000000028e+00 2.096218999999999999e-01
1.631583999999999923e+00 2.111092999999999997e-01
1.634080999999999895e+00 2.125644999999999896e-01
1.636570999999999998e+00 2.140137000000000012e-01
1.639067999999999969e+00 2.154712000000000016e-01
1.641555000000000097e+00 2.169175999999999882e-01
1.644088999999999912e+00 2.183892000000000055e-01
1.646584999999999965e+00 2.198454999999999993e-01
1.649078000000000044e+00 2.212966000000000100e-01
1.651645999999999948e+00 2.227908999999999862e-01
1.654133000000000076e+00 2.242437999999999931e-01
1.656625999999999932e+00 2.256961000000000106e-01
1.659119000000000010e+00 2.271494000000000013e-01
1.661621000000000015e+00 2.286086999999999980e-01
1.664110999999999896e+00 2.300561999999999885e-01
1.666609000000000007e+00 2.315118999999999927e-01
1.669135000000000035e+00 2.329823000000000033e-01
1.671659000000000006e+00 2.344515000000000071e-01
1.674153000000000002e+00 2.359049000000000007e-01
1.676679000000000030e+00 2.373746999999999940e-01
1.679183000000000092e+00 2.388305000000000011e-01
1.681672999999999973e+00 2.402797999999999878e-01
1.684166999999999970e+00 2.417320000000000024e-01
1.686668999999999974e+00 2.431870999999999894e-01
1.689162999999999970e+00 2.446364000000000039e-01
1.691719999999999891e+00 2.461202999999999863e-01
1.694221999999999895e+00 2.475701999999999903e-01
1.696709999999999940e+00 2.490194000000000019e-01
1.699235999999999969e+00 2.504852000000000189e-01
1.701734999999999998e+00 2.519373999999999780e-01
1.704225000000000101e+00 2.533796999999999855e-01
1.706723999999999908e+00 2.548312999999999828e-01
1.709217999999999904e+00 2.562748000000000248e-01
1.711781999999999915e+00 2.577538999999999803e-01
1.714269999999999960e+00 2.591926999999999981e-01
1.716766000000000014e+00 2.606355000000000199e-01
1.719260999999999928e+00 2.620778999999999748e-01
1.721789000000000014e+00 2.635358999999999896e-01
1.724285000000000068e+00 2.649746000000000046e-01
1.726774999999999949e+00 2.664129000000000080e-01
1.729274999999999896e+00 2.678498999999999741e-01
1.731832999999999956e+00 2.693190999999999780e-01
1.734328000000000092e+00 2.707560999999999996e-01
1.736826999999999899e+00 2.721900999999999904e-01
1.739319999999999977e+00 2.736237000000000252e-01
1.741805999999999965e+00 2.750484000000000262e-01
1.744340000000000002e+00 2.765001000000000264e-01
1.746834999999999916e+00 2.779271999999999854e-01
1.749330000000000052e+00 2.793553999999999760e-01
1.751859999999999973e+00 2.807981999999999978e-01
1.754386999999999919e+00 2.822351000000000165e-01
1.756882999999999972e+00 2.836581000000000241e-01
1.759370000000000100e+00 2.850765000000000104e-01
1.761867999999999990e+00 2.864941999999999767e-01
1.764364000000000043e+00 2.879101000000000021e-01
1.766860000000000097e+00 2.893237000000000170e-01
1.769387999999999961e+00 2.907512999999999903e-01
1.771916000000000047e+00 2.921817999999999915e-01
1.774402999999999953e+00 2.935853999999999964e-01
1.776928999999999981e+00 2.950073999999999752e-01
1.779431999999999903e+00 2.964167999999999803e-01
1.781921000000000088e+00 2.978176000000000156e-01
1.784418000000000060e+00 2.992195000000000271e-01
1.785339999999999927e+00 2.998450999999999755e-01
