9.995747000000000659e-02 3.503720999999999789e-05
1.029998000000000025e-01 2.296938999999999998e-05
1.058609999999999968e-01 2.485372000000000029e-05
1.090198000000000000e-01 2.694885999999999934e-05
1.119894000000000028e-01 2.902708000000000060e-05
1.150372999999999951e-01 3.095982999999999662e-05
1.180748999999999965e-01 3.388323999999999714e-05
1.210373000000000004e-01 3.638548999999999847e-05
1.240615000000000051e-01 3.917265000000000178e-05
1.270711999999999953e-01 4.207121999999999934e-05
1.300811000000000051e-01 4.523966999999999778e-05
1.331257000000000135e-01 4.833895000000000243e-05
1.360960999999999976e-01 6.430657000000000322e-05
1.391150999999999915e-01 5.521997000000000114e-05
1.420094000000000078e-01 5.904727999999999821e-05
1.451373999999999997e-01 6.295202000000000447e-05
1.481314999999999993e-01 6.713721000000000565e-05
1.511393000000000042e-01 7.156575999999999563e-05
1.541279000000000121e-01 7.585245999999999645e-05
1.569712000000000052e-01 8.044101999999999915e-05
1.598081000000000085e-01 8.506127999999999682e-05
1.624195999999999973e-01 8.954307999999999853e-05
1.647974000000000105e-01 9.385412999999999514e-05
1.670631999999999950e-01 9.798837999999999711e-05
1.722288999999999903e-01 1.072757000000000002e-04
1.752471999999999919e-01 1.133641000000000011e-04
1.782528999999999919e-01 1.194891999999999943e-04
1.812483000000000011e-01 1.258108999999999985e-04
1.842699999999999894e-01 1.325201999999999988e-04
1.872805999999999915e-01 1.392909000000000118e-04
1.902908000000000099e-01 1.460809999999999995e-04
1.933015999999999901e-01 1.536192000000000080e-04
1.963071000000000121e-01 1.611434999999999929e-04
1.993231000000000031e-01 1.687791000000000118e-04
2.023295999999999983e-01 1.768736999999999935e-04
2.053393000000000024e-01 1.850277999999999905e-04
2.083523999999999932e-01 1.934220000000000058e-04
2.113228000000000051e-01 2.062722000000000069e-04
2.143864000000000047e-01 2.112054999999999890e-04
2.173761999999999917e-01 2.201958999999999969e-04
2.203707000000000027e-01 2.295870000000000094e-04
2.233978000000000075e-01 2.392498000000000010e-04
2.263890000000000069e-01 2.489947999999999966e-04
2.294492999999999949e-01 2.594175000000000213e-04
2.324476000000000042e-01 2.696552999999999862e-04
2.354356999999999978e-01 2.801290000000000008e-04
2.384286999999999934e-01 2.909268000000000010e-04
2.414225000000000121e-01 3.020181000000000146e-04
2.444813000000000125e-01 3.135360999999999812e-04
2.474766999999999939e-01 3.250770000000000048e-04
2.504687999999999914e-01 3.367983999999999973e-04
2.534912000000000276e-01 3.488817999999999976e-04
2.564819999999999878e-01 3.611107999999999918e-04
2.595122000000000262e-01 3.738211999999999980e-04
2.625348000000000126e-01 3.867906999999999964e-04
2.655305000000000026e-01 3.996652999999999968e-04
2.685207000000000011e-01 4.152013000000000188e-04
2.715182999999999902e-01 4.264178999999999886e-04
2.745743999999999962e-01 4.404233000000000019e-04
2.775663999999999909e-01 4.545026999999999878e-04
2.805624999999999925e-01 4.686876999999999883e-04
2.835882000000000125e-01 4.835783000000000182e-04
2.865789999999999726e-01 4.980517999999999534e-04
2.896074000000000148e-01 5.132631999999999819e-04
2.926331999999999822e-01 5.287351999999999720e-04
2.956263000000000085e-01 5.441696999999999680e-04
2.986225000000000129e-01 5.599847999999999718e-04
3.016153999999999780e-01 5.759539000000000152e-04
3.046705000000000108e-01 5.941710000000000004e-04
3.076638999999999902e-01 6.091386999999999757e-04
3.106556999999999791e-01 6.258850999999999954e-04
3.136478999999999795e-01 6.429140999999999979e-04
3.166775000000000007e-01 6.603740999999999561e-04
3.197029000000000121e-01 6.781448999999999724e-04
3.227263000000000215e-01 6.961785999999999756e-04
3.257244999999999724e-01 7.142109999999999691e-04
3.287193999999999949e-01 7.325552000000000365e-04
3.317118000000000011e-01 7.510814000000000422e-04
3.347719000000000111e-01 7.703465000000000486e-04
3.377625000000000210e-01 7.895264999999999835e-04
3.407585000000000197e-01 8.088913999999999783e-04
3.437495999999999885e-01 8.284444000000000400e-04
3.467759000000000258e-01 8.485092999999999976e-04
3.498040000000000038e-01 8.689306999999999847e-04
3.528300999999999799e-01 8.895758999999999611e-04
3.558199000000000223e-01 9.102672000000000454e-04
3.588146999999999864e-01 9.311588000000000200e-04
3.618083999999999745e-01 9.527080999999999527e-04
3.648650999999999978e-01 9.742248000000000444e-04
3.678623999999999783e-01 9.960087000000000714e-04
3.708494999999999986e-01 1.018018000000000091e-03
3.734871000000000163e-01 1.037486999999999914e-03
3.748797999999999853e-01 1.048487000000000073e-03
3.799247000000000041e-01 1.086053000000000018e-03
3.829203999999999941e-01 1.109371999999999962e-03
3.859467999999999788e-01 1.132682999999999997e-03
3.889404000000000194e-01 1.156265000000000071e-03
3.919286000000000159e-01 1.180101000000000023e-03
3.949899000000000049e-01 1.204695999999999892e-03
3.979818999999999996e-01 1.228972999999999958e-03
4.009788000000000241e-01 1.253662000000000006e-03
4.039732999999999796e-01 1.279011999999999944e-03
4.069980999999999738e-01 1.303995000000000067e-03
4.100229000000000235e-01 1.329665999999999964e-03
4.130146000000000095e-01 1.355274999999999969e-03
4.160439000000000220e-01 1.381576000000000028e-03
4.190395000000000092e-01 1.407807000000000069e-03
4.220299000000000134e-01 1.434266999999999920e-03
4.250919000000000225e-01 1.461625000000000034e-03
4.280835000000000057e-01 1.488612999999999959e-03
4.310764999999999736e-01 1.515831000000000036e-03
4.340722000000000191e-01 1.543426999999999993e-03
4.370668999999999804e-01 1.571294999999999897e-03
4.401245999999999770e-01 1.600260999999999958e-03
4.431179000000000090e-01 1.628270000000000021e-03
4.461413000000000184e-01 1.657068000000000039e-03
4.491326999999999958e-01 1.685972999999999899e-03
4.521315000000000195e-01 1.715209999999999999e-03
4.551920999999999884e-01 1.745173000000000037e-03
4.581801999999999819e-01 1.774818999999999963e-03
4.611830000000000096e-01 1.804784999999999940e-03
4.641734000000000138e-01 1.834970999999999911e-03
4.671671000000000018e-01 1.865417000000000073e-03
4.702309000000000072e-01 1.896899000000000068e-03
4.732215000000000171e-01 1.927775999999999969e-03
4.762154000000000109e-01 1.959204999999999888e-03
4.792420000000000013e-01 1.990841000000000138e-03
4.822312999999999739e-01 2.022644999999999998e-03
4.852975999999999956e-01 2.055439000000000051e-03
4.882903000000000104e-01 2.087686999999999963e-03
4.912816999999999878e-01 2.120157000000000118e-03
4.942783000000000038e-01 2.152951000000000170e-03
4.972677999999999821e-01 2.186298000000000148e-03
5.003256999999999843e-01 2.220048000000000073e-03
5.033254999999999812e-01 2.253638000000000082e-03
5.063187000000000104e-01 2.287406999999999982e-03
5.093391000000000446e-01 2.321908000000000132e-03
5.123345000000000260e-01 2.356299000000000067e-03
5.153900000000000148e-01 2.391650999999999846e-03
5.183834000000000497e-01 2.426432000000000068e-03
5.213837000000000055e-01 2.461693999999999948e-03
5.243716000000000488e-01 2.496991999999999962e-03
5.273666000000000187e-01 2.532705000000000112e-03
5.304244999999999655e-01 2.569428999999999810e-03
5.334157999999999955e-01 2.605757000000000212e-03
5.364132000000000344e-01 2.641904000000000041e-03
5.394390999999999492e-01 2.679032999999999935e-03
5.424328000000000483e-01 2.715953000000000117e-03
5.454575000000000395e-01 2.753559999999999949e-03
5.484845999999999888e-01 2.791345000000000198e-03
5.514761999999999720e-01 2.829022000000000047e-03
5.544719000000000175e-01 2.866997999999999942e-03
5.575356000000000201e-01 2.906012999999999825e-03
5.605248000000000452e-01 2.944449999999999932e-03
5.635191000000000505e-01 2.983107000000000033e-03
5.665097999999999523e-01 3.022037999999999894e-03
5.695356000000000307e-01 3.061617999999999892e-03
5.725649999999999906e-01 3.101655999999999944e-03
5.755578999999999557e-01 3.141418999999999895e-03
5.785860000000000447e-01 3.181845999999999893e-03
5.815759000000000345e-01 3.221869999999999942e-03
5.845654999999999601e-01 3.262330999999999825e-03
5.876306999999999503e-01 3.304069000000000190e-03
5.906232999999999622e-01 3.344877999999999914e-03
5.936158999999999741e-01 3.386007999999999813e-03
5.966154999999999653e-01 3.427541000000000095e-03
5.996074999999999600e-01 3.469196999999999819e-03
6.026633999999999602e-01 3.511985999999999927e-03
6.056614999999999638e-01 3.554334000000000139e-03
6.086901000000000117e-01 3.597359000000000060e-03
6.116804000000000130e-01 3.640103999999999909e-03
6.146755999999999887e-01 3.682913999999999806e-03
6.177337999999999996e-01 3.726969000000000115e-03
6.207238000000000477e-01 3.770294999999999896e-03
6.237217000000000455e-01 3.814085999999999952e-03
6.267137000000000402e-01 3.857915999999999863e-03
6.297104000000000035e-01 3.902238000000000148e-03
6.327671999999999741e-01 3.947225999999999860e-03
6.357576000000000338e-01 3.992022999999999926e-03
6.387878999999999641e-01 4.037411000000000298e-03
6.417798000000000114e-01 4.082492000000000065e-03
6.447739999999999583e-01 4.127740000000000402e-03
6.478321999999999692e-01 4.174383000000000260e-03
6.508247999999999811e-01 4.220281999999999679e-03
6.538142999999999594e-01 4.266373000000000387e-03
6.568116999999999983e-01 4.312688000000000285e-03
6.598053999999999863e-01 4.359166999999999730e-03
6.628642999999999619e-01 4.407000000000000327e-03
6.658583999999999614e-01 4.454022000000000189e-03
6.688471999999999751e-01 4.501251000000000384e-03
6.718764999999999876e-01 4.549123999999999876e-03
6.748709999999999987e-01 4.596837999999999792e-03
6.779302999999999857e-01 4.645838999999999698e-03
6.809273999999999605e-01 4.694158999999999832e-03
6.839142999999999750e-01 4.742375000000000063e-03
6.869098000000000148e-01 4.791196000000000170e-03
6.899058999999999608e-01 4.839905999999999722e-03
6.929634000000000071e-01 4.890051999999999767e-03
6.959579999999999655e-01 4.939487000000000218e-03
6.989509999999999890e-01 4.989007000000000164e-03
7.019758999999999860e-01 5.039407000000000088e-03
7.049672999999999634e-01 5.089363999999999867e-03
7.079974999999999463e-01 5.140047000000000019e-03
7.110212000000000199e-01 5.191137999999999655e-03
7.140166999999999486e-01 5.241781000000000044e-03
7.170087000000000543e-01 5.293011999999999717e-03
7.199978999999999685e-01 5.343940999999999622e-03
7.230592000000000130e-01 5.396371999999999974e-03
7.260545999999999944e-01 5.447864999999999652e-03
7.290459000000000245e-01 5.499951000000000319e-03
7.320788999999999769e-01 5.552778999999999875e-03
7.350748999999999755e-01 5.604879000000000111e-03
7.380965999999999916e-01 5.657920999999999784e-03
7.411280999999999564e-01 5.711502000000000245e-03
7.441218000000000554e-01 5.764265999999999661e-03
7.471119000000000510e-01 5.817451999999999866e-03
7.501060999999999979e-01 5.870959999999999721e-03
7.531676999999999955e-01 5.925436000000000071e-03
7.561544000000000043e-01 5.978920999999999888e-03
7.591527999999999610e-01 6.033102000000000256e-03
7.621444000000000552e-01 6.087402999999999911e-03
7.651712000000000513e-01 6.142619999999999678e-03
7.682008000000000170e-01 6.198061000000000369e-03
7.712204000000000281e-01 6.253873000000000071e-03
7.742158999999999569e-01 6.308694999999999581e-03
7.772090000000000387e-01 6.364169000000000249e-03
7.802025999999999684e-01 6.419771999999999805e-03
7.832660000000000178e-01 6.477008000000000244e-03
7.862544000000000199e-01 6.532862000000000391e-03
7.892457999999999974e-01 6.589135000000000304e-03
7.922438000000000535e-01 6.645714999999999956e-03
7.952698999999999740e-01 6.702600999999999871e-03
7.982949000000000295e-01 6.760579000000000068e-03
8.013278000000000345e-01 6.818412000000000257e-03
8.043177999999999717e-01 6.875471999999999660e-03
8.073067000000000437e-01 6.933182000000000407e-03
8.103038999999999659e-01 6.990912000000000168e-03
8.133601000000000303e-01 7.050065000000000325e-03
8.163569000000000520e-01 7.108670000000000093e-03
8.193506000000000400e-01 7.166991999999999634e-03
8.223394000000000537e-01 7.225338000000000420e-03
8.253639999999999866e-01 7.285233999999999807e-03
8.283941000000000221e-01 7.344963000000000360e-03
8.313865000000000283e-01 7.404135000000000057e-03
8.344167000000000112e-01 7.463980000000000267e-03
8.374057999999999780e-01 7.524139000000000001e-03
8.403971999999999554e-01 7.583585999999999799e-03
8.434603999999999990e-01 7.645045999999999960e-03
8.464517000000000291e-01 7.705141999999999894e-03
8.494433000000000122e-01 7.765270999999999806e-03
8.524386000000000463e-01 7.826651999999999915e-03
8.554673999999999889e-01 7.888318000000000066e-03
8.584867999999999943e-01 7.950145000000000475e-03
8.614865999999999913e-01 8.011453999999999451e-03
8.645099000000000533e-01 8.073715999999999879e-03
8.675032000000000298e-01 8.135138000000000091e-03
8.705072999999999839e-01 8.197437999999999600e-03
8.735610999999999793e-01 8.261120999999999742e-03
8.765538999999999970e-01 8.323403999999999525e-03
8.795509000000000244e-01 8.385781000000000138e-03
8.825391000000000208e-01 8.448463999999999280e-03
8.855385999999999536e-01 8.511898000000000380e-03
8.885961999999999472e-01 8.576604999999999299e-03
8.915857999999999839e-01 8.639954999999999510e-03
8.946129999999999916e-01 8.703812999999999481e-03
8.976079000000000141e-01 8.767956999999999834e-03
9.005969999999999809e-01 8.831998000000000626e-03
9.036581000000000197e-01 8.897653000000000159e-03
9.066564000000000290e-01 8.962316999999999159e-03
9.096419000000000032e-01 9.026496000000000172e-03
9.126387999999999723e-01 9.091510000000000563e-03
9.156290000000000262e-01 9.156581999999999916e-03
9.186904999999999655e-01 9.223715999999999859e-03
9.216822999999999544e-01 9.288898999999999767e-03
9.246733999999999787e-01 9.354480999999999560e-03
9.277045999999999903e-01 9.421284999999999729e-03
9.306967000000000434e-01 9.487426000000000192e-03
9.337558999999999720e-01 9.554988000000000370e-03
9.367547000000000512e-01 9.621541000000000815e-03
9.397425999999999835e-01 9.688162000000000162e-03
9.427349999999999897e-01 9.755500999999999756e-03
9.457301999999999653e-01 9.822219999999999562e-03
9.487891999999999992e-01 9.890975999999999241e-03
9.517803999999999709e-01 9.958428000000000072e-03
9.547735000000000527e-01 1.002678000000000076e-02
9.577993000000000201e-01 1.009528999999999982e-02
9.607888999999999458e-01 1.016335999999999976e-02
9.638531999999999655e-01 1.023324999999999929e-02
9.668444000000000482e-01 1.030134000000000084e-02
9.698379999999999779e-01 1.037016999999999974e-02
9.728314999999999602e-01 1.043892000000000084e-02
9.752283999999999953e-01 1.049461999999999964e-02
9.789198999999999540e-01 1.058154000000000039e-02
9.819124999999999659e-01 1.065083999999999996e-02
9.849067999999999712e-01 1.072064000000000003e-02
9.879352999999999607e-01 1.079157000000000033e-02
9.909269000000000549e-01 1.086127999999999920e-02
9.939542999999999573e-01 1.093264000000000041e-02
9.969807000000000530e-01 1.100403999999999965e-02
9.999765000000000459e-01 1.107429000000000052e-02
