1.383871000000000044e-06 -3.470105000000000211e-05
5.013641000000000104e-03 -3.235991000000000236e-05
1.002591000000000072e-02 -3.528662000000000335e-05
1.503838000000000050e-02 -3.353048999999999955e-05
2.005136999999999892e-02 -3.353054999999999697e-05
2.507177999999999837e-02 -3.587180999999999833e-05
3.008218000000000003e-02 -3.587171999999999881e-05
3.509535999999999906e-02 -3.528623999999999709e-05
4.010749000000000258e-02 -3.411553999999999829e-05
4.512006999999999823e-02 -3.177425000000000160e-05
5.013067000000000217e-02 -3.177450999999999946e-05
5.514568000000000247e-02 -3.177446000000000274e-05
6.015619999999999995e-02 -3.060369999999999974e-05
6.516880999999999369e-02 -2.943287999999999932e-05
7.017782000000000187e-02 -2.884769000000000095e-05
7.519214999999999927e-02 -2.533551999999999964e-05
8.020286999999999555e-02 -2.709171000000000086e-05
8.521729999999999583e-02 -2.123834999999999970e-05
9.022771999999999737e-02 -2.065292000000000148e-05
9.524201999999999668e-02 -1.772632999999999872e-05
1.002524999999999944e-01 -1.479959000000000072e-05
1.052658000000000066e-01 -1.128760000000000015e-05
1.102748999999999951e-01 -9.531678999999999784e-06
1.152935999999999961e-01 -5.434209000000000032e-06
1.203012999999999999e-01 -2.507498999999999893e-06
1.253209999999999880e-01 1.589796999999999926e-06
1.303271000000000013e-01 8.613627999999999923e-06
1.353447000000000122e-01 1.563762999999999956e-05
1.403515999999999930e-01 1.914976999999999877e-05
1.453683000000000058e-01 2.617373999999999921e-05
1.503780000000000117e-01 3.378297000000000293e-05
1.553923000000000110e-01 3.846577999999999884e-05
1.604039999999999910e-01 4.666030999999999846e-05
1.654206000000000010e-01 5.953785000000000121e-05
1.704301000000000010e-01 6.422013000000000070e-05
1.754426000000000041e-01 7.768303999999999748e-05
1.804551000000000072e-01 8.938988000000000142e-05
1.854697999999999902e-01 9.992594000000000096e-05
1.904790000000000094e-01 1.110473000000000032e-04
1.954936999999999925e-01 1.227539000000000039e-04
2.005064000000000013e-01 1.368018999999999887e-04
2.055207000000000006e-01 1.485086000000000099e-04
2.105423999999999907e-01 1.648979999999999923e-04
2.155665999999999971e-01 1.789458999999999972e-04
2.205535999999999885e-01 1.953353000000000066e-04
2.255426000000000097e-01 2.105540000000000037e-04
2.306015999999999899e-01 2.246019000000000086e-04
2.355884000000000034e-01 2.468449000000000055e-04
2.406092999999999982e-01 2.620634000000000158e-04
2.455961000000000116e-01 2.807937999999999949e-04
2.506557999999999842e-01 3.042073000000000173e-04
2.556400999999999812e-01 3.223527000000000011e-04
2.606616999999999962e-01 3.428390999999999817e-04
2.656553999999999860e-01 3.627408999999999950e-04
2.707077999999999984e-01 3.896665000000000003e-04
2.756974999999999842e-01 4.113236999999999731e-04
2.806854999999999767e-01 4.318101999999999878e-04
2.857074000000000003e-01 4.558086000000000255e-04
2.907654000000000072e-01 4.850758000000000153e-04
2.957538000000000111e-01 5.079038999999999603e-04
3.007434999999999969e-01 5.371705999999999964e-04
3.057311999999999808e-01 5.640960000000000418e-04
3.107848000000000277e-01 5.933626000000000438e-04
3.158109000000000055e-01 6.208731000000000102e-04
3.207994000000000123e-01 6.513108000000000525e-04
3.257931000000000021e-01 6.794067999999999679e-04
3.308475000000000166e-01 7.098440999999999822e-04
3.358412000000000064e-01 7.402818000000000245e-04
3.408608000000000193e-01 7.748164000000000310e-04
3.458480999999999916e-01 8.052539000000000051e-04
3.509074999999999833e-01 8.403730000000000531e-04
3.558935999999999766e-01 8.737374000000000009e-04
3.609176000000000051e-01 9.094430000000000135e-04
3.659066000000000263e-01 9.433919000000000029e-04
3.709617000000000053e-01 9.820244000000000976e-04
3.759506000000000236e-01 1.019486000000000003e-03
3.809385000000000132e-01 1.056946999999999921e-03
3.859613000000000071e-01 1.097335999999999971e-03
3.909842000000000040e-01 1.133040999999999996e-03
3.960011999999999976e-01 1.172843999999999927e-03
4.009941000000000200e-01 1.212645999999999950e-03
4.059823000000000182e-01 1.255376000000000105e-03
4.110365999999999742e-01 1.296934000000000021e-03
4.160607000000000055e-01 1.339663999999999959e-03
4.210514000000000201e-01 1.384735000000000002e-03
4.260403999999999858e-01 1.426879000000000038e-03
4.310925999999999925e-01 1.472533999999999952e-03
4.360858000000000234e-01 1.519361000000000106e-03
4.411044000000000076e-01 1.565601999999999923e-03
4.460945000000000049e-01 1.610674000000000090e-03
4.511508000000000185e-01 1.660426999999999910e-03
4.561357999999999802e-01 1.710764999999999942e-03
4.611674000000000051e-01 1.759934000000000108e-03
4.661529999999999840e-01 1.810858999999999950e-03
4.712122000000000255e-01 1.860026000000000084e-03
4.762036000000000047e-01 1.910950000000000018e-03
4.811858999999999997e-01 1.959531999999999941e-03
4.862125999999999948e-01 2.014553999999999997e-03
4.912344000000000155e-01 2.070161000000000050e-03
4.962542999999999815e-01 2.122839999999999970e-03
5.012427000000000410e-01 2.177277000000000032e-03
5.062366000000000366e-01 2.233468000000000172e-03
5.112896999999999581e-01 2.290832000000000025e-03
5.163077999999999834e-01 2.348779000000000058e-03
5.213031000000000192e-01 2.404972000000000013e-03
5.262873000000000134e-01 2.461749000000000055e-03
5.313419000000000336e-01 2.522038999999999791e-03
5.363385000000000513e-01 2.581743000000000059e-03
5.413525000000000142e-01 2.640860000000000082e-03
5.463421000000000527e-01 2.704077999999999950e-03
5.513947000000000154e-01 2.767878999999999999e-03
5.563871000000000233e-01 2.828752999999999823e-03
5.614101000000000230e-01 2.892555000000000213e-03
5.663996000000000031e-01 2.954014999999999939e-03
5.714595000000000091e-01 3.024256999999999813e-03
5.764437000000000033e-01 3.085715000000000159e-03
5.814321999999999546e-01 3.151858000000000003e-03
5.864513000000000087e-01 3.218587000000000184e-03
5.914795000000000469e-01 3.287070999999999917e-03
5.965066999999999453e-01 3.352626999999999951e-03
6.014905999999999864e-01 3.422282000000000015e-03
6.064857999999999638e-01 3.492522999999999982e-03
6.115359999999999685e-01 3.560420999999999812e-03
6.165610999999999731e-01 3.634173999999999998e-03
6.215517999999999876e-01 3.702655999999999916e-03
6.265393999999999686e-01 3.776405999999999947e-03
6.315975000000000339e-01 3.848404000000000148e-03
6.365802999999999878e-01 3.920985999999999569e-03
6.416064999999999685e-01 3.994153000000000286e-03
6.465946000000000193e-01 4.067320000000000137e-03
6.516446000000000183e-01 4.143991999999999988e-03
6.566404999999999603e-01 4.218335999999999614e-03
6.616271000000000235e-01 4.295600999999999586e-03
6.666497000000000117e-01 4.372276999999999934e-03
6.717035000000000089e-01 4.452468000000000224e-03
6.766986000000000390e-01 4.529733999999999670e-03
6.816843000000000208e-01 4.605828000000000179e-03
6.867016999999999705e-01 4.687773000000000113e-03
6.917303999999999675e-01 4.765034999999999930e-03
6.967480999999999813e-01 4.847569000000000357e-03
7.017375999999999614e-01 4.927174000000000310e-03
7.067309999999999981e-01 5.011464000000000196e-03
7.117812999999999501e-01 5.093409999999999604e-03
7.168069000000000246e-01 5.175944000000000031e-03
7.217934999999999768e-01 5.260817999999999571e-03
7.267852000000000201e-01 5.342175999999999696e-03
7.318407000000000107e-01 5.427635000000000098e-03
7.368325999999999487e-01 5.512508999999999638e-03
7.418563999999999714e-01 5.600896000000000173e-03
7.468451000000000395e-01 5.688696000000000030e-03
7.518991999999999898e-01 5.775909000000000078e-03
7.568856999999999946e-01 5.865465000000000262e-03
7.618814000000000419e-01 5.950340000000000143e-03
7.669029000000000540e-01 6.040479999999999981e-03
7.719542999999999822e-01 6.131207999999999970e-03
7.769460999999999729e-01 6.221347000000000335e-03
7.819359999999999644e-01 6.310903999999999993e-03
7.869555000000000300e-01 6.400458999999999836e-03
7.919808000000000403e-01 6.493529999999999962e-03
7.969998999999999834e-01 6.584841999999999605e-03
8.019912999999999625e-01 6.679662999999999747e-03
8.069750999999999452e-01 6.773900999999999707e-03
8.120368000000000031e-01 6.871068999999999614e-03
8.170610999999999846e-01 6.965894000000000252e-03
8.220441000000000553e-01 7.060132000000000213e-03
8.270381999999999456e-01 7.156713000000000310e-03
8.320927000000000184e-01 7.250951999999999745e-03
8.370794000000000290e-01 7.348114999999999682e-03
8.420986000000000304e-01 7.448793000000000428e-03
8.470954000000000539e-01 7.545956000000000365e-03
8.521452999999999944e-01 7.646636000000000058e-03
8.571309999999999762e-01 7.743800999999999810e-03
8.621231999999999784e-01 7.846815999999999514e-03
8.671459999999999724e-01 7.945152999999999938e-03
8.722083999999999948e-01 8.049927999999999598e-03
8.772012999999999616e-01 8.148261000000000392e-03
8.821856000000000142e-01 8.252450999999999190e-03
8.872063000000000033e-01 8.356057000000000068e-03
8.922265999999999808e-01 8.458491999999999747e-03
8.972510000000000208e-01 8.563851000000000796e-03
9.022424999999999473e-01 8.667456000000000466e-03
9.072272999999999588e-01 8.770471000000000170e-03
9.122850000000000126e-01 8.877004000000000838e-03
9.173097999999999530e-01 8.984706000000000289e-03
9.222945999999999644e-01 9.089477999999999794e-03
9.272829999999999684e-01 9.200104000000000615e-03
9.323420999999999514e-01 9.306642000000000386e-03
9.373337999999999948e-01 9.412001999999999174e-03
9.423498999999999626e-01 9.522631999999999625e-03
9.473407999999999829e-01 9.632086999999999247e-03
9.523952999999999447e-01 9.743299999999999877e-03
9.573829000000000367e-01 9.853331999999999369e-03
9.623741999999999575e-01 9.966307000000000638e-03
9.673992000000000147e-01 1.007693999999999951e-02
9.724555000000000282e-01 1.019106999999999999e-02
9.774378999999999706e-01 1.030229000000000041e-02
9.824310000000000542e-01 1.041351000000000082e-02
9.874543999999999544e-01 1.052647999999999952e-02
9.924709999999999921e-01 1.064587999999999993e-02
9.974954000000000320e-01 1.075827000000000033e-02
1.002488000000000046e+00 1.087124000000000076e-02
1.007476999999999956e+00 1.098654999999999944e-02
1.012531999999999988e+00 1.110419999999999983e-02
1.017557999999999963e+00 1.122009000000000027e-02
1.022547000000000095e+00 1.133892000000000060e-02
1.027536000000000005e+00 1.145597999999999929e-02
1.032591999999999954e+00 1.157421999999999965e-02
1.037579999999999947e+00 1.169187000000000004e-02
1.042601000000000111e+00 1.181362000000000037e-02
1.047590999999999939e+00 1.193361000000000074e-02
1.052643999999999913e+00 1.205770999999999926e-02
1.057633999999999963e+00 1.217535999999999966e-02
1.062619999999999898e+00 1.229886999999999994e-02
1.067647000000000013e+00 1.242003000000000031e-02
1.072707999999999995e+00 1.254353000000000065e-02
1.077690999999999955e+00 1.266761999999999923e-02
1.082681999999999922e+00 1.278877999999999959e-02
1.087703000000000086e+00 1.291579999999999985e-02
1.092727000000000004e+00 1.303990000000000010e-02
1.097746000000000111e+00 1.316808000000000041e-02
1.102735000000000021e+00 1.329159000000000070e-02
1.107725999999999988e+00 1.342035999999999923e-02
1.112776999999999905e+00 1.354385999999999958e-02
1.117769000000000013e+00 1.367439999999999975e-02
1.122797000000000045e+00 1.379966000000000005e-02
1.127780999999999922e+00 1.392843000000000032e-02
1.132838999999999929e+00 1.406013000000000054e-02
1.137826999999999922e+00 1.419066000000000077e-02
1.142854000000000037e+00 1.431942999999999931e-02
1.147837999999999914e+00 1.444878999999999955e-02
1.152895999999999921e+00 1.457990999999999975e-02
1.157891999999999921e+00 1.471394000000000001e-02
1.162868999999999930e+00 1.484330000000000024e-02
1.167898000000000103e+00 1.497734000000000044e-02
1.172954000000000052e+00 1.511139000000000059e-02
1.177940999999999905e+00 1.524309000000000081e-02
1.182935000000000070e+00 1.538064999999999918e-02
1.187951999999999897e+00 1.551292999999999943e-02
1.192978000000000094e+00 1.564814000000000135e-02
1.197993000000000086e+00 1.578569000000000153e-02
1.202984999999999971e+00 1.592032000000000169e-02
1.207977000000000078e+00 1.605378000000000013e-02
1.213032000000000110e+00 1.619599999999999859e-02
1.218021000000000020e+00 1.633120999999999878e-02
1.223039999999999905e+00 1.647229000000000054e-02
1.228034000000000070e+00 1.661276999999999893e-02
1.233082999999999929e+00 1.674973000000000087e-02
1.238073999999999897e+00 1.689020999999999925e-02
1.243103000000000069e+00 1.702893999999999936e-02
1.248081999999999914e+00 1.716882999999999951e-02
1.253141999999999978e+00 1.731223000000000137e-02
1.258127999999999913e+00 1.745446999999999971e-02
1.263115999999999906e+00 1.759553999999999979e-02
1.268140999999999963e+00 1.774070000000000161e-02
1.273195999999999994e+00 1.788527999999999993e-02
1.278200000000000003e+00 1.802986000000000172e-02
1.283179000000000070e+00 1.817208999999999838e-02
1.288200999999999929e+00 1.831667000000000017e-02
1.293226999999999904e+00 1.846124999999999849e-02
1.298246000000000011e+00 1.860815999999999859e-02
1.303236999999999979e+00 1.875508999999999857e-02
1.308221999999999996e+00 1.890259000000000036e-02
1.313285000000000036e+00 1.905244000000000035e-02
1.318264000000000102e+00 1.919759999999999869e-02
1.323293000000000053e+00 1.934744000000000047e-02
1.328286000000000078e+00 1.949963000000000043e-02
1.333331999999999962e+00 1.964888999999999872e-02
1.338332000000000077e+00 1.979873999999999870e-02
1.343345999999999929e+00 1.995150000000000048e-02
1.348335000000000061e+00 2.010135000000000047e-02
1.353388000000000035e+00 2.025470999999999869e-02
1.358376000000000028e+00 2.040573000000000040e-02
1.363367999999999913e+00 2.055850000000000039e-02
1.368389999999999995e+00 2.071069000000000035e-02
1.373448999999999920e+00 2.086756000000000028e-02
1.378435000000000077e+00 2.102207999999999855e-02
1.383428000000000102e+00 2.117484999999999853e-02
1.388412999999999897e+00 2.132703999999999850e-02
1.393464000000000036e+00 2.149034000000000014e-02
1.398489000000000093e+00 2.164487999999999829e-02
1.403472999999999971e+00 2.180056999999999828e-02
1.408465999999999996e+00 2.195510000000000170e-02
1.413532000000000011e+00 2.211489000000000163e-02
1.418512999999999913e+00 2.227410000000000154e-02
1.423540999999999945e+00 2.243623999999999966e-02
1.428530000000000078e+00 2.259134999999999963e-02
1.433588000000000084e+00 2.275525000000000117e-02
1.438571000000000044e+00 2.291328999999999935e-02
1.443591000000000069e+00 2.307717999999999922e-02
1.448582999999999954e+00 2.323698000000000083e-02
1.453635999999999928e+00 2.340027999999999900e-02
1.458625999999999978e+00 2.356124000000000066e-02
1.463616000000000028e+00 2.372515000000000041e-02
1.468644000000000061e+00 2.389080000000000023e-02
1.473697000000000035e+00 2.405937999999999827e-02
1.478685000000000027e+00 2.422267999999999991e-02
1.483673999999999937e+00 2.438716000000000148e-02
1.488660000000000094e+00 2.455339000000000133e-02
1.493721999999999994e+00 2.472080000000000111e-02
1.498739999999999961e+00 2.488819999999999921e-02
1.503722000000000003e+00 2.505854000000000067e-02
1.508712999999999971e+00 2.522651000000000060e-02
1.513767000000000085e+00 2.539860999999999855e-02
1.518760000000000110e+00 2.556483999999999840e-02
1.523787000000000003e+00 2.573575999999999989e-02
1.528769999999999962e+00 2.591136000000000134e-02
1.533825999999999912e+00 2.608169000000000112e-02
1.538813999999999904e+00 2.624850000000000100e-02
1.543833999999999929e+00 2.642235999999999890e-02
1.548826999999999954e+00 2.659620000000000040e-02
1.553889999999999993e+00 2.677237999999999840e-02
1.558877000000000068e+00 2.694563999999999987e-02
1.563862000000000085e+00 2.712242000000000125e-02
1.568889999999999896e+00 2.729861000000000093e-02
1.573903999999999970e+00 2.747186000000000072e-02
1.578934000000000060e+00 2.764803999999999873e-02
1.583930000000000060e+00 2.782362999999999850e-02
1.588908999999999905e+00 2.800216000000000163e-02
1.593966999999999912e+00 2.817775999999999961e-02
1.598983999999999961e+00 2.835746000000000100e-02
1.603974000000000011e+00 2.853657999999999889e-02
1.608965999999999896e+00 2.871684999999999863e-02
1.614022000000000068e+00 2.889656000000000169e-02
1.619011999999999896e+00 2.907741999999999966e-02
1.624034999999999895e+00 2.925888000000000100e-02
1.629023000000000110e+00 2.944149999999999892e-02
1.634079999999999977e+00 2.962470999999999854e-02
1.639067999999999969e+00 2.981144999999999975e-02
1.644087999999999994e+00 2.999463000000000129e-02
1.649075999999999986e+00 3.017902000000000085e-02
1.654131999999999936e+00 3.036867000000000039e-02
1.659119000000000010e+00 3.055655999999999997e-02
1.664109000000000060e+00 3.073916000000000148e-02
1.669133999999999896e+00 3.092589999999999922e-02
1.674153999999999920e+00 3.111556000000000044e-02
1.679184000000000010e+00 3.130403999999999826e-02
1.684166000000000052e+00 3.149132999999999794e-02
1.689162999999999970e+00 3.168097999999999748e-02
1.694220999999999977e+00 3.187239000000000044e-02
1.699235000000000051e+00 3.206438000000000343e-02
1.704226000000000019e+00 3.225577999999999779e-02
1.709216999999999986e+00 3.244659999999999905e-02
1.714269999999999960e+00 3.263917999999999681e-02
1.719260999999999928e+00 3.283467000000000330e-02
1.724285999999999985e+00 3.302490999999999760e-02
1.729273999999999978e+00 3.322333000000000230e-02
1.734326999999999952e+00 3.341940999999999662e-02
1.739319999999999977e+00 3.361843999999999943e-02
1.744339000000000084e+00 3.381217999999999724e-02
1.749327999999999994e+00 3.400766000000000205e-02
1.754388000000000059e+00 3.420727999999999963e-02
1.759368999999999961e+00 3.440217999999999748e-02
1.764364000000000043e+00 3.460412999999999684e-02
1.769387999999999961e+00 3.480021999999999976e-02
1.774402999999999953e+00 3.499805999999999750e-02
1.779431999999999903e+00 3.520000000000000212e-02
1.784418000000000060e+00 3.539960999999999802e-02
1.789406000000000052e+00 3.559977999999999754e-02
1.794461000000000084e+00 3.580933000000000033e-02
1.799482000000000026e+00 3.601536000000000320e-02
1.804473999999999911e+00 3.621905000000000263e-02
1.809455999999999953e+00 3.641923999999999856e-02
1.814516999999999936e+00 3.662351999999999969e-02
1.819504000000000010e+00 3.682780000000000081e-02
1.824535000000000018e+00 3.703853000000000006e-02
1.829528000000000043e+00 3.724046000000000300e-02
1.834586000000000050e+00 3.745820999999999873e-02
1.839569999999999927e+00 3.766424000000000161e-02
1.844554999999999945e+00 3.787087000000000092e-02
1.849579000000000084e+00 3.808276000000000022e-02
1.854632000000000058e+00 3.830284999999999940e-02
1.859620999999999968e+00 3.851530000000000231e-02
1.864619000000000026e+00 3.872720999999999802e-02
1.869634000000000018e+00 3.894496000000000069e-02
1.874656000000000100e+00 3.915801000000000004e-02
1.879679000000000100e+00 3.937457999999999930e-02
1.884670000000000067e+00 3.959175000000000194e-02
1.889669999999999961e+00 3.980655999999999778e-02
1.894716000000000067e+00 4.002021000000000051e-02
1.899739000000000066e+00 4.024028999999999801e-02
1.904722000000000026e+00 4.046096999999999888e-02
1.909707999999999961e+00 4.067401999999999823e-02
1.914763999999999911e+00 4.090172000000000252e-02
1.919758000000000076e+00 4.111184999999999840e-02
1.924787999999999943e+00 4.134539000000000269e-02
1.929764999999999953e+00 4.156138000000000193e-02
1.934828999999999910e+00 4.178087999999999941e-02
1.939813999999999927e+00 4.200331000000000203e-02
1.944800000000000084e+00 4.223216999999999943e-02
1.949831000000000092e+00 4.245459000000000038e-02
1.954877999999999894e+00 4.268755999999999939e-02
1.959877000000000091e+00 4.291525000000000201e-02
1.964860000000000051e+00 4.313357999999999776e-02
1.969888000000000083e+00 4.336360999999999688e-02
1.974909000000000026e+00 4.359131000000000117e-02
1.979927999999999910e+00 4.382544000000000023e-02
1.984928999999999943e+00 4.405723999999999752e-02
1.989908000000000010e+00 4.428784999999999666e-02
1.994965000000000099e+00 4.452256999999999743e-02
1.999983000000000066e+00 4.475670999999999816e-02
