-2.695696000000000016e-05 -8.664918000000000497e-09
-2.799251000000000077e-05 -6.262260999999999743e-09
-2.580636000000000139e-05 -6.382993000000000232e-09
-2.856780999999999847e-05 -7.793541999999999762e-09
-3.121419000000000277e-05 -7.431410999999999992e-09
-2.603647999999999911e-05 -6.400239999999999810e-09
-2.799251000000000077e-05 -6.453977000000000366e-09
-2.764732000000000010e-05 -3.210704000000000124e-09
-2.799250000000000008e-05 -3.218878000000000142e-09
-2.730215000000000083e-05 -3.630883999999999804e-09
-2.246960999999999983e-05 -3.063265999999999873e-09
-2.845274999999999961e-05 -4.390732000000000012e-09
-3.086900999999999941e-05 -5.216351000000000405e-09
-2.833769000000000075e-05 -3.009786000000000178e-09
-2.776237999999999896e-05 -2.988999000000000009e-09
-2.753225000000000054e-05 -3.011843999999999841e-09
-2.856780999999999847e-05 -2.992924999999999981e-09
3.885584999999999831e-05 -1.542281999999999989e-09
3.655472999999999958e-05 -1.154773000000000020e-08
3.851066000000000103e-05 -1.150178000000000037e-08
3.897091999999999787e-05 -1.469109999999999903e-09
3.874080000000000015e-05 -1.299017000000000003e-09
3.206756000000000168e-05 -2.536641999999999852e-09
3.828055999999999793e-05 -1.389244000000000088e-09
3.828056999999999863e-05 -1.490281999999999962e-09
3.851068000000000243e-05 -1.379203999999999987e-09
3.862574000000000129e-05 -1.500708000000000067e-09
3.828057999999999933e-05 -1.591835999999999920e-09
3.851068000000000243e-05 -1.539193000000000063e-09
3.851068000000000243e-05 -1.670157000000000026e-09
3.931607999999999983e-05 -1.632315999999999970e-09
3.793538000000000135e-05 -1.629033000000000034e-09
3.851068000000000243e-05 -1.439247999999999950e-09
3.885582000000000299e-05 -1.428177999999999904e-09
3.931605999999999843e-05 -1.247854000000000021e-09
3.931607999999999983e-05 -1.390016000000000094e-09
3.851068000000000243e-05 -1.371546000000000053e-09
3.897090999999999717e-05 -1.761541999999999913e-09
7.210694000000000185e-05 -9.075409000000000295e-10
7.164670999999999356e-05 -7.220676000000000305e-10
7.187681000000000343e-05 -5.756583000000000324e-10
7.141665000000000003e-05 -6.060988999999999655e-10
7.141665000000000003e-05 -7.917654000000000295e-10
7.141662999999999863e-05 -7.496764999999999599e-10
7.222200000000000071e-05 -7.110630000000000498e-10
7.164674999999999635e-05 -8.200174999999999551e-10
7.107147000000000345e-05 -8.288340999999999844e-10
1.372284999999999889e-04 4.367787999999999951e-10
1.376887000000000087e-04 6.018486000000000138e-10
1.383791000000000047e-04 6.452240000000000044e-10
1.375736999999999869e-04 5.068612000000000157e-10
1.375736000000000070e-04 4.890347999999999954e-10
1.378038000000000104e-04 6.828071000000000502e-10
1.723205000000000114e-04 1.249193999999999936e-09
1.719753999999999933e-04 1.153240999999999947e-09
1.726656000000000024e-04 1.145003000000000001e-09
1.710547999999999940e-04 1.156199999999999999e-09
1.720903999999999880e-04 1.241664000000000067e-09
2.388226999999999928e-04 2.738492999999999841e-09
2.383625000000000002e-04 2.603154000000000087e-09
2.380173000000000022e-04 2.915661000000000154e-09
2.713832999999999805e-04 3.675238000000000001e-09
2.714983999999999822e-04 4.261574999999999731e-09
2.714983999999999822e-04 3.725050000000000077e-09
2.714985000000000163e-04 3.548910999999999802e-09
3.382308000000000211e-04 4.883694000000000155e-09
3.382306999999999870e-04 5.102242999999999666e-09
3.715969000000000065e-04 5.974830000000000139e-09
3.715969999999999863e-04 5.486698999999999770e-09
4.387894999999999838e-04 7.311478999999999749e-09
4.383292999999999912e-04 6.751978999999999768e-09
4.380990999999999878e-04 7.346808000000000382e-09
4.715804000000000090e-04 8.232074999999999617e-09
5.385426000000000232e-04 9.330027000000000170e-09
5.385429000000000171e-04 9.293349999999999966e-09
5.729443999999999553e-04 1.030750999999999970e-08
5.714487000000000299e-04 1.002435000000000003e-08
6.387564000000000089e-04 1.150561000000000035e-08
6.713172000000000106e-04 1.209896000000000017e-08
7.381643999999999489e-04 1.362481000000000023e-08
7.380489999999999533e-04 1.377572000000000048e-08
7.717607000000000460e-04 1.444706999999999941e-08
8.390679999999999970e-04 1.608618000000000038e-08
8.716292000000000267e-04 1.652206999999999979e-08
9.367505000000000363e-04 1.751492999999999920e-08
9.704616000000000327e-04 1.884732999999999927e-08
1.036964000000000028e-03 2.002340999999999838e-08
1.137753000000000028e-03 2.228863999999999966e-08
1.169967999999999963e-03 2.258300000000000111e-08
1.236239999999999995e-03 2.454007999999999908e-08
1.336338999999999973e-03 2.655208000000000081e-08
1.369821000000000016e-03 2.719241000000000123e-08
1.469917999999999962e-03 2.896042000000000079e-08
1.536765999999999957e-03 3.069111999999999855e-08
1.634332999999999966e-03 3.158023999999999930e-08
1.739953999999999936e-03 3.058698999999999800e-08
1.830734000000000094e-03 3.266521000000000243e-08
1.933823000000000096e-03 -6.920746999999999986e-09
2.034267000000000193e-03 3.635169999999999721e-08
2.164394999999999947e-03 4.002855000000000277e-08
2.267253999999999797e-03 4.085543999999999887e-08
2.433279999999999905e-03 4.538800000000000250e-08
2.549025999999999809e-03 -1.742894000000000082e-08
2.665920999999999916e-03 4.743872000000000221e-08
2.832868000000000105e-03 5.720598000000000308e-08
2.965872999999999947e-03 5.982264999999999338e-08
3.165148000000000007e-03 6.415281000000000441e-08
3.330828999999999995e-03 6.684967000000000041e-08
3.531025000000000136e-03 7.070213999999999838e-08
3.730531000000000038e-03 7.453238999999999392e-08
3.930382999999999967e-03 7.850538999999999912e-08
4.158306999999999976e-03 8.286921000000000649e-08
4.358388999999999840e-03 8.663337999999999433e-08
4.625779000000000002e-03 9.168227999999999662e-08
4.891557000000000370e-03 9.674588999999999626e-08
5.190242999999999766e-03 1.023001000000000016e-07
5.489846999999999956e-03 1.078811000000000038e-07
5.789449000000000331e-03 1.131180999999999996e-07
6.089515000000000206e-03 1.182515000000000051e-07
6.420414999999999629e-03 1.241947000000000050e-07
6.786750999999999721e-03 1.305846000000000059e-07
7.185877999999999710e-03 1.375240999999999999e-07
7.583969000000000300e-03 1.441949000000000096e-07
7.983214000000000629e-03 1.509795000000000054e-07
8.417203999999999312e-03 1.581813000000000084e-07
8.916547000000000361e-03 1.661819999999999988e-07
9.416460999999999235e-03 1.741234999999999908e-07
9.914769000000000360e-03 1.819004000000000027e-07
1.051260000000000042e-02 1.912607000000000048e-07
1.107809000000000051e-02 1.994124000000000076e-07
1.170998000000000004e-02 2.097447000000000001e-07
1.237615000000000069e-02 2.197823999999999974e-07
1.307051000000000046e-02 2.285891999999999939e-07
1.376900999999999993e-02 2.378581000000000036e-07
1.456771999999999928e-02 2.484569000000000204e-07
1.536436000000000052e-02 2.596331000000000248e-07
1.622923999999999894e-02 2.706175000000000077e-07
1.716128999999999918e-02 2.824172000000000177e-07
1.812673000000000062e-02 2.945225999999999747e-07
1.912240999999999941e-02 3.058741000000000218e-07
2.018781999999999868e-02 3.172238999999999902e-07
2.131651000000000032e-02 3.297872999999999901e-07
2.251447000000000170e-02 3.419698000000000000e-07
2.377686000000000036e-02 3.544080000000000062e-07
2.510793000000000053e-02 3.672270000000000100e-07
2.650689000000000170e-02 3.802375999999999981e-07
2.797062999999999980e-02 3.929141999999999781e-07
2.956806000000000018e-02 4.059748000000000229e-07
3.122853999999999908e-02 4.189424999999999810e-07
3.295677000000000328e-02 4.318234000000000100e-07
3.481974999999999654e-02 4.449097000000000019e-07
3.671436000000000144e-02 4.573677999999999856e-07
3.880778000000000005e-02 4.704584000000000115e-07
4.096840999999999677e-02 4.828333999999999883e-07
4.326722000000000207e-02 4.933998999999999658e-07
4.566060000000000257e-02 5.070233000000000029e-07
4.821894999999999654e-02 5.169069999999999580e-07
5.091586000000000028e-02 5.285013999999999973e-07
5.378062000000000120e-02 5.411268000000000145e-07
5.677204999999999752e-02 5.512998999999999747e-07
5.996929000000000148e-02 5.622735999999999481e-07
6.332846999999999782e-02 5.708813000000000444e-07
6.688550999999999525e-02 5.799335000000000228e-07
7.057670000000000610e-02 5.900537999999999867e-07
7.453126999999999669e-02 5.978955000000000085e-07
7.872524999999999662e-02 6.066683000000000459e-07
8.311322999999999628e-02 6.144942999999999731e-07
8.770456999999999559e-02 6.216930000000000335e-07
9.265908999999999951e-02 6.284808999999999563e-07
9.781541000000000541e-02 6.347432000000000454e-07
1.032703999999999983e-01 6.405222000000000073e-07
1.090548999999999963e-01 6.460453999999999810e-07
1.151749999999999996e-01 6.507577999999999987e-07
1.216336999999999974e-01 6.558248000000000004e-07
1.283885999999999916e-01 6.605921000000000089e-07
1.355714000000000086e-01 6.646882000000000399e-07
1.431526999999999938e-01 6.694620999999999553e-07
1.511682000000000026e-01 6.735646999999999539e-07
1.595826999999999940e-01 6.768843999999999833e-07
1.685316000000000036e-01 6.798556000000000278e-07
1.779093999999999953e-01 6.843314999999999760e-07
1.878618999999999983e-01 6.872217000000000080e-07
1.983743000000000034e-01 6.912788999999999605e-07
2.094798999999999967e-01 6.954138000000000248e-07
2.211916999999999911e-01 6.997462000000000352e-07
2.335317000000000087e-01 7.037331000000000377e-07
2.465653999999999901e-01 7.060984000000000225e-07
2.603648000000000073e-01 7.105052999999999717e-07
2.749009000000000036e-01 7.148160999999999788e-07
2.902684999999999849e-01 7.187390000000000146e-07
3.064661000000000191e-01 7.239513000000000248e-07
3.236338999999999744e-01 7.283004000000000515e-07
3.417260999999999771e-01 7.332312999999999596e-07
3.607837999999999878e-01 7.366048000000000130e-07
3.809698000000000251e-01 7.426226000000000234e-07
4.022244999999999848e-01 7.478189000000000154e-07
4.247054000000000107e-01 7.531798000000000406e-07
4.484528999999999876e-01 7.583672000000000411e-07
4.735057999999999767e-01 7.640759999999999923e-07
4.999799999999999800e-01 7.701959000000000046e-07
