3.000140000000000029e-01 -3.880293999999999681e-05
3.010093999999999825e-01 -4.172971000000000200e-05
3.020087000000000188e-01 -4.114428999999999770e-05
3.030034999999999812e-01 -3.938828000000000229e-05
3.040017999999999887e-01 -4.114437999999999722e-05
3.049989000000000172e-01 -4.114428999999999770e-05
3.059973999999999750e-01 -4.114417000000000286e-05
3.069947000000000092e-01 -4.055887000000000018e-05
3.079933000000000254e-01 -3.938825000000000019e-05
3.089889000000000108e-01 -3.821768999999999763e-05
3.099870000000000125e-01 -3.997358999999999890e-05
3.109823999999999922e-01 -4.114435000000000190e-05
3.119814000000000198e-01 -3.938837000000000181e-05
3.129775000000000196e-01 -4.055907000000000061e-05
3.140102000000000171e-01 -4.231496000000000118e-05
3.150434999999999763e-01 -4.290053000000000242e-05
3.160427000000000097e-01 -3.997373000000000191e-05
3.170420999999999934e-01 -4.055901000000000319e-05
3.180379999999999874e-01 -3.938825000000000019e-05
3.190365000000000006e-01 -3.997349999999999938e-05
3.200308000000000042e-01 -4.055891999999999690e-05
3.210299999999999820e-01 -3.880293999999999681e-05
3.220596000000000014e-01 -3.938819000000000277e-05
3.230598000000000081e-01 -3.880293999999999681e-05
3.240637000000000101e-01 -4.055887000000000018e-05
3.250618000000000118e-01 -4.055891999999999690e-05
3.260580000000000145e-01 -3.997355999999999680e-05
3.270561000000000162e-01 -3.880293999999999681e-05
3.280523000000000189e-01 -3.880289000000000009e-05
3.290506999999999738e-01 -4.172953999999999688e-05
3.300469999999999793e-01 -4.055898000000000109e-05
3.310459000000000040e-01 -3.997355999999999680e-05
3.320473999999999926e-01 -3.763230000000000221e-05
3.330462000000000145e-01 -3.880296999999999891e-05
3.340449999999999808e-01 -4.055889000000000158e-05
3.350410999999999806e-01 -4.114414000000000076e-05
3.360390999999999795e-01 -3.821760999999999881e-05
3.370353999999999850e-01 -3.997355999999999680e-05
3.380659999999999776e-01 -4.172960000000000108e-05
3.390621999999999803e-01 -4.114414000000000076e-05
3.400620999999999783e-01 -4.055901000000000319e-05
3.410598000000000241e-01 -3.997378999999999933e-05
3.420573000000000086e-01 -3.997355999999999680e-05
3.430530999999999997e-01 -4.055907000000000061e-05
3.440517000000000158e-01 -3.997355999999999680e-05
3.451142999999999850e-01 -4.055887000000000018e-05
3.461118999999999724e-01 -3.821780999999999925e-05
3.471082999999999807e-01 -3.938828000000000229e-05
3.481073000000000084e-01 -3.997358999999999890e-05
3.491094000000000142e-01 -4.055889000000000158e-05
3.501075000000000159e-01 -3.938821999999999809e-05
3.511070000000000024e-01 -3.938828000000000229e-05
3.521026999999999907e-01 -3.821768999999999763e-05
3.531009999999999982e-01 -4.055901000000000319e-05
3.540955000000000075e-01 -4.055887000000000018e-05
3.550942000000000265e-01 -4.055889000000000158e-05
3.560909999999999909e-01 -4.172947999999999946e-05
3.570897000000000099e-01 -3.938854000000000015e-05
3.580890999999999935e-01 -4.055907000000000061e-05
3.590871999999999953e-01 -3.821760999999999881e-05
3.600832999999999950e-01 -3.938837000000000181e-05
3.611158999999999897e-01 -3.997358999999999890e-05
3.621102999999999961e-01 -3.997373000000000191e-05
3.631098999999999855e-01 -3.880293999999999681e-05
3.641060999999999881e-01 -3.938837000000000181e-05
3.651052000000000186e-01 -3.997358999999999890e-05
3.661074000000000273e-01 -3.763248000000000125e-05
3.671056999999999793e-01 -3.821771999999999973e-05
3.681040999999999896e-01 -3.821760999999999881e-05
3.691004999999999980e-01 -3.997349999999999938e-05
3.700987000000000027e-01 -3.763214999999999849e-05
3.710938999999999766e-01 -4.172963000000000318e-05
3.720918999999999754e-01 -3.938833999999999971e-05
3.730882999999999838e-01 -3.938833999999999971e-05
3.740874000000000144e-01 -4.055907000000000061e-05
3.751507000000000036e-01 -3.938825000000000019e-05
3.761508000000000074e-01 -4.055894999999999900e-05
3.771454000000000195e-01 -3.997365000000000309e-05
3.781438999999999773e-01 -4.055891999999999690e-05
3.791390000000000038e-01 -3.997362000000000099e-05
3.801384999999999903e-01 -3.880291000000000149e-05
3.811333000000000082e-01 -4.114435000000000190e-05
3.821335000000000148e-01 -4.114435000000000190e-05
3.831351000000000062e-01 -3.997358999999999890e-05
3.841655999999999960e-01 -3.997355999999999680e-05
3.851645000000000207e-01 -4.055907000000000061e-05
3.861609999999999765e-01 -3.938812999999999857e-05
3.871591999999999811e-01 -3.938828000000000229e-05
3.881535999999999875e-01 -4.172967999999999990e-05
3.891532999999999798e-01 -3.997369999999999981e-05
3.901484000000000063e-01 -3.997358999999999890e-05
3.911478999999999928e-01 -3.938833999999999971e-05
3.921455999999999831e-01 -4.055891999999999690e-05
3.931421999999999972e-01 -3.938828000000000229e-05
3.941387000000000085e-01 -3.821757999999999671e-05
3.951370000000000160e-01 -4.055883999999999808e-05
3.961326000000000014e-01 -3.997355999999999680e-05
3.971296000000000270e-01 -4.290053000000000242e-05
3.981280999999999848e-01 -3.938833999999999971e-05
3.991601000000000177e-01 -4.114435000000000190e-05
4.001624999999999766e-01 -3.880321000000000215e-05
4.011608999999999869e-01 -3.997382000000000143e-05
4.021591999999999945e-01 -3.997362000000000099e-05
4.031560000000000143e-01 -3.646177000000000174e-05
4.041541000000000161e-01 -3.821760999999999881e-05
4.051817999999999809e-01 -3.938837000000000181e-05
4.061802999999999941e-01 -3.880321000000000215e-05
4.072102000000000221e-01 -4.114443000000000072e-05
4.082112999999999992e-01 -3.938837000000000181e-05
4.092077000000000075e-01 -3.763230000000000221e-05
4.102067999999999826e-01 -3.997378999999999933e-05
4.112014999999999976e-01 -4.055907000000000061e-05
4.122006999999999755e-01 -3.821768999999999763e-05
4.131958000000000020e-01 -3.938833999999999971e-05
4.141944000000000181e-01 -3.880303000000000311e-05
4.151909999999999767e-01 -4.055910000000000271e-05
4.161894999999999900e-01 -4.055927000000000105e-05
4.171911999999999843e-01 -3.938833999999999971e-05
4.181907000000000263e-01 -4.055898000000000109e-05
4.191886000000000223e-01 -3.704702000000000093e-05
4.201849999999999752e-01 -3.646169000000000292e-05
4.211832999999999827e-01 -3.880300000000000101e-05
4.222110000000000030e-01 -3.997358999999999890e-05
4.232088999999999990e-01 -4.114437999999999722e-05
4.242054000000000102e-01 -3.997375999999999723e-05
4.252047999999999939e-01 -3.938854000000000015e-05
4.262040999999999746e-01 -4.114440999999999932e-05
4.272016000000000147e-01 -3.938839999999999713e-05
4.281979000000000202e-01 -3.821768999999999763e-05
4.291962000000000277e-01 -3.938842999999999923e-05
4.301918000000000131e-01 -3.997369999999999981e-05
4.311900000000000177e-01 -3.938833999999999971e-05
4.321876000000000051e-01 -4.055894999999999900e-05
4.331848999999999839e-01 -3.938839999999999713e-05
4.341880000000000184e-01 -3.880300000000000101e-05
4.352522999999999809e-01 -3.821768999999999763e-05
4.362522999999999818e-01 -3.997355999999999680e-05
4.372477000000000169e-01 -3.646159999999999663e-05
4.382462999999999775e-01 -3.763223999999999801e-05
4.392401000000000222e-01 -3.704694000000000211e-05
4.402396000000000087e-01 -3.821771999999999973e-05
4.412348999999999855e-01 -4.114446000000000281e-05
4.422352999999999978e-01 -3.646162999999999873e-05
4.432329999999999881e-01 -4.114437999999999722e-05
4.442315000000000014e-01 -3.763232999999999753e-05
4.452262000000000164e-01 -3.646162999999999873e-05
4.462594999999999756e-01 -3.704711000000000045e-05
4.472538999999999820e-01 -3.997373000000000191e-05
4.482536999999999772e-01 -3.763230000000000221e-05
4.492489000000000066e-01 -3.704702000000000093e-05
4.502484999999999959e-01 -3.587637999999999954e-05
4.512496999999999758e-01 -3.763239000000000173e-05
4.522488000000000063e-01 -3.997382000000000143e-05
4.532460999999999851e-01 -3.763261999999999749e-05
4.542421999999999849e-01 -3.938839999999999713e-05
4.552403999999999895e-01 -3.880305999999999843e-05
4.562369000000000008e-01 -3.704698999999999883e-05
4.572339999999999738e-01 -3.821768999999999763e-05
4.582319999999999727e-01 -3.821768999999999763e-05
4.592304999999999859e-01 -3.821768999999999763e-05
4.602359999999999784e-01 -3.938842999999999923e-05
4.612642000000000131e-01 -3.821796000000000297e-05
4.622615999999999947e-01 -3.587643999999999697e-05
4.632604000000000166e-01 -3.704705000000000303e-05
4.642556999999999934e-01 -3.587632000000000212e-05
4.652874000000000176e-01 -3.704705000000000303e-05
4.662842999999999849e-01 -3.763244999999999915e-05
4.672838000000000269e-01 -3.646169000000000292e-05
4.682855000000000212e-01 -3.880318000000000005e-05
4.693155999999999994e-01 -3.646179999999999707e-05
4.703157000000000032e-01 -3.646173999999999965e-05
4.713093999999999895e-01 -3.646204000000000030e-05
4.723102000000000134e-01 -3.763232999999999753e-05
4.733047000000000226e-01 -3.646177000000000174e-05
4.743032999999999832e-01 -3.587643999999999697e-05
4.752998999999999974e-01 -3.704711000000000045e-05
4.762990999999999753e-01 -3.587650000000000116e-05
4.772969000000000239e-01 -3.704714000000000254e-05
4.782965000000000133e-01 -3.704716999999999787e-05
4.792908000000000168e-01 -3.646179999999999707e-05
4.802891000000000243e-01 -3.646206000000000170e-05
4.812847000000000097e-01 -3.529118999999999778e-05
4.822825000000000029e-01 -3.763239000000000173e-05
4.832796999999999787e-01 -3.763248000000000125e-05
4.843143999999999783e-01 -3.470575999999999956e-05
4.853155000000000108e-01 -3.353506000000000076e-05
4.863133000000000039e-01 -3.646195000000000078e-05
4.873115000000000085e-01 -3.763250000000000265e-05
4.883070999999999939e-01 -3.821777999999999715e-05
4.893059000000000158e-01 -3.587670000000000160e-05
4.903030999999999917e-01 -3.763264999999999959e-05
4.912985000000000269e-01 -3.587654999999999788e-05
4.922955999999999999e-01 -3.646189000000000336e-05
4.932948999999999806e-01 -3.646191999999999868e-05
4.942958000000000074e-01 -3.646166000000000083e-05
4.953599000000000196e-01 -3.412039999999999946e-05
4.963558000000000137e-01 -3.646182999999999917e-05
4.973528999999999867e-01 -3.646182999999999917e-05
4.983478000000000074e-01 -3.529109999999999826e-05
4.993471999999999911e-01 -3.470575999999999956e-05
5.003427999999999765e-01 -3.470575999999999956e-05
5.013423999999999658e-01 -3.646177000000000174e-05
5.023448999999999831e-01 -3.587657999999999998e-05
5.033429000000000375e-01 -3.470575999999999956e-05
5.043402000000000163e-01 -3.529109999999999826e-05
5.053362999999999605e-01 -3.412036999999999736e-05
5.063360000000000083e-01 -3.470584999999999908e-05
5.073627000000000553e-01 -3.587654999999999788e-05
5.083623999999999921e-01 -3.412048999999999898e-05
5.093569999999999487e-01 -3.294979000000000018e-05
5.103569000000000022e-01 -3.412052000000000108e-05
5.113543999999999867e-01 -3.470575999999999956e-05
5.123522000000000354e-01 -3.353511999999999818e-05
5.133476999999999624e-01 -3.294981000000000158e-05
5.143476000000000159e-01 -3.353520999999999770e-05
5.153432000000000013e-01 -3.353511999999999818e-05
5.163408000000000442e-01 -3.704711000000000045e-05
5.173383000000000287e-01 -3.177911000000000277e-05
5.183358999999999606e-01 -3.236450999999999890e-05
5.193398000000000181e-01 -3.294986999999999900e-05
5.203379999999999672e-01 -3.294986999999999900e-05
5.213347000000000397e-01 -3.412065999999999732e-05
5.223299999999999610e-01 -3.412063000000000200e-05
5.233630999999999700e-01 -3.353532999999999932e-05
5.243584000000000023e-01 -3.294999000000000062e-05
5.253887999999999892e-01 -3.177937000000000063e-05
5.263851000000000502e-01 -3.177929000000000181e-05
5.273851999999999984e-01 -3.119421000000000097e-05
5.283828000000000413e-01 -3.060867000000000183e-05
5.293805999999999790e-01 -3.119401000000000053e-05
5.303773000000000515e-01 -3.119381000000000009e-05
5.314105999999999552e-01 -3.002306999999999849e-05
5.324052000000000229e-01 -3.119366000000000315e-05
5.334031999999999663e-01 -3.119381000000000009e-05
5.344001999999999919e-01 -3.119377999999999799e-05
5.353984000000000520e-01 -3.177917000000000019e-05
5.364003000000000521e-01 -3.060856000000000091e-05
5.373995999999999773e-01 -3.060847000000000139e-05
5.383976000000000317e-01 -3.177917000000000019e-05
5.393940999999999875e-01 -3.002316000000000140e-05
5.403923000000000476e-01 -2.885254999999999873e-05
5.413885999999999976e-01 -2.709645000000000041e-05
5.423841000000000356e-01 -3.060860999999999763e-05
5.433829000000000020e-01 -2.943790999999999883e-05
5.443816000000000210e-01 -3.119383000000000149e-05
5.453814999999999635e-01 -2.943785999999999872e-05
5.464103999999999628e-01 -2.709647999999999912e-05
5.474054000000000419e-01 -2.709647999999999912e-05
5.484033999999999853e-01 -2.651120000000000123e-05
5.493987000000000176e-01 -2.709685999999999860e-05
5.503972999999999782e-01 -2.885260999999999954e-05
5.513936999999999866e-01 -2.768198999999999955e-05
5.523917000000000410e-01 -2.768198999999999955e-05
5.533968999999999694e-01 -2.709685999999999860e-05
5.543938999999999950e-01 -2.651140999999999898e-05
5.554592999999999892e-01 -2.651131999999999946e-05
5.564540000000000042e-01 -2.768187999999999863e-05
5.574527000000000232e-01 -2.534058999999999856e-05
5.584480000000000555e-01 -2.768190000000000003e-05
5.594464999999999577e-01 -2.651129000000000075e-05
5.604430999999999718e-01 -2.651125999999999865e-05
5.614424999999999555e-01 -2.592594999999999866e-05
5.624415000000000386e-01 -2.534058999999999856e-05
5.634396999999999878e-01 -2.358455000000000105e-05
5.644350000000000200e-01 -2.475542999999999890e-05
5.654335000000000333e-01 -2.416995000000000056e-05
5.664289999999999603e-01 -2.709656999999999864e-05
5.674263000000000501e-01 -2.592586999999999984e-05
5.684247999999999523e-01 -2.182848000000000145e-05
5.694578000000000140e-01 -2.299926999999999977e-05
5.704595000000000082e-01 -2.534076000000000029e-05
5.714584999999999804e-01 -2.416996999999999858e-05
5.724555000000000060e-01 -2.592604000000000157e-05
5.734519000000000144e-01 -2.534073000000000158e-05
5.744504000000000277e-01 -2.358455000000000105e-05
5.754466000000000303e-01 -2.299926999999999977e-05
5.764437000000000033e-01 -2.241393999999999838e-05
5.774403000000000175e-01 -2.299926999999999977e-05
5.784397000000000011e-01 -2.417000000000000067e-05
5.794386999999999732e-01 -2.299929999999999848e-05
5.804350000000000342e-01 -2.182868999999999920e-05
5.814314000000000426e-01 -2.299935999999999929e-05
5.824287999999999688e-01 -2.358473000000000009e-05
5.834262999999999533e-01 -2.358484000000000101e-05
5.844215000000000382e-01 -2.417002999999999938e-05
5.854861999999999567e-01 -2.475537000000000148e-05
5.864857999999999461e-01 -2.299935999999999929e-05
5.874886999999999748e-01 -2.007264999999999831e-05
5.884867000000000292e-01 -2.358473000000000009e-05
5.894833000000000434e-01 -2.124337999999999921e-05
5.904806000000000221e-01 -2.182872000000000130e-05
5.914785999999999655e-01 -2.007270999999999912e-05
5.925059999999999771e-01 -2.124341000000000131e-05
5.935046000000000488e-01 -2.299924000000000106e-05
5.945004000000000399e-01 -2.241384999999999886e-05
5.955002000000000351e-01 -1.831672999999999903e-05
5.965049000000000046e-01 -2.007288000000000084e-05
5.975032999999999594e-01 -1.831670000000000032e-05
5.984981999999999802e-01 -1.948733999999999831e-05
5.994956000000000174e-01 -1.948748999999999864e-05
6.004918999999999674e-01 -1.831672999999999903e-05
6.014895000000000103e-01 -1.948743000000000122e-05
6.024865000000000359e-01 -1.948743000000000122e-05
6.034855000000000080e-01 -1.890223999999999946e-05
6.044893000000000072e-01 -1.831676000000000113e-05
6.054857000000000156e-01 -1.890217999999999865e-05
6.064846000000000403e-01 -1.773139000000000033e-05
6.074798999999999616e-01 -1.890206000000000042e-05
6.085125000000000117e-01 -1.890223999999999946e-05
6.095087000000000144e-01 -1.890208999999999913e-05
6.105055999999999816e-01 -1.773150999999999856e-05
6.115034999999999776e-01 -1.597549999999999976e-05
6.125028999999999613e-01 -1.773147999999999985e-05
6.135026000000000090e-01 -1.480479999999999927e-05
6.144977999999999829e-01 -1.421946000000000057e-05
6.155601000000000544e-01 -1.714619999999999857e-05
6.165599000000000496e-01 -1.539011000000000095e-05
6.175542000000000531e-01 -1.480479999999999927e-05
6.185534000000000310e-01 -1.480477000000000056e-05
6.195481999999999934e-01 -1.597567000000000149e-05
6.205486999999999531e-01 -1.363420999999999969e-05
6.215513999999999761e-01 -1.304884999999999959e-05
6.225503999999999483e-01 -1.363424000000000009e-05
6.235471999999999682e-01 -1.363429999999999921e-05
6.245435000000000292e-01 -1.363407000000000006e-05
6.255424000000000540e-01 -1.363407000000000006e-05
6.265374000000000221e-01 -1.304887999999999999e-05
6.275344000000000477e-01 -1.070758999999999992e-05
6.285323999999999911e-01 -1.129289999999999991e-05
6.295313999999999632e-01 -9.536975999999999676e-06
6.305323999999999929e-01 -1.070770999999999984e-05
6.315600999999999576e-01 -8.951436000000000535e-06
6.325557000000000540e-01 -1.480479999999999927e-05
6.335547999999999735e-01 -7.195601999999999822e-06
6.345505000000000173e-01 -1.129296000000000072e-05
6.355484000000000133e-01 -1.012224999999999952e-05
6.365452999999999806e-01 -1.012227999999999993e-05
6.375435999999999881e-01 -7.780880000000000625e-06
6.385478999999999461e-01 -1.012219999999999941e-05
6.395456999999999947e-01 -1.012214000000000030e-05
6.405429000000000261e-01 -8.366274000000000394e-06
6.415389000000000230e-01 -1.070743999999999959e-05
6.425381999999999483e-01 -7.195544000000000339e-06
6.435319999999999929e-01 -8.366274000000000394e-06
6.445305000000000062e-01 -5.439650999999999903e-06
6.455935999999999897e-01 -7.781112999999999645e-06
6.465933000000000375e-01 -8.951726999999999886e-06
6.475908000000000220e-01 -6.025016999999999747e-06
6.485876000000000419e-01 -8.951988999999999918e-06
6.495843999999999507e-01 -6.025016999999999747e-06
6.505819000000000463e-01 -9.537005000000000688e-06
6.515784999999999494e-01 -9.536889000000000027e-06
6.525762999999999980e-01 -8.366187000000000745e-06
6.535735000000000294e-01 -2.512882999999999857e-06
6.546064999999999801e-01 -8.366333000000000117e-06
6.556096999999999619e-01 -6.024928999999999859e-06
6.566081999999999752e-01 -5.439593000000000420e-06
6.576056000000000124e-01 -5.439650999999999903e-06
6.586018999999999624e-01 -6.024928999999999859e-06
6.596003999999999756e-01 -3.683555000000000005e-06
6.605965999999999783e-01 -3.098509999999999917e-06
6.615929000000000393e-01 -6.025104000000000242e-06
6.625908999999999827e-01 -5.439564000000000255e-06
6.635898000000000074e-01 -3.098219000000000143e-06
6.645904000000000256e-01 -3.683642999999999893e-06
6.655862000000000167e-01 -1.342385000000000066e-06
6.665830000000000366e-01 -3.683729999999999965e-06
6.675796999999999981e-01 -4.854314999999999618e-06
6.685777999999999999e-01 -4.854403000000000353e-06
6.696058999999999761e-01 -1.927896000000000100e-06
6.706028000000000544e-01 -1.342588999999999979e-06
6.716020000000000323e-01 -1.717126000000000020e-07
6.726054999999999673e-01 -1.342560000000000026e-06
6.736031999999999575e-01 4.135654000000000062e-07
6.746003999999999889e-01 -2.512969999999999930e-06
6.756303000000000170e-01 -3.098394000000000103e-06
6.766288999999999776e-01 -1.718871999999999935e-07
6.776556000000000246e-01 9.987561000000000716e-07
6.786554000000000197e-01 9.989308000000000023e-07
6.796512000000000109e-01 4.136527000000000020e-07
6.806508999999999476e-01 4.135363000000000076e-07
6.816499000000000308e-01 2.754881000000000196e-06
6.826465999999999923e-01 -1.342385000000000066e-06
6.836419000000000246e-01 4.133617000000000161e-07
6.846404999999999852e-01 3.340014000000000172e-06
6.856366000000000405e-01 3.340217999999999874e-06
6.866343999999999781e-01 1.584180000000000094e-06
6.876314000000000037e-01 2.169544999999999910e-06
6.886303000000000285e-01 3.340217999999999874e-06
6.896343999999999808e-01 2.754909999999999937e-06
6.906316000000000122e-01 1.584266999999999955e-06
6.916284999999999794e-01 9.989308000000000023e-07
6.926236999999999533e-01 4.510715000000000061e-06
6.936584999999999557e-01 2.169312000000000043e-06
6.946535999999999822e-01 2.169487000000000003e-06
6.956503000000000547e-01 2.169369999999999950e-06
6.966487999999999570e-01 5.681474999999999674e-06
6.976480000000000459e-01 5.096110000000000070e-06
6.986495999999999817e-01 6.266928000000000013e-06
6.996457999999999844e-01 7.437687999999999625e-06
7.006409000000000109e-01 6.852235000000000133e-06
7.016375999999999724e-01 6.266781999999999794e-06
7.026356000000000268e-01 5.095963999999999851e-06
7.036308999999999481e-01 6.266724000000000311e-06
7.046303000000000427e-01 8.608097999999999317e-06
7.056968000000000130e-01 6.266810999999999959e-06
7.066968000000000139e-01 7.437513000000000088e-06
7.076961000000000501e-01 8.022878000000000539e-06
7.086938000000000404e-01 8.608185000000000660e-06
7.096896999999999789e-01 9.193521999999999491e-06
7.106888000000000094e-01 6.852147999999999638e-06
7.116852000000000178e-01 9.778770999999999281e-06
7.126801000000000386e-01 8.022937000000000262e-06
7.136787999999999466e-01 8.022761999999999878e-06
7.146784000000000470e-01 1.153481000000000078e-05
7.156776999999999722e-01 1.094935999999999947e-05
7.167050999999999839e-01 9.193347000000000801e-06
7.177016000000000506e-01 9.778770999999999281e-06
7.186981000000000064e-01 1.153474999999999997e-05
7.196945000000000148e-01 1.153474999999999997e-05
7.206919999999999993e-01 1.153483999999999949e-05
7.216896999999999895e-01 1.153483999999999949e-05
7.226882999999999502e-01 1.387617999999999968e-05
7.236934000000000422e-01 1.211997000000000044e-05
7.246898000000000506e-01 1.211990999999999964e-05
7.256871000000000294e-01 1.446133999999999934e-05
7.266823999999999506e-01 1.504662000000000062e-05
7.276831000000000271e-01 1.329073000000000006e-05
7.286761000000000488e-01 1.446133999999999934e-05
7.296749999999999625e-01 1.563189999999999851e-05
7.306730000000000169e-01 1.563202000000000013e-05
7.317065999999999848e-01 1.446133999999999934e-05
7.327133999999999592e-01 1.621735000000000152e-05
7.337070999999999454e-01 1.680256999999999861e-05
7.347040999999999711e-01 1.504674000000000055e-05
7.357352000000000336e-01 1.446131999999999964e-05
7.367299999999999960e-01 1.738811000000000114e-05
7.377274999999999805e-01 1.738811000000000114e-05
7.387245999999999535e-01 1.914385999999999868e-05
7.397582000000000324e-01 1.621724000000000060e-05
7.407616999999999674e-01 1.738805000000000033e-05
7.417618999999999740e-01 1.738811000000000114e-05
7.427572999999999537e-01 1.680277999999999975e-05
7.437527000000000443e-01 1.797338999999999903e-05
7.447510999999999992e-01 1.972920000000000077e-05
7.457473000000000019e-01 1.855851999999999998e-05
7.467439999999999634e-01 2.031429999999999963e-05
7.477416999999999536e-01 2.148512000000000005e-05
7.487403999999999726e-01 2.148496999999999972e-05
7.497409000000000434e-01 2.031456000000000087e-05
7.507355000000000000e-01 1.972921999999999878e-05
7.517325999999999731e-01 2.089989999999999958e-05
7.527300999999999576e-01 2.148534999999999920e-05
7.537287000000000292e-01 2.148538000000000130e-05
7.547553999999999652e-01 2.265585000000000095e-05
7.557528999999999497e-01 2.324126999999999847e-05
7.567507999999999457e-01 2.324107000000000142e-05
7.577570999999999612e-01 2.207072000000000000e-05
7.587545999999999458e-01 2.499743000000000098e-05
7.597502999999999895e-01 2.441193999999999856e-05
7.607452999999999577e-01 2.265594000000000047e-05
7.617458999999999758e-01 2.616797999999999946e-05
7.627393999999999563e-01 2.558261999999999936e-05
7.637382999999999811e-01 2.441179999999999894e-05
7.647348999999999952e-01 2.616783999999999983e-05
7.658009000000000066e-01 2.733833000000000088e-05
7.668006000000000544e-01 2.616768999999999950e-05
7.677983999999999920e-01 2.616777999999999902e-05
7.687937999999999716e-01 2.616783999999999983e-05
7.697914000000000145e-01 2.675306000000000030e-05
7.707880000000000287e-01 2.909449000000000001e-05
7.717853999999999548e-01 2.792404999999999906e-05
7.727821999999999747e-01 2.850915000000000130e-05
7.737813999999999526e-01 2.967996999999999834e-05
7.747861000000000331e-01 3.026524999999999962e-05
7.757825000000000415e-01 2.909465999999999835e-05
7.767794999999999561e-01 2.967993999999999963e-05
7.777749000000000468e-01 3.260658999999999980e-05
7.788083000000000089e-01 3.026516000000000010e-05
7.798051999999999762e-01 3.202088000000000232e-05
7.808024000000000076e-01 3.319187000000000108e-05
7.817992000000000274e-01 3.202119999999999760e-05
7.827984999999999527e-01 3.319180999999999689e-05
7.837982000000000005e-01 3.026516000000000010e-05
7.847927999999999571e-01 3.260644999999999679e-05
7.857897000000000354e-01 3.143565999999999846e-05
7.867863999999999969e-01 3.260644999999999679e-05
7.877853999999999690e-01 3.436253999999999779e-05
7.887807999999999486e-01 3.377728999999999861e-05
7.897796000000000260e-01 3.377708999999999817e-05
7.907773000000000163e-01 3.670354000000000129e-05
7.917845999999999496e-01 3.611831999999999743e-05
7.927769999999999539e-01 3.260644999999999679e-05
7.938072999999999935e-01 3.845968999999999972e-05
7.948034000000000487e-01 3.728908000000000044e-05
7.958380999999999927e-01 3.377720999999999979e-05
7.968342000000000480e-01 3.787447000000000263e-05
7.978302999999999923e-01 3.845981000000000134e-05
7.988288000000000055e-01 3.436253999999999779e-05
7.998279000000000361e-01 3.553304000000000293e-05
8.008294999999999719e-01 4.021575999999999932e-05
8.018572000000000477e-01 4.021552999999999679e-05
8.028511000000000397e-01 3.904490999999999680e-05
8.038501999999999592e-01 3.904509000000000262e-05
8.048463999999999618e-01 4.080098000000000318e-05
8.058440999999999521e-01 4.080107000000000270e-05
8.068408000000000246e-01 3.845974999999999714e-05
8.078399000000000552e-01 4.197173999999999941e-05
8.088446000000000247e-01 4.138645999999999813e-05
8.098419000000000034e-01 4.138640000000000070e-05
8.108385999999999649e-01 4.021550000000000146e-05
8.118334999999999857e-01 4.255676000000000283e-05
8.128336999999999923e-01 4.080091999999999899e-05
8.138273000000000312e-01 4.314221000000000245e-05
8.148258000000000445e-01 4.372757000000000255e-05
8.158225000000000060e-01 4.372748999999999695e-05
8.168568999999999969e-01 4.431271000000000081e-05
8.178573999999999566e-01 4.255680999999999955e-05
8.188518000000000185e-01 4.548352000000000054e-05
8.198488999999999916e-01 4.665414000000000052e-05
8.208461000000000229e-01 4.372762999999999997e-05
8.218446999999999836e-01 4.548352000000000054e-05
8.228387999999999813e-01 4.665426000000000214e-05
8.238391000000000464e-01 4.665446000000000258e-05
8.248362999999999667e-01 4.899569000000000184e-05
8.259056999999999649e-01 4.958090999999999893e-05
8.269054999999999600e-01 4.899551000000000280e-05
8.279016999999999626e-01 4.899551000000000280e-05
8.288978000000000179e-01 5.075158000000000241e-05
8.298961000000000254e-01 5.016626999999999903e-05
8.308915999999999524e-01 4.899551000000000280e-05
8.318891999999999953e-01 4.899562999999999764e-05
8.328868000000000382e-01 5.075151999999999821e-05
8.338858999999999577e-01 5.192221999999999701e-05
8.348879000000000161e-01 4.958097000000000312e-05
8.358816999999999497e-01 5.133688999999999901e-05
8.368784999999999696e-01 5.250740999999999877e-05
8.378752999999999895e-01 5.192215999999999959e-05
8.388738999999999502e-01 5.016619000000000021e-05
8.399018999999999791e-01 5.309301000000000211e-05
8.408982999999999874e-01 5.309290000000000119e-05
8.418974000000000180e-01 5.367806000000000086e-05
8.429022999999999932e-01 5.367817000000000177e-05
8.438980999999999844e-01 5.426331000000000004e-05
8.448955000000000215e-01 5.367777000000000090e-05
8.458909999999999485e-01 5.601933999999999684e-05
8.468909999999999494e-01 5.601954999999999798e-05
8.478852000000000055e-01 5.543417999999999718e-05
8.488833000000000073e-01 5.660468000000000232e-05
8.498801999999999746e-01 5.367797000000000134e-05
8.508822000000000330e-01 5.719005000000000312e-05
8.518788000000000471e-01 5.894600000000000111e-05
8.528752000000000555e-01 6.011684000000000293e-05
8.538708999999999882e-01 5.660488000000000276e-05
8.548698000000000130e-01 6.011684000000000293e-05
8.559330000000000549e-01 5.836083000000000075e-05
8.569295000000000107e-01 5.953132999999999911e-05
8.579263999999999779e-01 6.070211999999999743e-05
8.589261999999999730e-01 6.070218000000000163e-05
8.599307000000000478e-01 5.953139000000000331e-05
8.609276000000000151e-01 6.187284999999999834e-05
8.619242999999999766e-01 6.245796000000000128e-05
8.629556999999999922e-01 6.128751999999999356e-05
8.639540999999999471e-01 6.070206000000000001e-05
8.649499000000000493e-01 6.421401999999999340e-05
8.659464999999999524e-01 6.421420000000000600e-05
8.669449999999999656e-01 6.304347000000000509e-05
8.679432000000000258e-01 6.245796000000000128e-05
8.689504000000000117e-01 6.304317999999999836e-05
8.699447999999999626e-01 6.245806999999999542e-05
8.709424000000000055e-01 6.421414000000000180e-05
8.719390000000000196e-01 6.655530999999999687e-05
8.729369999999999630e-01 6.655537000000000107e-05
8.739316000000000306e-01 6.831114000000000001e-05
8.749306999999999501e-01 6.831097000000000167e-05
8.759289999999999576e-01 6.772603999999999777e-05
8.769367000000000134e-01 6.596997000000000494e-05
8.779295000000000293e-01 6.831143000000000675e-05
8.789584999999999759e-01 6.889660000000000033e-05
8.799546999999999786e-01 6.948198999999999576e-05
8.809544000000000263e-01 7.006721000000000639e-05
8.819483999999999657e-01 6.889660000000000033e-05
8.829460999999999560e-01 7.123793999999999374e-05
8.839424999999999644e-01 7.006685999999999546e-05
8.849430000000000351e-01 7.065213999999999674e-05
8.859789000000000136e-01 7.123788000000000310e-05
8.870061999999999669e-01 7.299394999999999592e-05
8.880006999999999762e-01 7.240861000000000400e-05
8.889976000000000544e-01 7.123781999999999890e-05
8.899941999999999576e-01 7.065226000000000514e-05
8.909922000000000120e-01 7.357922999999999721e-05
8.919899999999999496e-01 7.182310000000000018e-05
8.929880000000000040e-01 7.474984000000000327e-05
8.939932000000000434e-01 7.533517999999999519e-05
8.949896999999999991e-01 7.416439000000000364e-05
8.959875999999999951e-01 7.474984000000000327e-05
8.969814999999999872e-01 7.533499999999999615e-05
8.979821000000000053e-01 7.416426999999999525e-05
8.989766999999999619e-01 7.592062999999999481e-05
8.999745999999999579e-01 7.767663999999999699e-05
