9.999300999999999329e-02 1.923473999999999903e-07
1.022249999999999964e-01 9.295694999999999383e-08
1.044853000000000032e-01 1.163428000000000007e-07
1.067445999999999950e-01 1.338824000000000025e-07
1.089917999999999998e-01 2.215790999999999939e-07
1.112700999999999968e-01 8.711254000000000615e-08
1.135343999999999937e-01 1.104997000000000005e-07
1.157912999999999998e-01 7.541871000000000208e-08
1.180167000000000022e-01 8.711208000000000510e-08
1.202889000000000042e-01 9.880546000000000468e-08
1.225451000000000040e-01 9.296013999999999824e-08
1.247767000000000043e-01 8.711390000000000293e-08
1.270386000000000015e-01 1.221921999999999975e-07
1.293050000000000033e-01 8.711254000000000615e-08
1.315983000000000014e-01 1.046517000000000000e-07
1.338312000000000113e-01 -3.513707999999999927e-07
1.360717999999999928e-01 6.372761000000000137e-08
1.383507999999999960e-01 8.126630999999999417e-08
1.405742000000000103e-01 7.541961999999999438e-08
1.428377000000000119e-01 8.126585000000000635e-08
1.450929999999999997e-01 -4.735579999999999978e-08
1.473272999999999944e-01 8.711208000000000510e-08
1.495894000000000112e-01 5.203332999999999944e-08
1.518812999999999969e-01 9.295877000000000489e-08
1.541497000000000006e-01 1.280383999999999933e-07
1.563773999999999997e-01 1.046503000000000037e-07
1.586441000000000101e-01 9.295694999999999383e-08
1.609043000000000001e-01 5.788001999999999924e-08
1.631337999999999955e-01 7.541735000000000530e-08
1.653940999999999883e-01 1.046517000000000000e-07
1.676532000000000022e-01 1.397318000000000125e-07
1.698838000000000015e-01 4.846722000000000510e-07
1.721741999999999995e-01 5.788001999999999924e-08
1.744377000000000011e-01 9.880682000000000146e-08
1.766967999999999872e-01 8.126540000000000187e-08
1.789292000000000105e-01 5.788001999999999924e-08
1.811904000000000015e-01 8.711254000000000615e-08
1.834523999999999877e-01 1.338847000000000077e-07
1.856797000000000031e-01 1.338847000000000077e-07
1.879484999999999906e-01 9.295740999999999488e-08
1.902451000000000003e-01 1.104988000000000048e-07
1.925012999999999863e-01 6.372442999999999353e-08
1.947349999999999914e-01 1.163419000000000050e-07
1.969966999999999968e-01 1.338827999999999976e-07
1.992636999999999881e-01 1.280375000000000108e-07
2.014830999999999983e-01 1.221912999999999885e-07
2.037461000000000133e-01 1.163436999999999964e-07
2.060050999999999966e-01 4.033996000000000304e-08
2.082419000000000076e-01 1.221877000000000056e-07
2.105323000000000055e-01 1.104978999999999958e-07
2.127980999999999900e-01 9.880454999999999915e-08
2.150556000000000134e-01 1.163451000000000060e-07
2.172861000000000098e-01 -2.981573999999999696e-08
2.195426000000000044e-01 1.046508000000000043e-07
2.218081000000000080e-01 1.338841999999999939e-07
2.240352999999999928e-01 1.455749000000000127e-07
2.262959999999999972e-01 1.338833000000000114e-07
2.285210000000000019e-01 1.338827999999999976e-07
2.308657000000000070e-01 -2.285972000000000030e-07
2.330840000000000134e-01 8.711208000000000510e-08
2.353436999999999890e-01 1.280366000000000018e-07
2.376034999999999953e-01 1.397309000000000035e-07
2.398356000000000099e-01 1.514233999999999873e-07
2.420799999999999896e-01 -3.566514999999999693e-08
2.443623000000000045e-01 1.748087000000000107e-07
2.465842000000000034e-01 1.397309000000000035e-07
2.488490999999999898e-01 1.455757999999999952e-07
2.511414000000000146e-01 1.514233999999999873e-07
2.534082999999999752e-01 1.163428000000000007e-07
2.556255000000000055e-01 1.806545000000000114e-07
2.578894999999999937e-01 1.338847000000000077e-07
2.601539999999999964e-01 1.748091999999999981e-07
2.623792999999999820e-01 1.631166999999999878e-07
2.646469000000000182e-01 1.631162999999999927e-07
2.668758999999999992e-01 6.951434000000000147e-07
2.691305999999999976e-01 1.163441999999999970e-07
2.714255999999999891e-01 1.572696000000000096e-07
2.736896999999999802e-01 1.981940999999999999e-07
2.759548000000000001e-01 1.806536000000000024e-07
2.781789000000000067e-01 2.157336999999999884e-07
2.804438000000000208e-01 2.566560000000000186e-07
2.826745999999999981e-01 1.923461000000000127e-07
2.849314000000000013e-01 2.215790999999999939e-07
2.871956999999999982e-01 2.098857000000000012e-07
2.894449000000000050e-01 2.508115999999999878e-07
2.917524000000000228e-01 2.449662999999999745e-07
2.939768999999999854e-01 3.618949999999999990e-07
2.962376999999999927e-01 2.566587000000000191e-07
2.985051000000000232e-01 2.800414000000000078e-07
3.007331999999999783e-01 2.625044999999999932e-07
3.029855000000000187e-01 1.455767000000000042e-07
3.052238999999999924e-01 3.034308999999999937e-07
3.074830000000000063e-01 2.800446000000000220e-07
3.097461000000000242e-01 3.151237999999999991e-07
3.120388000000000051e-01 3.209699999999999949e-07
3.143036000000000163e-01 3.560477999999999756e-07
3.165313000000000154e-01 3.151210000000000065e-07
3.187970999999999999e-01 3.443553999999999840e-07
3.210194000000000103e-01 3.677398999999999907e-07
3.232841000000000187e-01 3.969718999999999973e-07
3.255418999999999952e-01 3.852795000000000057e-07
3.277746999999999744e-01 2.098866000000000101e-07
3.301054999999999962e-01 4.262053999999999923e-07
3.323354000000000030e-01 4.378982999999999977e-07
3.345974999999999921e-01 4.612849999999999910e-07
3.368264999999999731e-01 4.729784000000000102e-07
3.390847000000000167e-01 5.139020000000000181e-07
3.413517999999999830e-01 5.840591000000000210e-07
3.435777999999999888e-01 5.840572999999999501e-07
3.458355000000000179e-01 5.723620999999999660e-07
3.480960000000000165e-01 5.723639000000000368e-07
3.504162000000000110e-01 7.711439999999999600e-07
3.526593000000000089e-01 6.249831999999999897e-07
3.548840999999999801e-01 6.951416000000000497e-07
3.571461000000000219e-01 7.477598999999999750e-07
3.593771000000000049e-01 7.360666000000000009e-07
3.616434000000000037e-01 8.120707999999999821e-07
3.639004000000000127e-01 1.016696000000000040e-06
3.661325000000000274e-01 9.114602999999999603e-07
3.683903000000000039e-01 9.640777999999999482e-07
3.706853999999999982e-01 1.028387000000000035e-06
3.729471999999999787e-01 1.040080999999999902e-06
3.751742000000000132e-01 1.075159000000000026e-06
3.774217000000000266e-01 1.145316999999999905e-06
3.796946999999999961e-01 1.268092999999999998e-06
3.819241999999999915e-01 1.303170999999999910e-06
3.841885999999999912e-01 1.367481999999999963e-06
3.864505999999999775e-01 1.385019999999999997e-06
3.886802999999999786e-01 1.531180999999999952e-06
3.909726000000000035e-01 1.607186000000000082e-06
3.932297000000000153e-01 1.729960999999999936e-06
3.954932999999999921e-01 1.870276999999999907e-06
3.977267999999999915e-01 1.887813000000000097e-06
3.999772999999999801e-01 2.086593999999999897e-06
4.022442999999999991e-01 2.115826000000000010e-06
4.044763000000000108e-01 2.367225000000000023e-06
4.067350000000000132e-01 2.519231000000000173e-06
4.090009000000000006e-01 2.677084999999999967e-06
4.113023000000000096e-01 2.817399000000000094e-06
4.135163000000000033e-01 2.864170000000000057e-06
4.157791000000000126e-01 3.179878999999999883e-06
4.180473000000000106e-01 3.267573999999999981e-06
4.202749000000000068e-01 3.630052999999999954e-06
4.225116999999999901e-01 3.746981999999999796e-06
4.247990999999999850e-01 4.021765000000000279e-06
4.270248999999999850e-01 4.413472999999999646e-06
4.292858999999999980e-01 4.471938000000000111e-06
4.315795000000000048e-01 5.021508999999999732e-06
4.338423000000000140e-01 5.471686999999999913e-06
4.360741000000000200e-01 5.676311000000000277e-06
4.383355999999999919e-01 6.073868000000000374e-06
4.405991000000000213e-01 6.296032999999999796e-06
4.428240999999999983e-01 6.950831000000000231e-06
4.450826999999999978e-01 7.073607999999999716e-06
4.473371999999999904e-01 8.026578999999999574e-06
4.495739000000000263e-01 8.424135000000000279e-06
4.518705000000000083e-01 9.008779999999999490e-06
4.541292000000000106e-01 9.681124999999999572e-06
4.563912999999999998e-01 9.879900999999999446e-06
4.586250000000000049e-01 1.100241000000000059e-05
4.608876000000000084e-01 1.170398999999999939e-05
4.631579000000000113e-01 1.254003000000000062e-05
4.653750999999999860e-01 1.338191999999999943e-05
4.676379999999999981e-01 1.405425999999999917e-05
4.698960999999999832e-01 1.513000000000000083e-05
4.721993999999999914e-01 1.581987999999999938e-05
4.744243000000000210e-01 1.736918999999999895e-05
4.766891999999999796e-01 1.848002000000000065e-05
4.789475000000000260e-01 1.976038000000000002e-05
4.811746000000000079e-01 2.106413999999999989e-05
4.834300000000000264e-01 2.174817000000000086e-05
4.857014000000000054e-01 2.401658999999999904e-05
4.879285999999999901e-01 2.530863999999999965e-05
4.902229000000000170e-01 2.726720999999999944e-05
4.924851000000000090e-01 2.906207999999999941e-05
4.947587999999999986e-01 3.059385000000000186e-05
4.969742999999999800e-01 3.290315999999999754e-05
4.992328999999999795e-01 3.432969999999999761e-05
5.014963000000000060e-01 3.740494000000000105e-05
5.037304000000000226e-01 3.979028999999999677e-05
5.059822999999999960e-01 4.217561999999999787e-05
5.082510999999999557e-01 4.511053999999999721e-05
5.105479000000000545e-01 4.724448999999999733e-05
5.127745999999999693e-01 5.103299999999999742e-05
5.150352999999999737e-01 5.388604000000000153e-05
5.172959999999999781e-01 5.772717000000000316e-05
5.195243000000000499e-01 6.134025999999999671e-05
5.217865999999999893e-01 6.502347999999999700e-05
5.240491999999999928e-01 6.923881000000000599e-05
5.262755999999999545e-01 7.282264000000000586e-05
5.285366999999999704e-01 7.802596999999999929e-05
5.308304000000000356e-01 8.284929999999999975e-05
5.330928000000000333e-01 8.801170000000000304e-05
5.353206999999999827e-01 9.332025999999999885e-05
5.375851999999999853e-01 9.867562000000000241e-05
5.398456000000000365e-01 1.050598999999999934e-04
5.420730000000000270e-01 1.110876000000000035e-04
5.443375999999999770e-01 1.179455000000000043e-04
5.465965000000000407e-01 1.250196999999999984e-04
5.488279000000000352e-01 1.322692000000000041e-04
5.511194000000000370e-01 1.403080999999999925e-04
5.533852999999999689e-01 1.481773999999999884e-04
5.556442000000000325e-01 1.572335000000000117e-04
5.578722999999999876e-01 1.663656999999999918e-04
5.601338999999999624e-01 1.760006000000000103e-04
5.623991000000000406e-01 1.862142999999999969e-04
5.646221999999999630e-01 1.965566000000000080e-04
5.668830000000000258e-01 2.079980999999999898e-04
5.691446999999999479e-01 2.197729000000000045e-04
5.714481000000000144e-01 2.325591000000000008e-04
5.736706000000000305e-01 2.455321000000000001e-04
5.759317000000000464e-01 2.593356999999999911e-04
5.781931000000000154e-01 2.740921000000000112e-04
5.804226000000000107e-01 2.887491000000000168e-04
5.826841999999999855e-01 3.051366999999999816e-04
5.849436999999999554e-01 3.219804000000000047e-04
5.871724000000000387e-01 3.396014999999999841e-04
5.894374999999999476e-01 3.581756999999999866e-04
5.917305000000000481e-01 3.781761999999999927e-04
5.939906000000000352e-01 3.990832000000000147e-04
5.962277999999999745e-01 4.205163000000000043e-04
5.984874999999999501e-01 4.435746000000000068e-04
6.007466999999999668e-01 4.676735000000000007e-04
6.029759000000000091e-01 4.924390000000000061e-04
6.052433999999999870e-01 5.193970000000000010e-04
6.074684999999999668e-01 5.468985000000000426e-04
6.097299000000000468e-01 5.765635000000000508e-04
6.120257000000000058e-01 6.079645999999999965e-04
6.142889999999999739e-01 6.406580000000000044e-04
6.165479000000000376e-01 6.749059999999999651e-04
6.187726999999999533e-01 7.105694000000000073e-04
6.210352000000000094e-01 7.485944000000000235e-04
6.233009000000000466e-01 7.884965999999999546e-04
6.255304999999999893e-01 8.298195999999999654e-04
6.277913000000000521e-01 8.742758000000000430e-04
6.300862000000000407e-01 9.215208999999999814e-04
6.323448000000000402e-01 9.704260000000000360e-04
6.345718999999999665e-01 1.021102999999999985e-03
6.368340000000000112e-01 1.075311000000000019e-03
6.390997999999999957e-01 1.133389000000000054e-03
6.413254000000000454e-01 1.191479999999999970e-03
6.435864000000000029e-01 1.254639000000000101e-03
6.458177999999999974e-01 1.320037000000000033e-03
6.480814999999999770e-01 1.389955000000000010e-03
6.503708000000000267e-01 1.464227999999999927e-03
6.526298999999999850e-01 1.541646999999999939e-03
6.548937999999999704e-01 1.622977000000000057e-03
6.571282000000000512e-01 1.707661999999999982e-03
6.593887000000000498e-01 1.797662000000000001e-03
6.616136000000000239e-01 1.890800999999999897e-03
6.638771999999999451e-01 1.990611000000000203e-03
6.661403000000000185e-01 2.095847999999999982e-03
6.683654999999999458e-01 2.204240000000000105e-03
6.706931999999999894e-01 2.323776000000000053e-03
6.729243999999999781e-01 2.444401000000000126e-03
6.751850000000000351e-01 2.572916000000000179e-03
6.774445000000000050e-01 2.708238999999999872e-03
6.796737000000000473e-01 2.848605000000000147e-03
6.819355000000000278e-01 2.998484000000000045e-03
6.841641000000000528e-01 3.153683999999999914e-03
6.864236999999999700e-01 3.319377999999999999e-03
6.886841000000000212e-01 3.493108999999999884e-03
6.909828999999999555e-01 3.680290000000000124e-03
6.932454000000000116e-01 3.873239000000000109e-03
6.954707999999999446e-01 4.073455999999999605e-03
6.977349000000000467e-01 4.287758000000000021e-03
6.999663000000000412e-01 4.508648999999999990e-03
7.022264999999999757e-01 4.745324000000000417e-03
7.044877999999999973e-01 4.993708999999999822e-03
7.067164999999999697e-01 5.251295999999999915e-03
7.089758000000000449e-01 5.525902000000000071e-03
7.112699999999999578e-01 5.818961000000000099e-03
7.135331000000000312e-01 6.123677000000000113e-03
7.157592999999999872e-01 6.437853000000000325e-03
7.180182000000000508e-01 6.773524000000000385e-03
7.202787000000000495e-01 7.126008999999999989e-03
7.225093000000000210e-01 7.492641999999999879e-03
7.247738000000000236e-01 7.881878000000000148e-03
7.270347000000000337e-01 8.291276000000000201e-03
7.292604000000000308e-01 8.714552000000000409e-03
7.315922000000000258e-01 9.180485000000000381e-03
7.338251999999999553e-01 9.649269999999999722e-03
7.360877000000000114e-01 1.014712000000000079e-02
7.383127999999999913e-01 1.066182000000000067e-02
7.405762999999999652e-01 1.121108999999999994e-02
7.428386000000000156e-01 1.178680000000000005e-02
7.450655999999999946e-01 1.238122000000000007e-02
7.473271000000000219e-01 1.301366999999999975e-02
7.495893999999999613e-01 1.367735999999999952e-02
7.518806000000000100e-01 1.438144000000000054e-02
7.541082999999999537e-01 1.509905999999999922e-02
7.563701000000000452e-01 1.586169999999999941e-02
7.586370000000000058e-01 1.666110000000000160e-02
7.608625999999999445e-01 1.748337000000000155e-02
7.631204000000000320e-01 1.835552999999999838e-02
7.653832000000000413e-01 1.926883999999999889e-02
7.676125000000000309e-01 2.020921999999999996e-02
7.698743000000000114e-01 2.120500000000000163e-02
7.721651000000000487e-01 2.225879999999999873e-02
7.744282000000000110e-01 2.334647999999999932e-02
7.766591999999999940e-01 2.446235000000000076e-02
7.789228999999999736e-01 2.564371000000000012e-02
7.811799999999999855e-01 2.687027999999999986e-02
7.834079000000000459e-01 2.813331000000000165e-02
7.856653000000000109e-01 2.945708000000000007e-02
7.879245000000000276e-01 3.084365999999999844e-02
7.902211999999999570e-01 3.230477999999999822e-02
7.924510000000000165e-01 3.377816000000000152e-02
7.947121000000000324e-01 3.532944999999999836e-02
7.969724000000000252e-01 3.693779999999999980e-02
7.992055000000000131e-01 3.858517000000000197e-02
8.014668999999999821e-01 4.031218999999999775e-02
8.037263999999999520e-01 4.209891000000000327e-02
8.059492999999999796e-01 4.391660000000000008e-02
8.082114000000000242e-01 4.582954000000000194e-02
8.105111000000000399e-01 4.783805000000000002e-02
8.127742000000000022e-01 4.987557000000000101e-02
8.149954999999999838e-01 5.194400999999999879e-02
8.172620999999999913e-01 5.411625999999999936e-02
8.195158999999999638e-01 5.634590999999999905e-02
8.217427000000000481e-01 5.860536000000000217e-02
8.240020999999999596e-01 6.096854000000000162e-02
8.262680000000000025e-01 6.340448999999999391e-02
8.284936000000000522e-01 6.586343000000000059e-02
8.307862999999999776e-01 6.846170999999999507e-02
8.330482000000000165e-01 7.111035000000000272e-02
8.353121000000000018e-01 7.379375000000000517e-02
8.375365000000000171e-01 7.651481999999999728e-02
8.397930999999999591e-01 7.934057999999999389e-02
8.420556000000000152e-01 8.223703000000000263e-02
8.442878000000000327e-01 8.516527999999999599e-02
8.465513000000000066e-01 8.819612000000000285e-02
8.488071000000000366e-01 9.128033000000000674e-02
8.511014000000000079e-01 9.448388000000000619e-02
8.533294000000000157e-01 9.766118999999999495e-02
8.549016000000000393e-01 9.998332999999999526e-02
