5.000124999999999709e-01 -3.412072000000000152e-05
5.005068000000000294e-01 -3.353529999999999722e-05
5.010080999999999563e-01 -3.060863999999999973e-05
5.015068999999999777e-01 -3.236465000000000191e-05
5.020092999999999916e-01 -3.060860999999999763e-05
5.025085000000000246e-01 -3.353529999999999722e-05
5.030080999999999580e-01 -3.177920000000000229e-05
5.035051000000000387e-01 -3.353535000000000072e-05
5.040063000000000182e-01 -3.177925999999999971e-05
5.045030999999999821e-01 -3.295002000000000271e-05
5.050023999999999624e-01 -3.119401000000000053e-05
5.055013000000000423e-01 -3.294995999999999852e-05
5.060033000000000447e-01 -3.236474000000000143e-05
5.065028999999999781e-01 -3.119395000000000311e-05
5.069964000000000137e-01 -3.236479999999999885e-05
5.074952000000000352e-01 -3.119401000000000053e-05
5.079938999999999982e-01 -3.177942999999999805e-05
5.084937999999999958e-01 -3.119406999999999795e-05
5.089905999999999597e-01 -3.295002000000000271e-05
5.094899999999999984e-01 -3.060863999999999973e-05
5.099909999999999721e-01 -3.295011000000000223e-05
5.104904000000000108e-01 -3.119404000000000263e-05
5.109888999999999681e-01 -3.177963999999999919e-05
5.114870999999999723e-01 -3.177937000000000063e-05
5.119858000000000464e-01 -3.177958000000000177e-05
5.124834000000000334e-01 -3.119414999999999677e-05
5.129831000000000252e-01 -2.885268999999999836e-05
5.134800999999999949e-01 -3.295008000000000013e-05
5.139821999999999447e-01 -3.177940000000000273e-05
5.144798000000000426e-01 -3.295004999999999804e-05
5.150462000000000096e-01 -3.236474000000000143e-05
5.155423999999999563e-01 -3.236461999999999981e-05
5.160428000000000237e-01 -3.002336999999999915e-05
5.165393000000000345e-01 -3.177937000000000063e-05
5.170415000000000427e-01 -3.236476999999999676e-05
5.175359000000000487e-01 -2.885274999999999917e-05
5.180363000000000051e-01 -3.177951999999999757e-05
5.185347000000000151e-01 -2.943796999999999964e-05
5.190380999999999467e-01 -3.412065999999999732e-05
5.195364000000000093e-01 -2.943823000000000089e-05
5.200354000000000365e-01 -3.236490999999999977e-05
5.205332999999999766e-01 -3.060881999999999877e-05
5.210352999999999790e-01 -3.060878999999999667e-05
5.215311999999999726e-01 -2.943803000000000045e-05
5.220304999999999529e-01 -3.236476999999999676e-05
5.225296000000000385e-01 -3.177942999999999805e-05
5.230629999999999447e-01 -3.060869999999999715e-05
5.235625000000000417e-01 -2.943809000000000126e-05
5.240576000000000123e-01 -3.002334000000000044e-05
5.245575999999999572e-01 -3.236474000000000143e-05
5.250548000000000437e-01 -2.943809000000000126e-05
5.255566999999999878e-01 -3.119404000000000263e-05
5.260517999999999583e-01 -3.294995999999999852e-05
5.265528000000000430e-01 -3.002345000000000136e-05
5.270513000000000003e-01 -3.177942999999999805e-05
5.275541999999999732e-01 -3.236465000000000191e-05
5.280504000000000309e-01 -2.885268999999999836e-05
5.285492999999999997e-01 -3.119395000000000311e-05
5.290464999999999751e-01 -3.002330999999999834e-05
5.295467000000000368e-01 -3.002340000000000125e-05
5.300428999999999835e-01 -3.002350999999999878e-05
5.305427999999999811e-01 -3.002350999999999878e-05
5.310430000000000428e-01 -2.709662999999999945e-05
5.315436999999999523e-01 -2.651145999999999909e-05
5.320432999999999968e-01 -3.002340000000000125e-05
5.325374999999999970e-01 -2.943823000000000089e-05
5.330365999999999715e-01 -2.826727000000000083e-05
5.335362000000000160e-01 -3.295008000000000013e-05
5.340350999999999848e-01 -2.885274999999999917e-05
5.345324999999999660e-01 -3.002336999999999915e-05
5.350308999999999759e-01 -2.885268999999999836e-05
5.355309999999999793e-01 -3.060881999999999877e-05
5.360308999999999768e-01 -3.002350999999999878e-05
5.365326999999999735e-01 -3.060878999999999667e-05
5.370306999999999720e-01 -2.943811999999999997e-05
5.375307000000000279e-01 -2.768211000000000117e-05
5.380291999999999852e-01 -2.943803000000000045e-05
5.385600000000000387e-01 -3.119410000000000005e-05
5.390595999999999721e-01 -3.060872999999999925e-05
5.395594000000000223e-01 -2.943809000000000126e-05
5.400595999999999730e-01 -2.943811999999999997e-05
5.405594000000000232e-01 -2.768220000000000069e-05
5.410530999999999535e-01 -2.826743999999999917e-05
5.415522999999999865e-01 -2.885274999999999917e-05
5.420521999999999840e-01 -2.709662999999999945e-05
5.425505999999999940e-01 -3.119414999999999677e-05
5.430483000000000393e-01 -3.002340000000000125e-05
5.435472999999999555e-01 -3.002345000000000136e-05
5.440485000000000460e-01 -3.060885000000000087e-05
5.445467999999999975e-01 -2.885301000000000041e-05
5.450785999999999687e-01 -2.768245999999999855e-05
5.455771000000000370e-01 -2.885289999999999949e-05
5.461091000000000140e-01 -2.768236999999999903e-05
5.466069999999999540e-01 -2.885303999999999912e-05
5.471070000000000100e-01 -2.768211000000000117e-05
5.476050000000000084e-01 -2.885274999999999917e-05
5.481055999999999706e-01 -3.119406999999999795e-05
5.486041000000000389e-01 -3.002354000000000088e-05
5.491046000000000538e-01 -2.651145999999999909e-05
5.495993000000000128e-01 -2.885287000000000078e-05
5.501002000000000391e-01 -2.709674000000000037e-05
5.505965000000000442e-01 -2.826743999999999917e-05
5.510983000000000409e-01 -2.826743999999999917e-05
5.515934999999999588e-01 -2.768196000000000084e-05
5.520926999999999918e-01 -2.768213999999999988e-05
5.525921999999999779e-01 -2.943809000000000126e-05
5.530947000000000502e-01 -3.002340000000000125e-05
5.535946999999999951e-01 -2.885280999999999997e-05
5.540928999999999993e-01 -3.002354000000000088e-05
5.545917999999999681e-01 -2.768220000000000069e-05
5.550922000000000356e-01 -3.002348000000000007e-05
5.555885999999999880e-01 -2.826742000000000116e-05
5.560880000000000267e-01 -2.768211000000000117e-05
5.565870000000000539e-01 -2.651145999999999909e-05
5.570876999999999635e-01 -2.943809000000000126e-05
5.575879000000000252e-01 -2.768213999999999988e-05
5.580821999999999727e-01 -2.417024000000000052e-05
5.585809000000000468e-01 -2.417020999999999842e-05
5.590804999999999803e-01 -2.709685999999999860e-05
5.595792000000000543e-01 -2.885287000000000078e-05
5.600762000000000240e-01 -2.826773999999999983e-05
5.605757000000000101e-01 -2.885293000000000159e-05
5.610770999999999953e-01 -2.534078999999999900e-05
5.616113999999999828e-01 -2.651135000000000156e-05
5.621085000000000109e-01 -2.651151999999999990e-05
5.626096000000000430e-01 -2.592600999999999947e-05
5.631066000000000127e-01 -2.709671000000000166e-05
5.636063000000000045e-01 -2.709685999999999860e-05
5.641022999999999454e-01 -2.709685999999999860e-05
5.646020999999999956e-01 -2.592615999999999980e-05
5.651015000000000343e-01 -2.417009000000000019e-05
5.656035999999999841e-01 -2.534076000000000029e-05
5.661019999999999941e-01 -2.592627000000000072e-05
5.665959999999999885e-01 -2.534093999999999933e-05
5.670946000000000042e-01 -2.534076000000000029e-05
5.675940000000000429e-01 -2.826743999999999917e-05
5.680929000000000118e-01 -2.709685999999999860e-05
5.685905999999999461e-01 -2.826743999999999917e-05
5.690897000000000316e-01 -2.709685999999999860e-05
5.695909000000000111e-01 -2.534084999999999981e-05
5.700889000000000095e-01 -2.651154999999999861e-05
5.705917000000000350e-01 -2.768216999999999859e-05
5.710887999999999520e-01 -2.534078999999999900e-05
5.715907999999999545e-01 -2.475546000000000099e-05
5.720868999999999538e-01 -2.417015000000000100e-05
5.725871000000000155e-01 -2.358486999999999972e-05
5.730847000000000024e-01 -2.651140999999999898e-05
5.735860999999999876e-01 -2.475542999999999890e-05
5.740836999999999746e-01 -2.299953000000000102e-05
5.745858999999999828e-01 -2.534091000000000062e-05
5.751456999999999820e-01 -2.241417000000000092e-05
5.756463000000000552e-01 -2.358473000000000009e-05
5.761422999999999961e-01 -2.651160999999999942e-05
5.766443999999999459e-01 -2.592618999999999851e-05
5.771393000000000217e-01 -2.241422999999999834e-05
5.776409000000000127e-01 -2.475556999999999853e-05
5.781378999999999824e-01 -2.475556999999999853e-05
5.786417000000000366e-01 -2.651154999999999861e-05
5.791368999999999545e-01 -2.651151999999999990e-05
5.796364000000000516e-01 -2.299953000000000102e-05
5.801336000000000270e-01 -2.241419999999999963e-05
5.806360000000000410e-01 -2.358489999999999843e-05
5.811313000000000173e-01 -2.124366999999999917e-05
5.816310000000000091e-01 -2.241422999999999834e-05
5.821300999999999837e-01 -2.124350000000000083e-05
5.826316000000000273e-01 -2.124350000000000083e-05
5.831307999999999492e-01 -2.065828000000000035e-05
5.836253999999999609e-01 -2.299962000000000054e-05
5.841224000000000416e-01 -2.299955999999999973e-05
5.846533999999999898e-01 -2.124372999999999998e-05
5.851568999999999798e-01 -2.182888999999999964e-05
5.856516000000000499e-01 -2.124357999999999965e-05
5.861524000000000179e-01 -2.124352999999999954e-05
5.866521000000000097e-01 -2.358489999999999843e-05
5.871530000000000360e-01 -2.417060999999999930e-05
5.876525999999999694e-01 -2.241446000000000088e-05
5.881509000000000320e-01 -2.241455000000000040e-05
5.886489999999999778e-01 -2.124366999999999917e-05
5.891509999999999803e-01 -2.241417000000000092e-05
5.896472000000000380e-01 -2.007282000000000003e-05
5.901459999999999484e-01 -2.065825000000000164e-05
5.906457999999999986e-01 -2.124357999999999965e-05
5.911478999999999484e-01 -2.124350000000000083e-05
5.916474000000000455e-01 -2.124381999999999950e-05
5.921410000000000284e-01 -1.948781000000000070e-05
5.926396999999999915e-01 -2.124352999999999954e-05
5.931397999999999948e-01 -2.124346999999999873e-05
5.936388999999999694e-01 -2.065813000000000003e-05
5.941355999999999860e-01 -2.124360999999999836e-05
5.946341000000000543e-01 -2.182886000000000093e-05
5.951366000000000156e-01 -2.065835999999999917e-05
5.956348000000000198e-01 -1.948759999999999956e-05
5.961404000000000147e-01 -2.182895000000000045e-05
5.966375000000000428e-01 -1.890223999999999946e-05
5.971378000000000519e-01 -2.124352999999999954e-05
5.976354000000000388e-01 -2.065821999999999955e-05
5.981349000000000249e-01 -1.890217999999999865e-05
5.986321999999999477e-01 -2.241422999999999834e-05
5.991338000000000497e-01 -2.124360999999999836e-05
5.996314999999999840e-01 -2.065828000000000035e-05
6.001659999999999773e-01 -1.890223999999999946e-05
6.006591000000000014e-01 -2.007288000000000084e-05
6.011585000000000401e-01 -1.948752000000000074e-05
6.016576999999999620e-01 -1.831696000000000157e-05
6.021570000000000533e-01 -2.065821999999999955e-05
6.026544000000000345e-01 -1.773156999999999937e-05
6.031528999999999918e-01 -1.831707999999999980e-05
6.036538999999999655e-01 -2.124366999999999917e-05
6.041531999999999458e-01 -2.007299999999999907e-05
6.046553999999999540e-01 -2.007282000000000003e-05
6.051864999999999606e-01 -1.948754999999999945e-05
6.056846000000000174e-01 -1.948754999999999945e-05
6.061855000000000437e-01 -1.773156999999999937e-05
6.066820000000000546e-01 -1.890250000000000071e-05
6.071815999999999880e-01 -1.597576000000000101e-05
6.076806000000000152e-01 -1.831701999999999899e-05
6.082128999999999452e-01 -2.007305999999999988e-05
6.087139999999999773e-01 -1.831707999999999980e-05
6.092090999999999479e-01 -1.831699000000000028e-05
6.097084999999999866e-01 -1.773165000000000158e-05
6.102056999999999620e-01 -1.597562000000000138e-05
6.107080000000000286e-01 -1.890223999999999946e-05
6.112020999999999704e-01 -1.597570000000000020e-05
6.117038000000000197e-01 -1.948758000000000155e-05
6.122024999999999828e-01 -1.773165000000000158e-05
6.127057000000000198e-01 -1.773156999999999937e-05
6.132016000000000133e-01 -1.656088999999999858e-05
6.137002999999999764e-01 -1.597570000000000020e-05
6.141980000000000217e-01 -1.714634999999999890e-05
6.146992000000000012e-01 -1.831701999999999899e-05
6.151946000000000359e-01 -1.597572999999999891e-05
6.156943999999999750e-01 -1.890223999999999946e-05
6.161931000000000491e-01 -1.831710999999999851e-05
6.166949999999999932e-01 -1.539027999999999929e-05
6.171953000000000022e-01 -1.656107000000000100e-05
6.176882999999999679e-01 -1.539050999999999844e-05
6.181868000000000363e-01 -1.714640999999999971e-05
6.186867999999999812e-01 -1.480515000000000003e-05
6.191845999999999739e-01 -1.831710999999999851e-05
6.196827999999999781e-01 -1.597572999999999891e-05
6.201820999999999584e-01 -1.539025000000000058e-05
6.206840000000000135e-01 -1.597572999999999891e-05
6.211818000000000062e-01 -1.656088999999999858e-05
6.216840999999999617e-01 -1.714625999999999938e-05
6.221807999999999783e-01 -1.656098000000000148e-05
6.226821999999999635e-01 -1.714619999999999857e-05
6.232149999999999634e-01 -1.480491000000000019e-05
6.237112000000000211e-01 -1.597570000000000020e-05
6.242111000000000187e-01 -1.363420999999999969e-05
6.247095999999999760e-01 -1.480499999999999971e-05
6.252123000000000541e-01 -1.480508999999999923e-05
6.257110999999999645e-01 -1.714634999999999890e-05
6.262037000000000297e-01 -1.480496999999999930e-05
6.267032999999999632e-01 -1.421963999999999960e-05
6.272033000000000191e-01 -1.363439000000000042e-05
6.277013999999999649e-01 -1.480503000000000011e-05
6.281997999999999749e-01 -1.539027999999999929e-05
6.286985999999999963e-01 -1.539040000000000091e-05
6.292006999999999461e-01 -1.539025000000000058e-05
6.296988999999999503e-01 -1.773179999999999852e-05
6.301984000000000474e-01 -1.421975000000000052e-05
6.306958000000000286e-01 -1.480508999999999923e-05
6.311957999999999736e-01 -1.539047999999999973e-05
6.316933000000000131e-01 -1.539060000000000135e-05
6.321930999999999523e-01 -1.480521000000000084e-05
6.326907000000000503e-01 -1.480511999999999963e-05
6.331930999999999532e-01 -1.656103999999999891e-05
6.336901000000000339e-01 -1.246372000000000033e-05
6.341906999999999961e-01 -1.773179999999999852e-05
6.346840999999999733e-01 -1.363442000000000083e-05
6.352508999999999517e-01 -1.304901999999999962e-05
6.357487000000000554e-01 -1.304894000000000080e-05
6.362506999999999469e-01 -1.363432999999999961e-05
6.367445999999999939e-01 -1.421977999999999923e-05
6.372451999999999561e-01 -1.421975000000000052e-05
6.377431999999999546e-01 -1.304916999999999995e-05
6.382472999999999619e-01 -1.246363000000000081e-05
6.387469999999999537e-01 -1.187834999999999953e-05
6.392451999999999579e-01 -1.480499999999999971e-05
6.397429999999999506e-01 -9.537034000000000006e-06
6.402444999999999942e-01 -1.187822999999999960e-05
6.407407000000000519e-01 -1.304901999999999962e-05
6.412398000000000264e-01 -1.070767999999999944e-05
6.417395000000000183e-01 -1.187837999999999993e-05
6.422407999999999451e-01 -1.304920000000000036e-05
6.427399999999999780e-01 -1.421975000000000052e-05
6.432347000000000481e-01 -1.129301000000000083e-05
6.437338999999999700e-01 -8.951755999999999204e-06
6.442326000000000441e-01 -1.129306999999999994e-05
6.447319000000000244e-01 -1.070767999999999944e-05
6.452291999999999472e-01 -7.781142000000000657e-06
6.457281999999999744e-01 -9.537005000000000688e-06
6.462309999999999999e-01 -1.129301000000000083e-05
6.467650999999999817e-01 -1.304901999999999962e-05
6.472592000000000345e-01 -9.537062999999999324e-06
6.477578000000000502e-01 -9.537034000000000006e-06
6.482550000000000257e-01 -1.129303999999999954e-05
6.487557999999999936e-01 -9.537441999999999410e-06
6.492527000000000159e-01 -9.537062999999999324e-06
6.497528999999999666e-01 -8.366419999999999765e-06
6.502518999999999938e-01 -7.781084000000000327e-06
6.507538999999999962e-01 -7.195689000000000318e-06
6.512529000000000234e-01 -9.537062999999999324e-06
6.517469999999999652e-01 -7.781054999999999314e-06
6.522445999999999522e-01 -9.537209000000000390e-06
6.527435999999999794e-01 -6.610556999999999734e-06
6.532424999999999482e-01 -8.951902000000000269e-06
6.537401999999999935e-01 -9.537122000000000741e-06
6.542381999999999920e-01 -1.012280999999999973e-05
6.547403000000000528e-01 -9.537324999999999357e-06
6.552398999999999862e-01 -7.195979999999999669e-06
6.557414000000000298e-01 -8.366768999999999446e-06
6.562384999999999469e-01 -8.366564999999999744e-06
6.567397000000000373e-01 -8.951872999999999257e-06
6.572362999999999955e-01 -9.537354000000000369e-06
6.577370999999999635e-01 -7.195746999999999801e-06
6.582352000000000203e-01 -7.780937999999999261e-06
6.587366000000000055e-01 -7.195893000000000020e-06
6.592329000000000105e-01 -7.196037999999999999e-06
6.597349999999999604e-01 -4.854519000000000167e-06
6.602274000000000198e-01 -8.366564999999999744e-06
6.607298000000000338e-01 -5.439797000000000122e-06
6.612247999999999459e-01 -8.366653000000000479e-06
6.617267999999999484e-01 -8.366478000000000096e-06
6.622575000000000545e-01 -7.195863999999999855e-06
6.627568999999999821e-01 -6.025133000000000408e-06
6.632584999999999731e-01 -5.439826000000000287e-06
6.637568000000000357e-01 -4.269241000000000211e-06
6.642563000000000217e-01 -6.025249999999999614e-06
6.647530000000000383e-01 -4.269327999999999860e-06
6.652852000000000210e-01 -4.269241000000000211e-06
6.657874000000000292e-01 -4.269124000000000158e-06
6.662829999999999586e-01 -6.025366000000000275e-06
6.667826999999999504e-01 -3.683817000000000038e-06
6.672818999999999834e-01 -7.195689000000000318e-06
6.677830999999999628e-01 -4.269153999999999716e-06
6.682827000000000073e-01 -6.025133000000000408e-06
6.687767999999999491e-01 -4.854519000000000167e-06
6.692740000000000355e-01 -4.269327999999999860e-06
6.698062999999999656e-01 -1.927691999999999974e-06
6.703073999999999977e-01 -3.098539000000000082e-06
6.708028999999999797e-01 -1.342705000000000005e-06
6.713040000000000118e-01 2.169487000000000003e-06
6.718024999999999691e-01 -3.098567999999999824e-06
6.723050999999999888e-01 -1.927924999999999841e-06
6.728049999999999864e-01 -2.513144999999999890e-06
6.733036999999999495e-01 -7.573399000000000383e-07
6.738009000000000359e-01 -1.927838000000000193e-06
6.743015999999999455e-01 -2.513349000000000015e-06
6.747984000000000204e-01 -2.513289999999999869e-06
6.752974999999999950e-01 -1.927954000000000007e-06
6.757969000000000337e-01 -1.719162999999999921e-07
6.763002999999999654e-01 -3.683962999999999833e-06
6.767980999999999581e-01 -3.098714000000000043e-06
6.772926000000000224e-01 -1.927924999999999841e-06
6.777904999999999625e-01 -7.573981000000000355e-07
6.782915000000000472e-01 5.096080999999999905e-06
6.787887000000000226e-01 -1.342560000000000026e-06
6.792884000000000144e-01 2.754822999999999865e-06
6.797843999999999554e-01 -1.720618000000000115e-07
6.802869000000000277e-01 9.987852999999999035e-07
6.807851999999999792e-01 4.134490000000000119e-07
6.812840000000000007e-01 9.987852999999999035e-07
6.817820999999999465e-01 -1.717998999999999977e-07
6.822831000000000312e-01 2.754735999999999793e-06
6.827796000000000420e-01 9.987561000000000716e-07
6.832785000000000108e-01 1.583975999999999969e-06
6.837767999999999624e-01 1.584120999999999948e-06
6.842791000000000290e-01 2.169369999999999950e-06
6.847748999999999642e-01 9.986979000000000744e-07
6.853128000000000553e-01 2.169516000000000168e-06
6.858041999999999749e-01 9.987561000000000716e-07
6.863027999999999906e-01 3.340072000000000079e-06
6.868022000000000293e-01 5.096023000000000421e-06
6.873006999999999866e-01 4.133326000000000175e-07
6.877978000000000147e-01 2.169107999999999917e-06
6.882991000000000525e-01 3.925407999999999941e-06
6.887982999999999745e-01 2.754502999999999926e-06
6.892975000000000074e-01 3.339955999999999841e-06
6.897995000000000099e-01 9.986105999999999728e-07
6.902970999999999968e-01 3.340014000000000172e-06
6.907972000000000001e-01 3.340072000000000079e-06
6.912947999999999871e-01 9.985233000000000829e-07
6.917936999999999559e-01 2.169341000000000208e-06
6.922926000000000357e-01 5.096080999999999905e-06
6.927957999999999616e-01 5.095963999999999851e-06
6.932914999999999495e-01 4.510540999999999917e-06
6.937940000000000218e-01 6.851885999999999605e-06
6.942876999999999521e-01 6.852059999999999749e-06
6.947870999999999908e-01 5.095906000000000368e-06
6.953498999999999652e-01 6.266403999999999948e-06
6.958528999999999964e-01 5.681241999999999807e-06
6.963477999999999613e-01 6.266695000000000146e-06
6.968490000000000517e-01 5.681446000000000356e-06
6.973462999999999745e-01 6.851885999999999605e-06
6.978514000000000106e-01 8.022820000000000209e-06
6.983473999999999515e-01 6.266695000000000146e-06
6.988453999999999500e-01 5.095818999999999872e-06
6.993433000000000010e-01 6.266636999999999815e-06
6.998450999999999977e-01 6.852205999999999968e-06
7.003407999999999856e-01 6.852059999999999749e-06
7.008398999999999601e-01 6.852059999999999749e-06
7.013380999999999643e-01 6.266607999999999650e-06
7.018402999999999725e-01 7.437397000000000275e-06
7.023401999999999701e-01 6.266636999999999815e-06
7.028330000000000410e-01 8.022558000000000177e-06
7.033321999999999630e-01 6.266695000000000146e-06
7.038326999999999778e-01 6.266665999999999980e-06
7.043304000000000231e-01 5.681301000000000376e-06
7.048276999999999459e-01 8.608010999999999668e-06
7.053268999999999789e-01 8.022790999999999197e-06
7.058284999999999698e-01 8.608097999999999317e-06
7.063260000000000094e-01 6.266433000000000113e-06
7.068286000000000291e-01 8.607924000000000020e-06
7.073262999999999634e-01 1.036387000000000044e-05
7.078269999999999840e-01 8.022558000000000177e-06
7.083593999999999724e-01 9.193259999999999458e-06
7.088552999999999660e-01 9.193259999999999458e-06
7.093553999999999693e-01 8.608010999999999668e-06
7.098539999999999850e-01 8.607690999999999306e-06
7.103572000000000219e-01 1.153449000000000042e-05
7.108571000000000195e-01 9.778683000000000240e-06
7.113496999999999737e-01 6.266548999999999927e-06
7.118478000000000305e-01 9.193172000000000417e-06
7.123473000000000166e-01 8.607720000000000318e-06
7.128463999999999912e-01 1.094904000000000080e-05
7.133437999999999723e-01 1.446119999999999971e-05
7.138438000000000283e-01 9.778596000000000591e-06
7.143458000000000307e-01 1.211982000000000012e-05
7.148442000000000407e-01 1.211990999999999964e-05
7.153435000000000210e-01 1.270525000000000003e-05
7.158390000000000031e-01 9.193085000000000769e-06
7.163401000000000352e-01 1.329047000000000050e-05
7.168368000000000517e-01 1.094926999999999995e-05
7.173367000000000493e-01 8.022733000000000560e-06
7.178343999999999836e-01 1.036399000000000036e-05
7.183367000000000502e-01 1.036360999999999919e-05
7.188324000000000380e-01 1.329044000000000010e-05
7.193357000000000223e-01 1.211997000000000044e-05
7.198282000000000291e-01 1.211990999999999964e-05
7.203285000000000382e-01 1.211982000000000012e-05
7.208246000000000375e-01 1.036387000000000044e-05
7.213254999999999528e-01 1.329052999999999962e-05
7.218221000000000220e-01 9.778508999999999248e-06
7.223239000000000187e-01 1.036402000000000076e-05
7.228210999999999942e-01 1.270516000000000051e-05
7.233212999999999449e-01 1.270504000000000059e-05
7.238560000000000549e-01 1.211949999999999975e-05
7.243547000000000180e-01 1.446107999999999979e-05
7.248558999999999974e-01 1.504662000000000062e-05
7.253870000000000040e-01 1.211965000000000008e-05
7.258841999999999794e-01 1.387585999999999931e-05
7.263830999999999483e-01 1.387559999999999976e-05
7.268835999999999631e-01 1.211997000000000044e-05
7.273857000000000239e-01 1.446104999999999938e-05
7.278852999999999573e-01 1.270525000000000003e-05
7.283779999999999699e-01 1.329052999999999962e-05
7.288767000000000440e-01 1.387585999999999931e-05
7.293764000000000358e-01 1.329064000000000054e-05
7.298757999999999635e-01 1.270525000000000003e-05
7.303733999999999504e-01 1.680262999999999942e-05
7.308721999999999719e-01 1.504635999999999937e-05
7.313741000000000270e-01 1.329044000000000010e-05
7.319082999999999561e-01 1.329047000000000050e-05
7.324108999999999758e-01 1.211985000000000052e-05
7.329094000000000442e-01 1.504647999999999930e-05
7.334066999999999670e-01 1.504659000000000022e-05
7.339084000000000163e-01 1.504667999999999974e-05
7.344041000000000041e-01 1.329057999999999973e-05
7.349025999999999614e-01 1.738784999999999989e-05
7.354022000000000059e-01 1.563180999999999899e-05
7.359037000000000495e-01 1.387585999999999931e-05
7.364038000000000528e-01 1.797298000000000084e-05
7.368976000000000415e-01 1.914385999999999868e-05
7.373958999999999930e-01 1.738784999999999989e-05
7.378953000000000317e-01 1.621709000000000028e-05
7.383922000000000541e-01 1.446078999999999983e-05
7.388907999999999587e-01 1.563175000000000157e-05
7.393893999999999744e-01 1.621682999999999903e-05
7.398922999999999472e-01 1.680251000000000119e-05
7.403899999999999926e-01 1.563170000000000146e-05
7.408936000000000410e-01 1.797329999999999951e-05
7.413901999999999992e-01 1.621724000000000060e-05
7.418915999999999844e-01 1.797313000000000117e-05
7.423880999999999952e-01 1.797307000000000036e-05
7.428875999999999813e-01 1.855858000000000079e-05
7.433853000000000266e-01 1.797318999999999859e-05
7.438871999999999707e-01 1.738776000000000037e-05
7.443836000000000341e-01 1.680237000000000156e-05
7.448852000000000251e-01 1.738776000000000037e-05
7.453781000000000434e-01 1.738771000000000026e-05
7.458803999999999990e-01 1.914380000000000126e-05
7.463765999999999456e-01 2.148528999999999839e-05
7.469099999999999628e-01 2.148509000000000134e-05
7.474075000000000024e-01 1.972901999999999835e-05
7.479071999999999942e-01 1.797307000000000036e-05
7.484083000000000263e-01 1.914380000000000126e-05
7.489071000000000478e-01 1.972901999999999835e-05
7.494062000000000223e-01 1.972913999999999996e-05
7.499025000000000274e-01 1.972913999999999996e-05
7.504039999999999599e-01 2.207050999999999886e-05
7.509010000000000407e-01 2.207050999999999886e-05
7.514009000000000382e-01 2.031442000000000124e-05
7.518976000000000548e-01 2.148509000000000134e-05
7.524011999999999922e-01 1.914380000000000126e-05
7.528970000000000384e-01 1.738784999999999989e-05
7.533992999999999940e-01 2.089978000000000135e-05
7.538907000000000247e-01 2.031447000000000135e-05
7.543929999999999803e-01 2.148496999999999972e-05
7.548875999999999920e-01 2.265558999999999970e-05
7.554581000000000213e-01 2.265594000000000047e-05
7.559512000000000453e-01 2.207040000000000133e-05
7.564524999999999721e-01 2.148509000000000134e-05
7.569502999999999648e-01 2.265558999999999970e-05
7.574547999999999837e-01 2.031409999999999919e-05
7.579538000000000109e-01 2.324074999999999936e-05
7.584522000000000208e-01 2.382619999999999899e-05
7.589500000000000135e-01 2.207025000000000100e-05
7.594516000000000044e-01 2.382652000000000104e-05
7.599470999999999865e-01 2.499695999999999860e-05
7.604461000000000137e-01 2.499670000000000074e-05
7.609455999999999998e-01 2.324092000000000109e-05
7.614482000000000195e-01 2.382634999999999931e-05
7.619481999999999644e-01 2.499670000000000074e-05
7.624406999999999712e-01 2.558223999999999988e-05
7.629405999999999688e-01 2.265585000000000095e-05
7.634400000000000075e-01 2.499708000000000022e-05
7.639388000000000289e-01 2.441168000000000071e-05
7.644364999999999633e-01 2.733833000000000088e-05
7.649361999999999551e-01 2.382634999999999931e-05
7.654381999999999575e-01 2.382639999999999942e-05
7.659365999999999675e-01 2.616768999999999950e-05
7.664362999999999593e-01 2.441174000000000151e-05
7.669331000000000342e-01 2.499708000000000022e-05
7.674338000000000548e-01 2.441161999999999990e-05
7.679302999999999546e-01 2.441161999999999990e-05
7.684301999999999522e-01 2.733833000000000088e-05
7.689268999999999687e-01 2.499676000000000155e-05
7.694309000000000287e-01 2.733824999999999867e-05
7.699276000000000453e-01 2.733833000000000088e-05
7.704615999999999687e-01 2.558208999999999955e-05
7.709551999999999516e-01 2.441126999999999913e-05
7.714539000000000257e-01 2.733839000000000169e-05
7.719532000000000060e-01 2.675290999999999997e-05
7.724524000000000390e-01 2.675284999999999916e-05
7.729498000000000202e-01 2.792351999999999926e-05
7.734478000000000186e-01 2.499681000000000166e-05
7.739504999999999857e-01 2.675278999999999835e-05
7.744484999999999841e-01 2.733833000000000088e-05
7.749511999999999512e-01 2.792379000000000120e-05
7.754480000000000262e-01 2.792366999999999958e-05
7.759481000000000295e-01 2.733824999999999867e-05
7.764446000000000403e-01 2.733833000000000088e-05
7.769451000000000551e-01 2.909442999999999920e-05
7.774421999999999722e-01 2.792360999999999877e-05
7.779458999999999680e-01 2.675306000000000030e-05
7.784425000000000372e-01 3.085028999999999766e-05
7.789437000000000166e-01 2.792340999999999834e-05
7.794358999999999593e-01 2.967949999999999934e-05
7.799378999999999618e-01 2.967944999999999923e-05
7.804337999999999553e-01 3.202099000000000324e-05
7.809371999999999980e-01 2.967944999999999923e-05
7.814322999999999686e-01 3.085028999999999766e-05
7.819348000000000409e-01 3.026495999999999966e-05
7.824301999999999646e-01 3.026464000000000099e-05
7.829315999999999498e-01 2.909391000000000009e-05
7.834299999999999597e-01 3.085023000000000024e-05
7.839315999999999507e-01 3.202088000000000232e-05
7.844263999999999681e-01 3.026469000000000110e-05
7.849270000000000413e-01 3.319154999999999903e-05
7.854896000000000100e-01 3.085006000000000190e-05
7.859905000000000364e-01 3.143565999999999846e-05
7.864906000000000397e-01 3.260638999999999936e-05
7.869920000000000249e-01 3.202099000000000324e-05
7.874906999999999879e-01 3.260633000000000194e-05
7.879831000000000474e-01 3.143551000000000152e-05
7.884822000000000219e-01 3.143560000000000104e-05
7.889825999999999784e-01 3.553304000000000293e-05
7.894799999999999596e-01 3.202099000000000324e-05
7.899791999999999925e-01 3.202088000000000232e-05
7.904769999999999852e-01 3.377688999999999773e-05
7.909793000000000518e-01 3.494769999999999745e-05
7.914763000000000215e-01 3.202088000000000232e-05
7.919793000000000527e-01 3.202088000000000232e-05
7.924754000000000520e-01 3.143556999999999894e-05
7.929777999999999549e-01 3.202093999999999974e-05
7.935084999999999500e-01 3.260618999999999893e-05
7.940055999999999781e-01 3.085023000000000024e-05
7.945050999999999641e-01 3.494743999999999959e-05
7.950042000000000497e-01 3.260606999999999731e-05
7.955071000000000225e-01 3.377668000000000337e-05
7.960068999999999617e-01 3.670307000000000230e-05
7.964995999999999743e-01 3.611817000000000049e-05
7.969985000000000541e-01 3.494756000000000121e-05
7.974982000000000459e-01 3.202085000000000022e-05
7.979969000000000090e-01 3.553284000000000249e-05
7.984940000000000371e-01 3.494736000000000077e-05
7.989946999999999466e-01 3.494743999999999959e-05
7.994963999999999960e-01 3.611811999999999700e-05
7.999948999999999533e-01 3.553292000000000131e-05
