9.999352999999999714e-02 1.907634999999999905e-05
1.024883000000000044e-01 2.058472999999999832e-05
1.050167000000000045e-01 2.223927000000000027e-05
1.075419999999999987e-01 2.401073999999999976e-05
1.100375999999999993e-01 2.585820999999999988e-05
1.125350999999999990e-01 2.782847000000000090e-05
1.150927000000000061e-01 2.995070000000000108e-05
1.175869999999999971e-01 3.217233999999999968e-05
1.200898999999999994e-01 3.451679000000000059e-05
1.225828999999999946e-01 3.698398000000000229e-05
1.251440000000000052e-01 3.967336000000000262e-05
1.276405999999999930e-01 4.239779000000000188e-05
1.301356999999999930e-01 4.532101000000000266e-05
1.326286000000000131e-01 4.834946999999999975e-05
1.351901000000000075e-01 5.162932999999999921e-05
1.376856999999999942e-01 5.500855999999999769e-05
1.401808999999999972e-01 5.854566000000000148e-05
1.426713000000000009e-01 6.223477000000000045e-05
1.452367999999999992e-01 6.621034000000000142e-05
1.477310000000000012e-01 7.023266000000000665e-05
1.502233000000000041e-01 7.446548000000000587e-05
1.527517999999999931e-01 7.894385999999999873e-05
1.552806999999999937e-01 8.359764999999999742e-05
1.577733000000000052e-01 8.838002000000000564e-05
1.603003000000000067e-01 9.340206000000000203e-05
1.627996999999999916e-01 9.858792000000000662e-05
1.653273000000000104e-01 1.040602000000000036e-04
1.678534999999999888e-01 1.096960999999999948e-04
1.703462000000000032e-01 1.154723999999999958e-04
1.728419999999999956e-01 1.214357999999999936e-04
1.754004000000000119e-01 1.277909000000000033e-04
1.778952000000000033e-01 1.341868000000000075e-04
1.803926999999999892e-01 1.408051000000000116e-04
1.828887999999999903e-01 1.476628999999999919e-04
1.854445999999999872e-01 1.548657000000000104e-04
1.879472000000000087e-01 1.621853999999999939e-04
1.904415000000000135e-01 1.696571999999999924e-04
1.929346000000000116e-01 1.773452999999999976e-04
1.954963999999999869e-01 1.855009999999999981e-04
1.979937999999999976e-01 1.936860999999999954e-04
2.004874000000000100e-01 2.020698999999999879e-04
2.029809999999999948e-01 2.106991999999999969e-04
2.055431000000000064e-01 2.197787000000000037e-04
2.080374999999999863e-01 2.288581000000000035e-04
2.105306999999999873e-01 2.381715000000000015e-04
2.130279999999999951e-01 2.477245999999999897e-04
2.155876999999999932e-01 2.577688000000000180e-04
2.180816999999999894e-01 2.677781000000000172e-04
2.205747000000000124e-01 2.780325999999999848e-04
2.231058999999999959e-01 2.886672999999999865e-04
2.256295000000000106e-01 2.995240999999999941e-04
2.281254000000000060e-01 3.105213000000000114e-04
2.306566999999999923e-01 3.218925999999999884e-04
2.331505000000000105e-01 3.333106000000000068e-04
2.356766000000000139e-01 3.451556000000000264e-04
2.382052000000000058e-01 3.572693999999999848e-04
2.406989999999999963e-01 3.694007999999999819e-04
2.431907000000000096e-01 3.818068999999999782e-04
2.457523000000000069e-01 3.947916999999999898e-04
2.482497999999999927e-01 4.077358000000000002e-04
2.507445999999999842e-01 4.208727999999999797e-04
2.532362000000000224e-01 4.342436999999999773e-04
2.557958000000000176e-01 4.482282999999999992e-04
2.582902000000000253e-01 4.620901999999999757e-04
2.607829999999999870e-01 4.761799999999999844e-04
2.632782000000000178e-01 4.905565000000000186e-04
2.658443999999999807e-01 5.055934999999999900e-04
2.683338000000000112e-01 5.204200999999999879e-04
2.708286999999999778e-01 5.355331999999999974e-04
2.733244000000000229e-01 5.508798999999999771e-04
2.758849999999999913e-01 5.669110000000000208e-04
2.783771999999999913e-01 5.827312999999999547e-04
2.808778000000000108e-01 5.988850999999999897e-04
2.834027000000000074e-01 6.153954000000000542e-04
2.859302000000000232e-01 6.321980999999999738e-04
2.884231999999999907e-01 6.490183000000000063e-04
2.909539999999999904e-01 6.663354999999999495e-04
2.934486000000000039e-01 6.836585000000000275e-04
2.959731999999999918e-01 7.014550999999999512e-04
2.985049000000000174e-01 7.195322000000000089e-04
3.010000999999999927e-01 7.376035000000000404e-04
3.034918999999999811e-01 7.559141999999999598e-04
3.060211999999999932e-01 7.747108000000000163e-04
3.085479999999999889e-01 7.937466000000000009e-04
3.110377999999999754e-01 8.127590000000000292e-04
3.135352000000000139e-01 8.320819000000000132e-04
3.160973000000000255e-01 8.521521000000000434e-04
3.185935999999999768e-01 8.719835999999999906e-04
3.210855000000000237e-01 8.919960000000000432e-04
3.235883999999999983e-01 9.123300999999999676e-04
3.261470000000000202e-01 9.333596000000000210e-04
3.286425000000000041e-01 9.541318999999999712e-04
3.311344999999999983e-01 9.751205999999999893e-04
3.336333000000000215e-01 9.964423000000000464e-04
3.361963000000000035e-01 1.018489999999999934e-03
3.386859999999999871e-01 1.040186000000000019e-03
3.411813000000000207e-01 1.062180000000000025e-03
3.436777999999999778e-01 1.084408000000000030e-03
3.462345000000000006e-01 1.107513000000000074e-03
3.487312000000000189e-01 1.130214999999999952e-03
3.512257999999999769e-01 1.153209000000000092e-03
3.537525000000000253e-01 1.176710999999999990e-03
3.562795000000000267e-01 1.200419000000000095e-03
3.587775999999999743e-01 1.224173000000000058e-03
3.613041000000000169e-01 1.248411999999999959e-03
3.637968999999999786e-01 1.272593000000000031e-03
3.663274000000000252e-01 1.297357999999999975e-03
3.688540000000000152e-01 1.322341000000000098e-03
3.713498000000000077e-01 1.347234000000000105e-03
3.738432999999999895e-01 1.372390999999999932e-03
3.764060000000000183e-01 1.398502000000000035e-03
3.788948999999999789e-01 1.424062000000000027e-03
3.813898000000000010e-01 1.449909000000000094e-03
3.838881000000000099e-01 1.476048999999999894e-03
3.864491999999999927e-01 1.503112000000000024e-03
3.889433999999999947e-01 1.529718999999999914e-03
3.914383000000000168e-01 1.556531000000000104e-03
3.939282000000000061e-01 1.583500000000000055e-03
3.964882000000000128e-01 1.611528000000000092e-03
3.989842000000000111e-01 1.639087999999999917e-03
4.014807000000000237e-01 1.666928999999999937e-03
4.039771999999999808e-01 1.694951000000000096e-03
4.065336999999999978e-01 1.723878000000000086e-03
4.090295999999999932e-01 1.752363000000000054e-03
4.115245000000000153e-01 1.781070000000000049e-03
4.140155999999999836e-01 1.809974000000000001e-03
4.165793999999999886e-01 1.839937000000000039e-03
4.190764000000000156e-01 1.869344999999999904e-03
4.215679999999999983e-01 1.898921000000000029e-03
4.240949999999999998e-01 1.929165000000000046e-03
4.266267999999999727e-01 1.959776999999999787e-03
4.291176999999999908e-01 1.990032000000000086e-03
4.316448999999999980e-01 2.020960000000000031e-03
4.341469000000000023e-01 2.051804999999999862e-03
4.366705000000000170e-01 2.083176999999999859e-03
4.391976000000000213e-01 2.114847999999999902e-03
4.416900000000000270e-01 2.146247999999999906e-03
4.441853000000000051e-01 2.177960000000000052e-03
4.467467999999999995e-01 2.210775999999999800e-03
4.492371000000000003e-01 2.242908000000000054e-03
4.517362999999999795e-01 2.275319999999999947e-03
4.542314000000000074e-01 2.307967000000000178e-03
4.567888999999999977e-01 2.341619000000000079e-03
4.592864999999999864e-01 2.374732999999999965e-03
4.617877000000000232e-01 2.408102999999999980e-03
4.642770999999999981e-01 2.441580999999999960e-03
4.668376000000000192e-01 2.476186000000000012e-03
4.693371000000000071e-01 2.510235999999999891e-03
4.718304999999999860e-01 2.544385000000000136e-03
4.743260999999999727e-01 2.578781000000000042e-03
4.768856000000000206e-01 2.614296999999999802e-03
4.793805999999999901e-01 2.649124000000000097e-03
4.818701000000000234e-01 2.684109000000000061e-03
4.843991000000000269e-01 2.719847999999999971e-03
4.869303999999999855e-01 2.755885000000000019e-03
4.894281999999999799e-01 2.791595000000000014e-03
4.919497999999999927e-01 2.827919999999999826e-03
4.944462000000000024e-01 2.864085000000000155e-03
4.969741999999999771e-01 2.900859999999999897e-03
4.994995999999999881e-01 2.937879999999999919e-03
5.019976000000000438e-01 2.974665000000000035e-03
5.044910000000000228e-01 3.011661000000000112e-03
5.070183000000000328e-01 3.049392000000000161e-03
5.095454000000000372e-01 3.087289000000000005e-03
5.120411999999999741e-01 3.124894999999999930e-03
5.145353000000000288e-01 3.162668999999999897e-03
5.170964000000000116e-01 3.201739999999999794e-03
5.195912999999999782e-01 3.240017999999999891e-03
5.220856000000000385e-01 3.278462000000000216e-03
5.245786999999999534e-01 3.317072999999999810e-03
5.271409999999999707e-01 3.356992000000000049e-03
5.296340999999999966e-01 3.396070000000000165e-03
5.321264999999999468e-01 3.435328000000000079e-03
5.346191000000000138e-01 3.474751999999999789e-03
5.371863000000000055e-01 3.515630000000000057e-03
5.396788999999999614e-01 3.555514000000000070e-03
5.421749000000000152e-01 3.595707999999999977e-03
5.446687000000000056e-01 3.636002000000000157e-03
5.472282000000000535e-01 3.677609999999999994e-03
5.497195000000000276e-01 3.718214000000000068e-03
5.522152999999999645e-01 3.759190999999999835e-03
5.547452999999999967e-01 3.800922999999999888e-03
5.572740999999999945e-01 3.842800999999999856e-03
5.597661000000000442e-01 3.884299999999999819e-03
5.622951000000000477e-01 3.926607999999999835e-03
5.647908000000000373e-01 3.968524000000000183e-03
5.673156999999999783e-01 4.011154999999999755e-03
5.698453999999999464e-01 4.054079999999999837e-03
5.723409000000000413e-01 4.096573000000000055e-03
5.748337000000000030e-01 4.139257999999999826e-03
5.773930999999999925e-01 4.183280999999999632e-03
5.798908000000000396e-01 4.226385000000000038e-03
5.823817999999999495e-01 4.269595999999999635e-03
5.848767000000000271e-01 4.313136000000000400e-03
5.874413000000000551e-01 4.358004999999999865e-03
5.899339000000000111e-01 4.401842999999999902e-03
5.924255999999999966e-01 4.445888000000000270e-03
5.949221000000000092e-01 4.490176000000000237e-03
5.974899000000000182e-01 4.535866000000000377e-03
5.999849999999999905e-01 4.580545000000000103e-03
