1.500062000000000006e+00 -3.176264000000000257e-05
1.506639999999999979e+00 -3.000656999999999958e-05
1.512359000000000009e+00 -3.000650999999999877e-05
1.519090999999999969e+00 -3.117729999999999709e-05
1.525090000000000057e+00 -3.351897000000000004e-05
1.531473000000000084e+00 -3.234806000000000010e-05
1.537606000000000028e+00 -3.059187999999999957e-05
1.543882999999999894e+00 -3.234802999999999800e-05
1.549930999999999948e+00 -3.059187999999999957e-05
1.556654999999999900e+00 -2.883578000000000126e-05
1.562696000000000085e+00 -3.059204999999999791e-05
1.568969000000000058e+00 -3.176266999999999790e-05
1.575091999999999937e+00 -2.942103000000000044e-05
1.581482000000000054e+00 -2.942111999999999996e-05
1.587480999999999920e+00 -2.942118000000000077e-05
1.593863000000000030e+00 -2.883602000000000111e-05
1.600557999999999925e+00 -2.883589999999999949e-05
1.606592000000000020e+00 -2.883580999999999997e-05
1.612973999999999908e+00 -2.825051000000000068e-05
1.619004000000000110e+00 -2.942129999999999900e-05
1.625401000000000096e+00 -2.883575999999999986e-05
1.631467000000000001e+00 -2.707962999999999945e-05
1.638112999999999930e+00 -2.883589999999999949e-05
1.644271999999999956e+00 -2.590913000000000108e-05
1.650606999999999935e+00 -2.590928000000000141e-05
1.656617999999999924e+00 -2.532397000000000142e-05
1.662997000000000059e+00 -2.298244999999999881e-05
1.669100999999999946e+00 -2.064096000000000168e-05
1.675378999999999952e+00 -1.829952999999999859e-05
1.681430999999999898e+00 -1.303126999999999966e-05
1.688126000000000015e+00 -1.361674999999999969e-05
1.694185000000000052e+00 -6.592600000000000204e-06
1.700536999999999965e+00 -1.536973000000000061e-07
1.706922000000000050e+00 6.285089000000000092e-06
1.712944999999999940e+00 1.389465999999999988e-05
1.719654999999999934e+00 2.326030999999999889e-05
1.725362999999999980e+00 3.496741000000000069e-05
1.732077000000000089e+00 5.194251000000000017e-05
1.738108999999999904e+00 6.774710999999999450e-05
1.744480000000000031e+00 8.413693000000000625e-05
1.750517000000000101e+00 1.046241999999999935e-04
1.756891999999999898e+00 1.292088999999999955e-04
1.762901999999999969e+00 1.578911999999999970e-04
1.769622000000000028e+00 1.935973999999999974e-04
1.775652999999999926e+00 2.293039999999999987e-04
1.782018000000000102e+00 2.732050999999999772e-04
1.788065000000000015e+00 3.235458000000000084e-04
1.794437999999999978e+00 3.809104999999999913e-04
1.801158999999999955e+00 4.546643999999999968e-04
1.806888999999999967e+00 5.243213000000000040e-04
1.813592000000000093e+00 6.226607000000000539e-04
1.819638000000000089e+00 7.256820999999999888e-04
1.825992999999999977e+00 8.474355999999999946e-04
1.832030999999999965e+00 9.855783999999998945e-04
1.838408999999999960e+00 1.151232999999999987e-03
1.844467999999999996e+00 1.329766000000000021e-03
1.851137999999999950e+00 1.547516999999999990e-03
1.857172999999999963e+00 1.771706000000000062e-03
1.863552000000000097e+00 2.030431000000000076e-03
1.869575999999999905e+00 2.302620999999999921e-03
1.875958000000000014e+00 2.612271000000000211e-03
1.881993999999999945e+00 2.935969999999999986e-03
1.888430000000000053e+00 3.307669999999999968e-03
1.894468000000000041e+00 3.677610999999999901e-03
1.901178999999999952e+00 4.118964999999999606e-03
1.907566000000000095e+00 4.569102999999999706e-03
1.913586999999999927e+00 5.016895999999999856e-03
1.919977000000000045e+00 5.513859999999999768e-03
1.926012000000000057e+00 6.014919999999999989e-03
1.932684000000000069e+00 6.588565999999999694e-03
1.938395000000000090e+00 7.107188000000000394e-03
1.945097000000000076e+00 7.731173000000000038e-03
1.951151999999999997e+00 8.323544000000000428e-03
1.957516000000000034e+00 8.966850000000000168e-03
1.963551999999999964e+00 9.599612000000000422e-03
1.969934999999999992e+00 1.028915000000000038e-02
1.976004000000000094e+00 1.096347999999999941e-02
1.982709000000000055e+00 1.173498000000000076e-02
1.988753999999999911e+00 1.245202999999999935e-02
1.995141000000000053e+00 1.322763000000000064e-02
2.001484000000000041e+00 1.402019000000000008e-02
2.007534000000000152e+00 1.479870999999999964e-02
2.014254999999999907e+00 1.567966000000000151e-02
2.019916999999999963e+00 1.644587999999999953e-02
2.026632999999999907e+00 1.737073999999999910e-02
2.032678999999999903e+00 1.822535999999999948e-02
2.039034000000000013e+00 1.914493999999999918e-02
2.045081000000000149e+00 2.004229000000000080e-02
2.051454999999999806e+00 2.100578000000000167e-02
2.057497000000000131e+00 2.194350000000000120e-02
2.064201999999999870e+00 2.299889999999999921e-02
2.070253000000000121e+00 2.398346000000000158e-02
2.076624999999999943e+00 2.503475000000000145e-02
2.082644999999999857e+00 2.605736000000000163e-02
2.089023000000000074e+00 2.715665999999999913e-02
2.095054000000000194e+00 2.822608999999999882e-02
2.101449000000000122e+00 2.937630999999999923e-02
2.108124000000000109e+00 3.060438000000000047e-02
2.114155999999999924e+00 3.174580999999999931e-02
2.120538999999999952e+00 3.297036999999999884e-02
2.126558999999999866e+00 3.415979000000000237e-02
2.132944000000000173e+00 3.543762000000000301e-02
2.138978999999999964e+00 3.667855999999999894e-02
2.145728000000000080e+00 3.808223000000000164e-02
2.151421000000000028e+00 3.931732000000000282e-02
2.158120999999999956e+00 4.076724000000000320e-02
2.164168999999999787e+00 4.212642999999999943e-02
2.170532999999999824e+00 4.357633000000000340e-02
2.176585999999999910e+00 4.499112000000000250e-02
2.182955000000000201e+00 4.649956000000000228e-02
2.188963999999999910e+00 4.796940999999999705e-02
2.195669000000000093e+00 4.962185999999999680e-02
2.202049000000000145e+00 5.124444999999999695e-02
2.208089000000000190e+00 5.281961999999999768e-02
2.214443000000000161e+00 5.449841999999999881e-02
2.220502999999999894e+00 5.615204000000000029e-02
2.227211000000000052e+00 5.799412999999999790e-02
2.232927000000000106e+00 5.964073000000000291e-02
2.239637000000000100e+00 6.156359000000000137e-02
2.245676000000000005e+00 6.336941999999999575e-02
2.252047999999999828e+00 6.529814999999999925e-02
2.258068000000000186e+00 6.717947000000000501e-02
2.264441999999999844e+00 6.919894000000000045e-02
2.270496000000000070e+00 7.118148000000000530e-02
2.277178999999999842e+00 7.338358000000000381e-02
2.283215000000000217e+00 7.546393999999999325e-02
2.289591000000000154e+00 7.769236000000000197e-02
2.295643000000000100e+00 7.988159000000000232e-02
2.301992999999999956e+00 8.221712999999999938e-02
2.308701999999999810e+00 8.473179000000000127e-02
2.314420999999999840e+00 8.700885999999999343e-02
2.321147999999999989e+00 8.965462000000000431e-02
2.327195000000000125e+00 9.217454999999999399e-02
2.333581000000000127e+00 9.487244000000000232e-02
2.339596999999999927e+00 9.753220999999999419e-02
2.345972999999999864e+00 1.003871000000000069e-01
2.352014000000000049e+00 1.032295000000000018e-01
2.358731000000000133e+00 1.064043999999999962e-01
2.364402000000000115e+00 1.093153999999999931e-01
2.371113999999999944e+00 1.127121999999999985e-01
2.377148000000000039e+00 1.159913000000000055e-01
2.383496000000000059e+00 1.195144999999999957e-01
2.389552999999999816e+00 1.230598999999999998e-01
2.395931000000000033e+00 1.268923000000000134e-01
2.402657000000000043e+00 1.310622999999999927e-01
2.408688999999999858e+00 1.351381000000000110e-01
2.415042999999999829e+00 1.395517000000000007e-01
2.421088999999999825e+00 1.440548000000000106e-01
2.427455999999999836e+00 1.489395000000000024e-01
2.433491000000000071e+00 1.539611999999999925e-01
2.440209999999999990e+00 1.596421000000000090e-01
2.445926000000000045e+00 1.651829999999999965e-01
2.452589000000000130e+00 1.715984999999999872e-01
2.458632999999999846e+00 1.781667999999999863e-01
2.465021999999999824e+00 1.854175000000000129e-01
2.471029999999999838e+00 1.930205999999999866e-01
2.477406000000000219e+00 2.014933999999999892e-01
2.483452000000000215e+00 2.104716000000000087e-01
2.490183000000000035e+00 2.207678999999999891e-01
2.495893000000000139e+00 2.312475999999999976e-01
2.502610999999999919e+00 2.433491999999999877e-01
2.508980999999999906e+00 2.563925000000000232e-01
2.515000999999999820e+00 2.701388000000000122e-01
2.521711999999999954e+00 2.855558000000000263e-01
2.523686999999999792e+00 2.997769000000000128e-01
