1.000204000000000093e+00 -2.236943999999999906e-05
1.009843999999999964e+00 -2.178407000000000165e-05
1.019914999999999905e+00 -2.061321999999999913e-05
1.029992999999999936e+00 -2.295485999999999997e-05
1.040051999999999977e+00 -2.354030999999999959e-05
1.050057999999999936e+00 -1.885713000000000151e-05
1.059884999999999966e+00 -2.295492000000000078e-05
1.069914000000000032e+00 -2.061325000000000123e-05
1.079930999999999974e+00 -2.002783000000000032e-05
1.090016000000000096e+00 -2.295479999999999916e-05
1.100408999999999970e+00 -2.002789000000000113e-05
1.110511999999999944e+00 -1.944244000000000151e-05
1.120557000000000025e+00 -1.944252000000000033e-05
1.130662999999999974e+00 -2.236952000000000127e-05
1.140349999999999975e+00 -1.944254999999999904e-05
1.150417999999999941e+00 -1.710091999999999889e-05
1.160414000000000057e+00 -1.885716000000000022e-05
1.170523999999999898e+00 -2.002809000000000157e-05
1.180566999999999922e+00 -2.002791999999999984e-05
1.190622999999999987e+00 -2.002791999999999984e-05
1.200388000000000011e+00 -2.178418999999999988e-05
1.210498000000000074e+00 -2.119896999999999941e-05
1.220472000000000001e+00 -2.061340000000000156e-05
1.230671000000000070e+00 -2.178425000000000069e-05
1.240690999999999988e+00 -2.178421999999999859e-05
1.250385000000000080e+00 -2.236957999999999869e-05
1.260456000000000021e+00 -2.178427999999999940e-05
1.270588999999999968e+00 -1.944254999999999904e-05
1.280577999999999994e+00 -2.295501000000000030e-05
1.290689999999999893e+00 -2.119871000000000155e-05
1.301104000000000038e+00 -2.119881999999999908e-05
1.311144000000000087e+00 -1.944267000000000065e-05
1.321204000000000045e+00 -2.178430000000000080e-05
1.330853000000000064e+00 -2.002809000000000157e-05
1.340975999999999946e+00 -2.061349000000000108e-05
1.351067000000000018e+00 -2.061349000000000108e-05
1.361110000000000042e+00 -1.651558000000000019e-05
1.371170999999999918e+00 -2.002809000000000157e-05
1.380946999999999925e+00 -2.119881999999999908e-05
1.390930999999999917e+00 -2.061340000000000156e-05
1.401026000000000105e+00 -2.178418999999999988e-05
1.411116000000000037e+00 -2.295508999999999912e-05
1.421132999999999980e+00 -2.295503999999999901e-05
1.431205000000000060e+00 -2.061359999999999861e-05
1.440989000000000075e+00 -2.178432999999999951e-05
1.450971000000000011e+00 -2.061351999999999979e-05
1.461066999999999894e+00 -2.178427999999999940e-05
1.471157000000000048e+00 -1.944276000000000017e-05
1.481200999999999990e+00 -2.061356999999999990e-05
1.490890999999999966e+00 -2.061365999999999942e-05
1.501671999999999896e+00 -2.119900000000000151e-05
1.511376000000000053e+00 -1.885742000000000147e-05
1.521444999999999936e+00 -2.236978999999999983e-05
1.531501000000000001e+00 -2.295512000000000122e-05
1.541571000000000025e+00 -2.178432999999999951e-05
1.551673999999999998e+00 -2.119923000000000066e-05
1.561650999999999900e+00 -2.061359999999999861e-05
1.571434999999999915e+00 -2.236963999999999950e-05
1.581501999999999963e+00 -2.061359999999999861e-05
1.591539999999999955e+00 -1.944281000000000028e-05
1.601526000000000005e+00 -2.119923000000000066e-05
1.611693000000000042e+00 -2.061363000000000071e-05
1.621388999999999969e+00 -1.768665999999999847e-05
1.631467000000000001e+00 -1.885751000000000099e-05
1.641553000000000040e+00 -1.885761999999999852e-05
1.651637999999999940e+00 -1.593062000000000097e-05
1.661672999999999956e+00 -1.241810999999999959e-05
1.671421000000000046e+00 -1.183279999999999960e-05
1.681459000000000037e+00 -6.564281999999999911e-06
1.691524999999999945e+00 -3.051973000000000061e-06
1.701905999999999919e+00 6.314280000000000131e-06
1.711991000000000041e+00 1.626589999999999956e-05
1.722042000000000073e+00 3.148610000000000335e-05
1.732107000000000063e+00 4.670626000000000096e-05
1.742162999999999906e+00 6.895113999999999388e-05
1.751894000000000062e+00 9.939140999999999916e-05
1.761940000000000062e+00 1.368564000000000065e-04
1.771994999999999987e+00 1.860289999999999904e-04
1.782045000000000101e+00 2.433974999999999952e-04
1.792116000000000042e+00 3.189129999999999873e-04
1.802221999999999991e+00 4.131606000000000232e-04
1.811946000000000057e+00 5.343366999999999692e-04
1.822008000000000072e+00 6.859525000000000431e-04
1.832054000000000071e+00 8.820590000000000331e-04
1.842136999999999913e+00 1.129093999999999974e-03
1.852173999999999987e+00 1.427642999999999924e-03
1.861904000000000003e+00 1.772438000000000095e-03
1.871966999999999937e+00 2.193334999999999816e-03
1.882025000000000059e+00 2.678036999999999866e-03
1.892158000000000007e+00 3.234743999999999901e-03
1.902562000000000086e+00 3.876333000000000036e-03
1.912620999999999905e+00 4.560068999999999928e-03
1.922678000000000109e+00 5.309368000000000073e-03
1.932719000000000076e+00 6.117207999999999847e-03
1.942444999999999977e+00 6.959586000000000244e-03
1.952509000000000050e+00 7.886258999999999630e-03
1.962585999999999942e+00 8.865032000000000120e-03
1.972655000000000047e+00 9.901760000000000769e-03
1.982739999999999947e+00 1.099175999999999973e-02
1.992466999999999988e+00 1.209346000000000032e-02
2.002521999999999913e+00 1.327828999999999988e-02
2.012595000000000134e+00 1.451873000000000052e-02
2.022635999999999878e+00 1.579956999999999889e-02
2.032697999999999894e+00 1.714129000000000000e-02
2.042743999999999893e+00 1.852513999999999897e-02
2.052475999999999967e+00 1.991661999999999946e-02
2.062558000000000114e+00 2.141111999999999876e-02
2.072617999999999849e+00 2.295302999999999927e-02
2.082673000000000219e+00 2.454295999999999908e-02
2.092738000000000209e+00 2.619551999999999992e-02
2.103113000000000010e+00 2.795871000000000120e-02
2.113182999999999812e+00 2.972951999999999886e-02
2.123257999999999868e+00 3.156354000000000104e-02
2.132970999999999950e+00 3.339348000000000316e-02
2.143053999999999792e+00 3.534575999999999690e-02
2.153140000000000054e+00 3.736769999999999675e-02
2.163206000000000184e+00 3.945462000000000274e-02
2.173251000000000044e+00 4.160766999999999938e-02
2.182990000000000208e+00 4.376718000000000275e-02
2.193020999999999887e+00 4.605548000000000280e-02
2.203078000000000092e+00 4.842690000000000189e-02
2.213134999999999852e+00 5.087967999999999658e-02
2.223208000000000073e+00 5.341324000000000072e-02
2.232960999999999974e+00 5.596086000000000116e-02
2.243024000000000129e+00 5.866771999999999959e-02
2.253080000000000194e+00 6.146059999999999718e-02
2.263142000000000209e+00 6.435652999999999513e-02
2.273222000000000076e+00 6.735784999999999689e-02
2.283252000000000059e+00 7.044751999999999958e-02
2.292987999999999804e+00 7.356938999999999840e-02
2.303710000000000147e+00 7.708349999999999924e-02
2.313444000000000056e+00 8.045476000000000016e-02
2.323532999999999848e+00 8.405256999999999312e-02
2.333612000000000020e+00 8.779673000000000338e-02
2.343659999999999854e+00 9.167664999999999842e-02
2.353725999999999985e+00 9.573576999999999781e-02
2.363426000000000027e+00 9.985109999999999819e-02
2.373489999999999878e+00 1.042754999999999932e-01
2.383541999999999828e+00 1.089105999999999963e-01
2.393613999999999908e+00 1.138008999999999965e-01
2.403690000000000104e+00 1.189623000000000069e-01
2.413759999999999906e+00 1.244176000000000032e-01
2.423487000000000169e+00 1.300677000000000083e-01
2.433527000000000218e+00 1.362178000000000000e-01
2.443607999999999780e+00 1.428368999999999889e-01
2.453637000000000068e+00 1.499494000000000105e-01
2.463703999999999894e+00 1.576835000000000042e-01
2.473415000000000141e+00 1.659356999999999915e-01
2.483483000000000107e+00 1.752112000000000114e-01
2.493576000000000015e+00 1.855340000000000045e-01
2.503985999999999823e+00 1.973338000000000036e-01
2.514037000000000077e+00 2.104523000000000088e-01
2.524100999999999928e+00 2.253896999999999984e-01
2.534133000000000191e+00 2.424761000000000000e-01
2.544204999999999828e+00 2.621054999999999913e-01
2.553922000000000025e+00 2.841464000000000212e-01
2.552753000000000050e+00 2.999917999999999751e-01
