1.000081999999999915e+00 -3.937864999999999947e-05
1.005133999999999972e+00 -3.762245999999999825e-05
1.009795999999999916e+00 -3.703720999999999907e-05
1.014834999999999932e+00 -3.762272999999999681e-05
1.019867999999999997e+00 -3.820815000000000111e-05
1.024907999999999930e+00 -3.703716000000000235e-05
1.029929000000000094e+00 -3.528102999999999854e-05
1.034974999999999978e+00 -3.586647999999999817e-05
1.040000999999999953e+00 -3.703716000000000235e-05
1.045039000000000051e+00 -3.645164999999999853e-05
1.050081000000000042e+00 -3.528102999999999854e-05
1.055088999999999944e+00 -3.469572000000000194e-05
1.059784999999999977e+00 -3.703713000000000025e-05
1.064829999999999943e+00 -3.528102999999999854e-05
1.069852999999999943e+00 -3.469586999999999888e-05
1.074854999999999894e+00 -3.645172999999999735e-05
1.079887000000000041e+00 -3.645188000000000106e-05
1.084921000000000024e+00 -3.703716000000000235e-05
1.089962000000000097e+00 -3.820786000000000115e-05
1.094991999999999965e+00 -3.528102999999999854e-05
1.100349999999999939e+00 -3.645217000000000102e-05
1.105374000000000079e+00 -3.528131999999999850e-05
1.110417999999999905e+00 -3.469583999999999678e-05
1.115474999999999994e+00 -3.586643000000000144e-05
1.120513000000000092e+00 -3.411038999999999716e-05
1.125558000000000058e+00 -3.176906999999999838e-05
1.130576999999999943e+00 -3.352513999999999798e-05
1.135620999999999992e+00 -3.528106000000000064e-05
1.140287000000000051e+00 -3.469564000000000312e-05
1.145334000000000074e+00 -3.645184999999999897e-05
1.150360000000000049e+00 -3.586656999999999769e-05
1.155413999999999941e+00 -3.586643000000000144e-05
1.160395999999999983e+00 -3.528111999999999806e-05
1.165429000000000048e+00 -3.586656999999999769e-05
1.170455000000000023e+00 -3.703736000000000278e-05
1.175497999999999932e+00 -3.586656999999999769e-05
1.180506000000000055e+00 -3.528129000000000318e-05
1.185556999999999972e+00 -3.469590000000000098e-05
1.190582000000000029e+00 -3.586647999999999817e-05
1.195284000000000013e+00 -3.703716000000000235e-05
1.200331999999999955e+00 -3.586651000000000026e-05
1.205397000000000052e+00 -3.703729999999999859e-05
1.210436000000000067e+00 -3.820799999999999739e-05
1.215481999999999951e+00 -3.703718999999999767e-05
1.220514000000000099e+00 -3.469572000000000194e-05
1.225522000000000000e+00 -3.645184999999999897e-05
1.230561999999999934e+00 -3.703720999999999907e-05
1.235591000000000106e+00 -3.293966000000000304e-05
1.240633000000000097e+00 -3.528111999999999806e-05
1.245305000000000106e+00 -3.586645000000000284e-05
1.250326000000000048e+00 -3.528120999999999758e-05
1.255365999999999982e+00 -3.528129000000000318e-05
1.260402999999999940e+00 -3.293997999999999832e-05
1.265422999999999965e+00 -3.528115000000000016e-05
1.270451999999999915e+00 -3.586656999999999769e-05
1.275498000000000021e+00 -3.586647999999999817e-05
1.280523000000000078e+00 -3.528111999999999806e-05
1.285563000000000011e+00 -3.528118000000000226e-05
1.290620000000000100e+00 -3.411056000000000228e-05
1.295658999999999894e+00 -3.762254999999999777e-05
1.301020999999999983e+00 -3.352520000000000218e-05
1.306063999999999892e+00 -3.645193999999999849e-05
1.311075999999999908e+00 -3.645188000000000106e-05
1.316119999999999957e+00 -3.469583999999999678e-05
1.321152000000000104e+00 -3.469593000000000308e-05
1.325852999999999948e+00 -3.469586999999999888e-05
1.330850000000000088e+00 -3.469586999999999888e-05
1.335885999999999907e+00 -3.528118000000000226e-05
1.340921000000000030e+00 -3.469590000000000098e-05
1.345963000000000021e+00 -3.586656999999999769e-05
1.351002000000000036e+00 -3.352513999999999798e-05
1.356008000000000102e+00 -3.411049999999999808e-05
1.361048999999999953e+00 -3.411056000000000228e-05
1.366082000000000019e+00 -3.586659999999999978e-05
1.371116999999999919e+00 -3.411070999999999922e-05
1.376147999999999927e+00 -3.469602000000000260e-05
1.380853000000000108e+00 -3.411058999999999760e-05
1.385880000000000001e+00 -3.469593000000000308e-05
1.390913999999999984e+00 -3.411056000000000228e-05
1.395931000000000033e+00 -3.411038999999999716e-05
1.400967999999999991e+00 -3.703716000000000235e-05
1.405996000000000024e+00 -3.528115000000000016e-05
1.411032999999999982e+00 -3.703718999999999767e-05
1.416034000000000015e+00 -3.762278000000000031e-05
1.421078999999999981e+00 -3.645208000000000150e-05
1.426115999999999939e+00 -3.352517000000000008e-05
1.431149999999999922e+00 -3.293979999999999928e-05
1.435848999999999931e+00 -3.469577999999999936e-05
1.440860999999999947e+00 -3.293997999999999832e-05
1.445894000000000013e+00 -3.293979999999999928e-05
1.450924000000000103e+00 -3.469583999999999678e-05
1.455969000000000069e+00 -3.411061999999999970e-05
1.461025000000000018e+00 -3.411058999999999760e-05
1.466059999999999919e+00 -3.352522999999999750e-05
1.471092999999999984e+00 -3.703727000000000326e-05
1.476140000000000008e+00 -3.411070999999999922e-05
1.481147999999999909e+00 -3.762283999999999773e-05
1.485851000000000033e+00 -3.528140999999999802e-05
1.490884000000000098e+00 -3.586688999999999974e-05
1.495918000000000081e+00 -3.762263999999999729e-05
1.501595999999999931e+00 -3.645204999999999940e-05
1.506623999999999963e+00 -3.411058999999999760e-05
1.511322000000000054e+00 -3.586659999999999978e-05
1.516356999999999955e+00 -3.469586999999999888e-05
1.521393999999999913e+00 -3.645208000000000150e-05
1.526410000000000045e+00 -3.528129000000000318e-05
1.531455000000000011e+00 -3.469574999999999726e-05
1.536488000000000076e+00 -3.469583999999999678e-05
1.541522000000000059e+00 -3.235443999999999918e-05
1.546553000000000067e+00 -3.411058999999999760e-05
1.551577999999999902e+00 -3.586659999999999978e-05
1.556618000000000057e+00 -3.352520000000000218e-05
1.561657000000000073e+00 -3.586656999999999769e-05
1.566332000000000058e+00 -3.528131999999999850e-05
1.571377000000000024e+00 -3.352528000000000100e-05
1.576416000000000039e+00 -3.586651000000000026e-05
1.581452000000000080e+00 -3.294001000000000042e-05
1.586484000000000005e+00 -3.411074000000000132e-05
1.591487000000000096e+00 -3.411061999999999970e-05
1.596519000000000021e+00 -3.586656999999999769e-05
1.601545999999999914e+00 -3.528120999999999758e-05
1.606584000000000012e+00 -3.586647999999999817e-05
1.611599999999999921e+00 -3.469586999999999888e-05
1.616640999999999995e+00 -3.703729999999999859e-05
1.621329999999999938e+00 -3.411045000000000136e-05
1.626371999999999929e+00 -3.469574999999999726e-05
1.631431999999999993e+00 -3.528129000000000318e-05
1.636466999999999894e+00 -3.528122999999999898e-05
1.641501000000000099e+00 -3.645193999999999849e-05
1.646544999999999925e+00 -3.645193999999999849e-05
1.651585000000000081e+00 -3.703742000000000021e-05
1.656590999999999925e+00 -3.762261000000000197e-05
1.661629999999999940e+00 -3.528118000000000226e-05
1.666663999999999923e+00 -3.586647999999999817e-05
1.671354000000000006e+00 -3.762254999999999777e-05
1.676355999999999957e+00 -3.469590000000000098e-05
1.681399000000000088e+00 -3.528118000000000226e-05
1.686439000000000021e+00 -3.645193999999999849e-05
1.691480000000000095e+00 -3.528122999999999898e-05
1.696485999999999938e+00 -3.586665999999999720e-05
1.701861000000000068e+00 -3.586656999999999769e-05
1.706898999999999944e+00 -3.586656999999999769e-05
1.711935999999999902e+00 -3.528118000000000226e-05
1.716957999999999984e+00 -3.645188000000000106e-05
1.721986000000000017e+00 -3.411061999999999970e-05
1.727031999999999901e+00 -3.528120999999999758e-05
1.732059000000000015e+00 -3.703727000000000326e-05
1.737101000000000006e+00 -3.528135000000000060e-05
1.742110000000000047e+00 -3.293992000000000090e-05
1.747147999999999923e+00 -3.469595999999999840e-05
1.751840000000000064e+00 -3.586659999999999978e-05
1.756876000000000104e+00 -3.645188000000000106e-05
1.761878000000000055e+00 -3.645191000000000316e-05
1.766912000000000038e+00 -3.645201999999999731e-05
1.771946000000000021e+00 -3.703720999999999907e-05
1.776980999999999922e+00 -3.645188000000000106e-05
1.781999000000000111e+00 -3.586659999999999978e-05
1.787028000000000061e+00 -3.293988999999999880e-05
1.792068999999999912e+00 -3.586647999999999817e-05
1.797104000000000035e+00 -3.703729999999999859e-05
1.802172000000000107e+00 -3.469602000000000260e-05
1.806861000000000050e+00 -3.645204999999999940e-05
1.811897000000000091e+00 -3.469612999999999674e-05
1.816926000000000041e+00 -3.703745000000000230e-05
1.821959000000000106e+00 -3.469593000000000308e-05
1.826969000000000065e+00 -3.937876000000000039e-05
1.832006000000000023e+00 -4.054949000000000129e-05
1.837042999999999981e+00 -3.645208000000000150e-05
1.842076000000000047e+00 -3.586665999999999720e-05
1.847078999999999915e+00 -3.528129000000000318e-05
1.852119999999999989e+00 -3.411047999999999668e-05
1.857156000000000029e+00 -3.586647999999999817e-05
1.861858999999999931e+00 -3.703718999999999767e-05
1.866870000000000029e+00 -3.528129000000000318e-05
1.871904000000000012e+00 -3.645201999999999731e-05
1.876940999999999971e+00 -3.586656999999999769e-05
1.881974000000000036e+00 -3.645201999999999731e-05
1.887013999999999969e+00 -3.411061999999999970e-05
1.892101999999999951e+00 -3.645191000000000316e-05
1.897130999999999901e+00 -3.411065000000000180e-05
1.902503000000000055e+00 -3.645191000000000316e-05
1.907543999999999906e+00 -3.411070999999999922e-05
1.912560000000000038e+00 -3.469593000000000308e-05
1.917602000000000029e+00 -3.352520000000000218e-05
1.922624000000000111e+00 -3.703736000000000278e-05
1.927662999999999904e+00 -3.820802999999999949e-05
1.932660000000000045e+00 -3.586674999999999672e-05
1.937365000000000004e+00 -3.586680000000000022e-05
1.942401000000000044e+00 -3.586659999999999978e-05
1.947438999999999920e+00 -3.469590000000000098e-05
1.952463000000000060e+00 -3.528144000000000012e-05
1.957495999999999903e+00 -3.469593000000000308e-05
1.962536000000000058e+00 -3.586663000000000188e-05
1.967562999999999951e+00 -3.645199000000000198e-05
1.972609000000000057e+00 -3.820799999999999739e-05
1.977665000000000006e+00 -3.528111999999999806e-05
1.982690000000000063e+00 -3.586672000000000140e-05
1.987716999999999956e+00 -3.645222999999999844e-05
1.992429000000000006e+00 -3.586688999999999974e-05
1.997440000000000104e+00 -3.762263999999999729e-05
2.002476999999999840e+00 -3.528131999999999850e-05
2.007511000000000045e+00 -3.586683000000000232e-05
2.012547999999999782e+00 -3.528147000000000222e-05
2.017560000000000020e+00 -3.528129000000000318e-05
2.022593000000000085e+00 -3.528131999999999850e-05
2.027632000000000101e+00 -3.469599000000000050e-05
2.032661000000000051e+00 -3.586656999999999769e-05
2.037695999999999952e+00 -3.469599000000000050e-05
2.042698999999999820e+00 -3.762272999999999681e-05
2.047406000000000059e+00 -3.586656999999999769e-05
2.052446999999999910e+00 -3.411049999999999808e-05
2.057481000000000115e+00 -3.411061999999999970e-05
2.062507999999999786e+00 -3.469606999999999932e-05
2.067541999999999991e+00 -3.528135000000000060e-05
2.072563999999999851e+00 -3.586663000000000188e-05
2.077602000000000171e+00 -3.703736000000000278e-05
2.082631000000000121e+00 -3.703747999999999763e-05
2.087647000000000030e+00 -3.762272999999999681e-05
2.092691999999999997e+00 -3.586663000000000188e-05
2.097395999999999816e+00 -3.528131999999999850e-05
2.103060000000000151e+00 -3.469624999999999836e-05
2.108112000000000208e+00 -3.528147000000000222e-05
2.113144999999999829e+00 -3.352531000000000310e-05
2.118167000000000133e+00 -3.352528000000000100e-05
2.123212000000000099e+00 -3.059849000000000119e-05
2.127879000000000076e+00 -3.001333000000000153e-05
2.132922000000000207e+00 -2.825725999999999854e-05
2.137945999999999902e+00 -2.474539000000000128e-05
2.143000999999999934e+00 -2.415993000000000096e-05
2.148041999999999785e+00 -2.064794999999999939e-05
2.153075999999999990e+00 -1.830650999999999898e-05
2.158106000000000080e+00 -1.713572000000000066e-05
2.163148000000000071e+00 -1.303830999999999918e-05
2.168153999999999915e+00 -6.014307000000000149e-06
2.173210999999999782e+00 -1.331441999999999966e-06
2.177910999999999930e+00 2.180459000000000057e-06
2.182938000000000045e+00 8.033704999999999343e-06
2.187978000000000200e+00 1.154575000000000038e-05
2.192966999999999889e+00 1.622867000000000060e-05
2.198011000000000159e+00 2.442360999999999840e-05
2.203034999999999854e+00 3.086228000000000295e-05
2.208072000000000035e+00 3.905701999999999693e-05
2.213084999999999969e+00 4.608122999999999722e-05
2.218125999999999820e+00 5.544657999999999727e-05
2.223151000000000099e+00 6.071446000000000010e-05
2.228194999999999926e+00 7.300664000000000274e-05
2.232911000000000090e+00 8.061584000000000436e-05
2.237929999999999975e+00 8.881101000000000132e-05
2.242961999999999900e+00 1.028591999999999994e-04
2.247994999999999965e+00 1.122246999999999964e-04
2.253019999999999801e+00 1.239314000000000041e-04
2.258046000000000220e+00 1.373943999999999936e-04
2.263100000000000112e+00 1.496866999999999978e-04
2.268114999999999881e+00 1.649056000000000089e-04
2.273159000000000152e+00 1.766124000000000101e-04
2.278150999999999815e+00 1.941726999999999917e-04
2.283193999999999946e+00 2.117330000000000004e-04
2.287894000000000094e+00 2.251955999999999891e-04
2.292939000000000060e+00 2.427558999999999978e-04
2.297944000000000209e+00 2.603163000000000135e-04
2.303652000000000033e+00 2.819739000000000143e-04
2.308679000000000148e+00 3.018753999999999795e-04
2.313385999999999942e+00 3.223624000000000021e-04
2.318436999999999859e+00 3.422642000000000154e-04
2.323475000000000179e+00 3.639216999999999821e-04
2.328510000000000080e+00 3.902622999999999921e-04
2.333555000000000046e+00 4.160174999999999789e-04
2.338588999999999807e+00 4.429430000000000043e-04
2.343595000000000095e+00 4.651856000000000003e-04
2.348631999999999831e+00 4.956237999999999963e-04
2.353671999999999986e+00 5.272324000000000108e-04
2.358700999999999937e+00 5.576697999999999508e-04
2.363357999999999848e+00 5.845956999999999499e-04
2.368409999999999904e+00 6.179599000000000463e-04
2.373431000000000068e+00 6.524954999999999601e-04
2.378468999999999944e+00 6.876159000000000177e-04
2.383483000000000018e+00 7.239069999999999793e-04
2.388526999999999845e+00 7.637098999999999841e-04
2.393555000000000099e+00 8.064400999999999905e-04
2.398591000000000140e+00 8.439014000000000107e-04
2.403620000000000090e+00 8.878021999999999954e-04
2.408659000000000106e+00 9.317032999999999739e-04
2.413702999999999932e+00 9.814580999999999739e-04
2.418378000000000139e+00 1.024773000000000090e-03
2.423423999999999801e+00 1.076282999999999927e-03
2.428421000000000163e+00 1.127792000000000074e-03
2.433466999999999825e+00 1.181643999999999924e-03
2.438492999999999800e+00 1.240177999999999984e-03
2.443556000000000061e+00 1.294028999999999926e-03
2.448545999999999889e+00 1.358417000000000001e-03
2.453581999999999930e+00 1.422220000000000081e-03
2.458606000000000069e+00 1.488949000000000045e-03
2.463651000000000035e+00 1.555092000000000106e-03
2.468652000000000069e+00 1.631772000000000084e-03
2.473351000000000077e+00 1.703183999999999948e-03
2.478403000000000134e+00 1.778106999999999908e-03
2.483426999999999829e+00 1.857712999999999986e-03
2.488475999999999910e+00 1.944930000000000096e-03
2.493520999999999876e+00 2.034487000000000188e-03
2.498568000000000122e+00 2.130482999999999856e-03
2.503931000000000129e+00 2.232917000000000061e-03
2.508964000000000194e+00 2.335938000000000077e-03
2.513974000000000153e+00 2.441885999999999883e-03
2.519010000000000193e+00 2.553685999999999890e-03
2.524045999999999790e+00 2.673094999999999898e-03
2.529082999999999970e+00 2.798943999999999824e-03
2.534082999999999863e+00 2.929474999999999961e-03
2.539111000000000118e+00 3.068201000000000001e-03
2.544150000000000134e+00 3.215707999999999848e-03
2.549180999999999919e+00 3.371407999999999783e-03
2.553869000000000167e+00 3.528864999999999953e-03
2.558908999999999878e+00 3.700370000000000135e-03
2.563946000000000058e+00 3.885337999999999899e-03
2.568973000000000173e+00 4.083184999999999593e-03
2.574012999999999884e+00 4.293321000000000116e-03
2.579015000000000057e+00 4.518676999999999590e-03
2.584039000000000197e+00 4.764520999999999860e-03
2.589075999999999933e+00 5.029683000000000070e-03
2.594107000000000163e+00 5.312985999999999577e-03
2.599129000000000023e+00 5.629656999999999717e-03
2.603822000000000081e+00 5.958617999999999727e-03
2.608854000000000006e+00 6.327969000000000128e-03
2.613906000000000063e+00 6.743561999999999820e-03
2.618900000000000006e+00 7.209494999999999792e-03
2.623936000000000046e+00 7.736299000000000300e-03
2.628975000000000062e+00 8.340375000000000566e-03
2.634006999999999987e+00 9.039857999999999574e-03
2.639047999999999838e+00 9.865189999999999376e-03
2.644052999999999987e+00 1.085266000000000008e-02
2.649087999999999887e+00 1.206489999999999993e-02
2.654129000000000183e+00 1.360083999999999946e-02
2.658833000000000002e+00 1.559100000000000069e-02
2.663886000000000198e+00 1.835379999999999998e-02
2.668919999999999959e+00 2.248222999999999888e-02
2.673939999999999984e+00 2.909366000000000035e-02
2.678977999999999859e+00 4.054877999999999955e-02
2.683980000000000032e+00 6.324599999999999667e-02
2.689022000000000023e+00 1.029925000000000007e-01
2.694075000000000220e+00 1.225978999999999958e-01
2.699111999999999956e+00 1.014834000000000014e-01
2.704452999999999996e+00 9.626514999999999378e-02
2.709481999999999946e+00 9.757631999999999417e-02
2.714526999999999912e+00 1.001371999999999957e-01
2.719555000000000167e+00 1.026436000000000015e-01
2.724596000000000018e+00 1.042180999999999941e-01
2.729601000000000166e+00 1.054443999999999937e-01
2.734649999999999803e+00 1.068942999999999977e-01
2.739336999999999911e+00 1.084471999999999936e-01
2.744374999999999787e+00 1.098866000000000009e-01
2.749413000000000107e+00 1.112926000000000054e-01
2.754442000000000057e+00 1.127337000000000061e-01
2.759469999999999867e+00 1.141461000000000003e-01
2.764508000000000187e+00 1.154444000000000026e-01
2.769528000000000212e+00 1.168456999999999968e-01
2.774556000000000022e+00 1.182996999999999937e-01
2.779598000000000013e+00 1.199204999999999993e-01
2.784628999999999799e+00 1.215418999999999944e-01
2.789337999999999873e+00 1.230527000000000010e-01
2.794331000000000120e+00 1.246864000000000028e-01
2.799357000000000095e+00 1.263779999999999903e-01
2.804393999999999831e+00 1.278893999999999864e-01
2.809426999999999897e+00 1.294616000000000100e-01
2.814443999999999946e+00 1.310514000000000123e-01
2.819481999999999822e+00 1.326018999999999948e-01
2.824530999999999903e+00 1.342286000000000035e-01
2.829562000000000133e+00 1.359138000000000013e-01
2.834616000000000025e+00 1.376090000000000091e-01
2.839646000000000114e+00 1.392286000000000079e-01
2.844336000000000197e+00 1.408324999999999994e-01
2.849378000000000188e+00 1.424596999999999947e-01
2.854394000000000098e+00 1.441776999999999920e-01
2.859443999999999875e+00 1.458500000000000074e-01
2.864472999999999825e+00 1.475170000000000092e-01
2.869496999999999964e+00 1.492577999999999960e-01
2.874543000000000070e+00 1.509845999999999966e-01
2.879537000000000013e+00 1.526445999999999914e-01
2.884567000000000103e+00 1.543818999999999886e-01
2.889594999999999914e+00 1.561601999999999990e-01
2.894639000000000184e+00 1.578932999999999864e-01
2.899316999999999922e+00 1.594321999999999961e-01
2.905030000000000001e+00 1.616008999999999918e-01
2.910061999999999927e+00 1.633317999999999992e-01
2.915105000000000057e+00 1.650632999999999961e-01
2.920136999999999983e+00 1.667712000000000083e-01
2.924828999999999901e+00 1.682873000000000008e-01
2.929869000000000057e+00 1.699514000000000025e-01
2.934903999999999957e+00 1.716487999999999903e-01
2.939935000000000187e+00 1.733985000000000110e-01
2.944958000000000187e+00 1.751392999999999978e-01
2.950000999999999873e+00 1.769122999999999946e-01
2.955014999999999947e+00 1.786812000000000122e-01
2.960074000000000094e+00 1.805256000000000083e-01
2.965057999999999971e+00 1.824015999999999971e-01
2.970091000000000037e+00 1.841077999999999881e-01
2.975127000000000077e+00 1.859528000000000014e-01
2.979829000000000061e+00 1.876305000000000056e-01
2.984847999999999946e+00 1.895521000000000011e-01
2.989875000000000060e+00 1.914368999999999932e-01
2.994921000000000166e+00 1.932619999999999894e-01
2.999944000000000166e+00 1.948956000000000022e-01
