1.000143999999999922e+00 -2.177583999999999851e-05
1.005190999999999946e+00 -2.236123000000000071e-05
1.009860999999999898e+00 -2.001958999999999987e-05
1.014896999999999938e+00 -2.236119999999999861e-05
1.019933999999999896e+00 -2.119052999999999852e-05
1.024963000000000068e+00 -2.177588999999999862e-05
1.029994999999999994e+00 -2.060498999999999938e-05
1.035023999999999944e+00 -2.236138000000000104e-05
1.040068999999999910e+00 -2.294676999999999985e-05
1.045099000000000000e+00 -2.177592000000000072e-05
1.050141999999999909e+00 -2.177598000000000153e-05
1.055150999999999950e+00 -2.001967999999999939e-05
1.059846000000000066e+00 -2.411765000000000108e-05
1.064874000000000098e+00 -2.411772999999999990e-05
1.069911000000000056e+00 -2.294697000000000029e-05
1.074912000000000090e+00 -2.060507999999999890e-05
1.079952999999999941e+00 -2.411766999999999909e-05
1.084980000000000055e+00 -2.119063999999999944e-05
1.090019999999999989e+00 -2.236152000000000067e-05
1.095040999999999931e+00 -2.001974000000000020e-05
1.100416000000000061e+00 -2.353225000000000157e-05
1.105439999999999978e+00 -2.353228000000000028e-05
1.110492999999999952e+00 -2.294683000000000066e-05
1.115542000000000034e+00 -2.353228000000000028e-05
1.120581000000000049e+00 -2.177607000000000105e-05
1.125626000000000015e+00 -2.119058999999999933e-05
1.130643999999999982e+00 -2.177616000000000057e-05
1.135675999999999908e+00 -2.060516000000000111e-05
1.140355999999999925e+00 -2.470324000000000033e-05
1.145391999999999966e+00 -2.353234000000000109e-05
1.150425000000000031e+00 -2.001980000000000101e-05
1.155469999999999997e+00 -2.236154999999999938e-05
1.160460000000000047e+00 -2.177609999999999976e-05
1.165496000000000087e+00 -2.060527999999999934e-05
1.170541000000000054e+00 -2.177612999999999847e-05
1.175559999999999938e+00 -2.060525000000000063e-05
1.180579000000000045e+00 -2.411781999999999942e-05
1.185613999999999946e+00 -2.236163999999999890e-05
1.190646000000000093e+00 -2.119087999999999929e-05
1.195351000000000052e+00 -2.353248000000000072e-05
1.200393000000000043e+00 -2.294697000000000029e-05
1.205456000000000083e+00 -1.943454999999999844e-05
1.210498000000000074e+00 -2.177612999999999847e-05
1.215526000000000106e+00 -2.294670999999999904e-05
1.220561000000000007e+00 -2.119091000000000139e-05
1.225575000000000081e+00 -2.236167000000000100e-05
1.230623999999999940e+00 -2.060540000000000096e-05
1.235648000000000080e+00 -2.294697000000000029e-05
1.240688000000000013e+00 -2.294697000000000029e-05
1.245363999999999916e+00 -2.294697000000000029e-05
1.250391000000000030e+00 -2.177630000000000020e-05
1.255441000000000029e+00 -2.119078999999999977e-05
1.260464000000000029e+00 -2.060540000000000096e-05
1.265487000000000029e+00 -2.294708999999999852e-05
1.270521000000000011e+00 -2.294712000000000062e-05
1.275560000000000027e+00 -2.236187000000000144e-05
1.280586000000000002e+00 -1.826384999999999963e-05
1.285622000000000043e+00 -2.119085000000000058e-05
1.290685000000000082e+00 -2.060554000000000059e-05
1.295698999999999934e+00 -2.236172000000000111e-05
1.301091999999999915e+00 -2.177621000000000068e-05
1.306127999999999956e+00 -2.002009000000000096e-05
1.311147000000000062e+00 -2.236163999999999890e-05
1.316181000000000045e+00 -2.119072999999999896e-05
1.321215000000000028e+00 -2.177623999999999939e-05
1.325914000000000037e+00 -2.353243000000000061e-05
1.330908999999999898e+00 -2.177623999999999939e-05
1.335952000000000028e+00 -2.236154999999999938e-05
1.340975999999999946e+00 -2.411781999999999942e-05
1.346038000000000068e+00 -2.294708999999999852e-05
1.351054999999999895e+00 -2.119096000000000150e-05
1.356062000000000101e+00 -2.294708999999999852e-05
1.361108999999999902e+00 -2.177623999999999939e-05
1.366141000000000050e+00 -2.177656000000000145e-05
1.371191000000000049e+00 -2.060554000000000059e-05
1.376211999999999991e+00 -2.353254000000000153e-05
1.380911999999999917e+00 -2.177638999999999972e-05
1.385939999999999950e+00 -2.294718000000000143e-05
1.390973999999999933e+00 -2.353259999999999895e-05
1.395985999999999949e+00 -2.177632999999999891e-05
1.401029000000000080e+00 -2.353248000000000072e-05
1.406047999999999965e+00 -2.236177999999999853e-05
1.411095999999999906e+00 -1.943469000000000145e-05
1.416104999999999947e+00 -2.236177999999999853e-05
1.421140999999999988e+00 -1.943469000000000145e-05
1.426182999999999979e+00 -2.236192999999999886e-05
1.431221000000000076e+00 -2.060560000000000139e-05
1.435912000000000077e+00 -2.177645000000000053e-05
1.440914999999999946e+00 -2.411804999999999857e-05
1.445961999999999970e+00 -2.353254000000000153e-05
1.450987000000000027e+00 -2.294723999999999885e-05
1.456031999999999993e+00 -2.236190000000000015e-05
1.461084999999999967e+00 -2.236198999999999967e-05
1.466124999999999901e+00 -2.002018000000000048e-05
1.471146999999999982e+00 -2.177645000000000053e-05
1.476194999999999924e+00 -2.177656000000000145e-05
1.481208999999999998e+00 -2.294721000000000014e-05
1.485900999999999916e+00 -2.353263000000000105e-05
1.490942999999999907e+00 -2.119101999999999892e-05
1.495973999999999915e+00 -2.236192999999999886e-05
1.501646000000000036e+00 -2.236190000000000015e-05
1.506685999999999970e+00 -2.177645000000000053e-05
1.511376999999999970e+00 -2.002023000000000059e-05
1.516408999999999896e+00 -1.943493000000000130e-05
1.521455000000000002e+00 -2.236187000000000144e-05
1.526456999999999953e+00 -2.177661999999999887e-05
1.531501000000000001e+00 -2.294732000000000106e-05
1.536540000000000017e+00 -2.060565999999999882e-05
1.541563000000000017e+00 -1.884942000000000087e-05
1.546610999999999958e+00 -1.884936000000000006e-05
1.551639999999999908e+00 -1.709329000000000046e-05
1.556673999999999891e+00 -1.592244000000000133e-05
1.561676000000000064e+00 -1.709325999999999836e-05
1.566397999999999957e+00 -1.943501000000000012e-05
1.571436000000000055e+00 -1.650794999999999837e-05
1.576478999999999964e+00 -1.592262000000000037e-05
1.581510999999999889e+00 -1.358090000000000070e-05
1.586540000000000061e+00 -1.241013999999999940e-05
1.591545999999999905e+00 -1.123934999999999938e-05
1.596583000000000085e+00 -1.065391999999999946e-05
1.601618999999999904e+00 -5.970824999999999707e-06
1.606646999999999936e+00 -6.556219999999999716e-06
1.611663999999999985e+00 -2.458400999999999860e-06
1.616699000000000108e+00 3.395718999999999836e-06
1.621383000000000019e+00 1.639390000000000071e-06
1.626424000000000092e+00 8.664151999999999509e-06
1.631488000000000049e+00 9.834912000000000816e-06
1.636519000000000057e+00 1.510340000000000010e-05
1.641550999999999982e+00 2.212839999999999976e-05
1.646593999999999891e+00 2.564078999999999951e-05
1.651639000000000079e+00 3.325116000000000166e-05
1.656641000000000030e+00 4.086122000000000246e-05
1.661680000000000046e+00 5.022767999999999883e-05
1.666711999999999971e+00 6.427729000000000136e-05
1.671419999999999906e+00 7.305843999999999435e-05
1.676415999999999906e+00 8.593729999999999457e-05
1.681454999999999922e+00 1.017432000000000053e-04
1.686484000000000094e+00 1.187196999999999943e-04
1.691513999999999962e+00 1.315985000000000039e-04
1.696533000000000069e+00 1.497459999999999991e-04
1.701907000000000059e+00 1.778453000000000098e-04
1.706941999999999959e+00 1.971635999999999972e-04
1.711975000000000025e+00 2.258484999999999909e-04
1.717009999999999925e+00 2.510206000000000069e-04
1.722039000000000097e+00 2.814614000000000222e-04
1.727077999999999891e+00 3.136586000000000127e-04
1.732107999999999981e+00 3.522951000000000077e-04
1.737150999999999890e+00 3.944439999999999795e-04
1.742161999999999988e+00 4.389344999999999900e-04
1.747209999999999930e+00 4.898644999999999649e-04
1.751892999999999923e+00 5.448922000000000140e-04
1.756926999999999905e+00 6.069448999999999764e-04
1.761937000000000086e+00 6.795346999999999976e-04
1.766963999999999979e+00 7.562225999999999584e-04
1.771989999999999954e+00 8.487158000000000506e-04
1.777034000000000002e+00 9.482345000000000097e-04
1.782054000000000027e+00 1.058874999999999920e-03
1.787085000000000035e+00 1.184151000000000040e-03
1.792116999999999960e+00 1.322306000000000089e-03
1.797150000000000025e+00 1.475095000000000052e-03
1.802221000000000073e+00 1.646618000000000083e-03
1.806912000000000074e+00 1.820482999999999910e-03
1.811949000000000032e+00 2.022447000000000134e-03
1.816975999999999924e+00 2.243727999999999955e-03
1.822006000000000014e+00 2.484913000000000052e-03
1.827023000000000064e+00 2.747175000000000138e-03
1.832059000000000104e+00 3.026410000000000211e-03
1.837099000000000038e+00 3.329648000000000156e-03
1.842127000000000070e+00 3.656303000000000070e-03
1.847134000000000054e+00 3.999932999999999787e-03
1.852166999999999897e+00 4.369320999999999795e-03
1.857202000000000019e+00 4.759199000000000415e-03
1.861900000000000110e+00 5.144979000000000045e-03
1.866910999999999987e+00 5.578760999999999790e-03
1.871960000000000068e+00 6.040644000000000395e-03
1.876989999999999936e+00 6.519501999999999936e-03
1.882020999999999944e+00 7.026458999999999656e-03
1.887061000000000099e+00 7.553905999999999989e-03
1.892155999999999949e+00 8.107695999999999306e-03
1.897189000000000014e+00 8.681973000000000815e-03
1.902557000000000054e+00 9.311869000000000396e-03
1.907591000000000037e+00 9.931808000000000303e-03
1.912608000000000086e+00 1.056872000000000020e-02
1.917650999999999994e+00 1.123198000000000078e-02
1.922679000000000027e+00 1.191104999999999942e-02
1.927718999999999960e+00 1.261587999999999946e-02
1.932714999999999961e+00 1.333297999999999948e-02
1.937410000000000077e+00 1.402902999999999963e-02
1.942450000000000010e+00 1.479357000000000068e-02
1.947486000000000050e+00 1.557975999999999979e-02
1.952509999999999968e+00 1.638059000000000043e-02
1.957543000000000033e+00 1.720309000000000074e-02
1.962582000000000049e+00 1.804957000000000089e-02
1.967607000000000106e+00 1.890895000000000076e-02
1.972653999999999908e+00 1.979171999999999876e-02
1.977705999999999964e+00 2.069910000000000153e-02
1.982747999999999955e+00 2.161760000000000070e-02
1.987772000000000094e+00 2.255715999999999971e-02
1.992472999999999939e+00 2.345691999999999916e-02
1.997489999999999988e+00 2.443162000000000111e-02
2.002514000000000127e+00 2.542853999999999948e-02
2.007570999999999994e+00 2.644422000000000092e-02
2.012595000000000134e+00 2.748273000000000035e-02
2.017602000000000118e+00 2.853293999999999969e-02
2.022635000000000183e+00 2.960948999999999873e-02
2.027674999999999894e+00 3.070770999999999917e-02
2.032709000000000099e+00 3.182407000000000291e-02
2.037755999999999901e+00 3.296382999999999952e-02
2.042755000000000098e+00 3.411590999999999929e-02
2.047454000000000107e+00 3.522172999999999971e-02
2.052486000000000033e+00 3.641769999999999730e-02
2.057523999999999909e+00 3.763650000000000329e-02
2.062564000000000064e+00 3.888165999999999844e-02
2.067604000000000219e+00 4.014729000000000214e-02
2.072624999999999940e+00 4.143809999999999855e-02
2.077658000000000005e+00 4.274763000000000174e-02
2.082679999999999865e+00 4.408059000000000283e-02
2.087708000000000119e+00 4.543578999999999674e-02
2.092737000000000069e+00 4.682261000000000062e-02
2.097459000000000184e+00 4.815148999999999818e-02
2.103118999999999961e+00 4.974904000000000132e-02
2.108159000000000116e+00 5.122424999999999895e-02
2.113191000000000042e+00 5.271586000000000327e-02
2.118217000000000017e+00 5.423672999999999689e-02
2.123257999999999868e+00 5.578861000000000236e-02
2.127943999999999836e+00 5.727436999999999806e-02
2.132979000000000180e+00 5.888600000000000084e-02
2.138005000000000155e+00 6.052566999999999670e-02
2.143057000000000212e+00 6.220755000000000035e-02
2.148106999999999989e+00 6.392805999999999489e-02
2.153141999999999889e+00 6.567784000000000122e-02
2.158179000000000070e+00 6.746270999999999518e-02
2.163209000000000160e+00 6.928916000000000242e-02
2.168217999999999979e+00 7.114781000000000577e-02
2.173254000000000019e+00 7.304916999999999661e-02
2.177960999999999814e+00 7.488909000000000538e-02
2.182990000000000208e+00 7.687301000000000550e-02
2.188041000000000125e+00 7.891135999999999984e-02
2.193022000000000027e+00 8.097722999999999727e-02
2.198065999999999853e+00 8.311688999999999883e-02
2.203082000000000207e+00 8.529751000000000694e-02
2.208126000000000033e+00 8.754720000000000557e-02
2.213137999999999828e+00 8.984022999999999315e-02
2.218186999999999909e+00 9.220581999999999390e-02
2.223211000000000048e+00 9.462940999999999714e-02
2.228247999999999784e+00 9.712550000000000350e-02
2.232963999999999949e+00 9.956139999999999435e-02
2.237982999999999834e+00 1.021844999999999976e-01
2.243017000000000039e+00 1.048919999999999991e-01
2.248066999999999815e+00 1.076914000000000066e-01
2.253083000000000169e+00 1.105739000000000027e-01
2.258108000000000004e+00 1.135517999999999944e-01
2.263148000000000160e+00 1.166258000000000017e-01
2.268175999999999970e+00 1.197962999999999945e-01
2.273223000000000216e+00 1.230915000000000065e-01
2.278211000000000208e+00 1.264799000000000062e-01
2.283250999999999920e+00 1.299986999999999948e-01
2.287943999999999978e+00 1.334942000000000073e-01
2.292984999999999829e+00 1.372746999999999995e-01
2.297994000000000092e+00 1.412168000000000034e-01
2.303701999999999916e+00 1.456873999999999947e-01
2.308737999999999957e+00 1.500076999999999938e-01
2.313436999999999966e+00 1.542935000000000001e-01
2.318500999999999923e+00 1.589408999999999961e-01
2.323532999999999848e+00 1.637838000000000072e-01
2.328564000000000078e+00 1.688487999999999933e-01
2.333603000000000094e+00 1.741296999999999984e-01
2.338646999999999920e+00 1.796458999999999973e-01
2.343653999999999904e+00 1.853747000000000034e-01
2.348688999999999805e+00 1.913773000000000002e-01
2.353718999999999895e+00 1.976404999999999967e-01
2.358751999999999960e+00 2.041612999999999900e-01
2.363414999999999822e+00 2.106668999999999903e-01
2.368456000000000117e+00 2.176730000000000054e-01
2.373479000000000116e+00 2.249313000000000007e-01
2.378519999999999968e+00 2.324366999999999961e-01
2.383532000000000206e+00 2.401803999999999883e-01
2.388574999999999893e+00 2.481424999999999881e-01
2.393603000000000147e+00 2.563187000000000104e-01
2.398648999999999809e+00 2.647268999999999872e-01
2.403681999999999874e+00 2.733276000000000039e-01
2.408720000000000194e+00 2.821343000000000045e-01
2.413746999999999865e+00 2.911038000000000237e-01
2.416996000000000144e+00 2.996191000000000271e-01
