1.000105999999999939e+00 -3.352591999999999833e-05
1.005125999999999964e+00 -3.294046999999999871e-05
1.009819000000000022e+00 -3.411128999999999914e-05
1.014815000000000023e+00 -3.235525000000000163e-05
1.019870999999999972e+00 -3.352603999999999995e-05
1.024899000000000004e+00 -3.586746999999999966e-05
1.029924999999999979e+00 -3.352591999999999833e-05
1.034963999999999995e+00 -3.294055999999999823e-05
1.039997999999999978e+00 -3.294046999999999871e-05
1.045034999999999936e+00 -3.411128999999999914e-05
1.050078999999999985e+00 -3.586742000000000294e-05
1.055087000000000108e+00 -3.411119999999999962e-05
1.059790999999999928e+00 -3.352583999999999951e-05
1.064816999999999902e+00 -3.528193000000000052e-05
1.069852000000000025e+00 -3.469660000000000252e-05
1.074869999999999992e+00 -3.528189999999999842e-05
1.079892999999999992e+00 -3.528187999999999702e-05
1.084915000000000074e+00 -3.469657000000000042e-05
1.089962000000000097e+00 -3.411123000000000171e-05
1.094838999999999896e+00 -3.645266000000000142e-05
1.100357000000000030e+00 -3.469651000000000300e-05
1.105377000000000054e+00 -3.586730000000000132e-05
1.110414000000000012e+00 -3.586732999999999664e-05
1.115466999999999986e+00 -3.469651000000000300e-05
1.120603999999999933e+00 -3.352591999999999833e-05
1.125542000000000042e+00 -3.645262999999999932e-05
1.130552000000000001e+00 -3.411128999999999914e-05
1.135615000000000041e+00 -3.235518999999999743e-05
1.140284000000000075e+00 -3.352583999999999951e-05
1.145337000000000049e+00 -3.469662999999999784e-05
1.150357999999999992e+00 -3.645266000000000142e-05
1.155400999999999900e+00 -3.469694999999999989e-05
1.160398999999999958e+00 -3.294062000000000243e-05
1.165440000000000031e+00 -3.586735999999999874e-05
1.170452000000000048e+00 -3.469662999999999784e-05
1.175502999999999965e+00 -3.352598000000000253e-05
1.180485999999999924e+00 -3.586746999999999966e-05
1.185546999999999906e+00 -3.469665999999999994e-05
1.190582999999999947e+00 -3.352598000000000253e-05
1.195271999999999890e+00 -3.528193000000000052e-05
1.200328999999999979e+00 -3.528205000000000214e-05
1.205403000000000002e+00 -3.352591999999999833e-05
1.210444000000000075e+00 -3.411128999999999914e-05
1.215457999999999927e+00 -3.294050000000000081e-05
1.220504999999999951e+00 -3.528216999999999698e-05
1.225589000000000039e+00 -3.411128999999999914e-05
1.230582999999999982e+00 -3.469660000000000252e-05
1.235592000000000024e+00 -3.059919000000000273e-05
1.240628000000000064e+00 -3.411128999999999914e-05
1.245292000000000066e+00 -3.469653999999999832e-05
1.250339000000000089e+00 -3.352598000000000253e-05
1.255365000000000064e+00 -3.118457999999999815e-05
1.260402999999999940e+00 -3.059919000000000273e-05
1.265419000000000072e+00 -3.352591999999999833e-05
1.270474000000000103e+00 -3.059903999999999901e-05
1.275503999999999971e+00 -3.059920999999999735e-05
1.280524999999999913e+00 -3.528202000000000004e-05
1.285539999999999905e+00 -3.352598000000000253e-05
1.290650999999999993e+00 -3.352600999999999785e-05
1.295662000000000091e+00 -3.469662999999999784e-05
1.301028000000000073e+00 -3.294064999999999775e-05
1.306068999999999924e+00 -3.469670999999999666e-05
1.311088999999999949e+00 -3.411128999999999914e-05
1.316127000000000047e+00 -3.411132000000000123e-05
1.321152000000000104e+00 -3.294059000000000033e-05
1.325863999999999931e+00 -3.352587000000000161e-05
1.330856000000000039e+00 -3.294067999999999985e-05
1.335895999999999972e+00 -3.352598000000000253e-05
1.340916999999999915e+00 -3.118469999999999977e-05
1.345957999999999988e+00 -3.177002999999999777e-05
1.351004000000000094e+00 -3.177000000000000245e-05
1.356006999999999962e+00 -3.294062000000000243e-05
1.361067000000000027e+00 -3.469677000000000086e-05
1.366085999999999911e+00 -3.118469999999999977e-05
1.371123000000000092e+00 -3.001394000000000016e-05
1.376147999999999927e+00 -3.059919000000000273e-05
1.380851999999999968e+00 -2.884300000000000150e-05
1.385874999999999968e+00 -3.059927000000000155e-05
1.390914999999999901e+00 -2.942860000000000145e-05
1.395928999999999975e+00 -2.884340999999999969e-05
1.400965000000000016e+00 -2.884338000000000098e-05
1.405995000000000106e+00 -2.591654999999999838e-05
1.411035999999999957e+00 -2.884325999999999936e-05
1.416037999999999908e+00 -2.825825000000000003e-05
1.421067000000000080e+00 -2.708722999999999917e-05
1.426115000000000022e+00 -2.591683999999999834e-05
1.431146000000000029e+00 -2.416048999999999947e-05
1.435853000000000046e+00 -2.298990000000000159e-05
1.440873999999999988e+00 -2.240473999999999854e-05
1.445845999999999965e+00 -2.240450999999999939e-05
1.450919000000000070e+00 -1.947768000000000017e-05
1.455966000000000093e+00 -1.713633999999999999e-05
1.461025000000000018e+00 -1.479492999999999999e-05
1.466072000000000042e+00 -1.245362000000000021e-05
1.471090999999999926e+00 -1.303903999999999942e-05
1.476137999999999950e+00 -8.356263000000000398e-06
1.481146000000000074e+00 -4.258908999999999613e-06
1.485842000000000107e+00 -4.258821999999999964e-06
1.490857000000000099e+00 3.350548999999999809e-06
1.495916000000000023e+00 1.009146000000000002e-06
1.501582999999999890e+00 8.618692000000000795e-06
1.506620000000000070e+00 1.564280999999999940e-05
1.511322999999999972e+00 1.798393000000000113e-05
1.516353000000000062e+00 2.676422999999999904e-05
1.521395000000000053e+00 3.144686000000000269e-05
1.526397999999999922e+00 3.964150999999999715e-05
1.531441000000000052e+00 4.959251999999999796e-05
1.536475999999999953e+00 5.837270999999999834e-05
1.541509000000000018e+00 6.949392000000000362e-05
1.546551999999999927e+00 8.003021000000000570e-05
1.551584000000000074e+00 9.115159999999999647e-05
1.556616000000000000e+00 1.051997000000000018e-04
1.561654000000000098e+00 1.174918999999999991e-04
1.566341999999999901e+00 1.356372999999999965e-04
1.571379999999999999e+00 1.514417999999999906e-04
1.576413000000000064e+00 1.695874999999999954e-04
1.581442999999999932e+00 1.859769000000000049e-04
1.586484000000000005e+00 2.111465999999999885e-04
1.591483999999999899e+00 2.310477999999999870e-04
1.596533999999999898e+00 2.550472999999999933e-04
1.601552000000000087e+00 2.813876000000000094e-04
1.606578999999999979e+00 3.077277999999999914e-04
1.611604000000000037e+00 3.387509000000000028e-04
1.616637000000000102e+00 3.697740000000000141e-04
1.621329000000000020e+00 4.025531000000000270e-04
1.626381000000000077e+00 4.406001000000000101e-04
1.631434000000000051e+00 4.798184999999999733e-04
1.636460000000000026e+00 5.237188000000000043e-04
1.641497999999999902e+00 5.705460000000000089e-04
1.646541000000000032e+00 6.249829000000000365e-04
1.651578999999999908e+00 6.817607000000000268e-04
1.656595999999999957e+00 7.426362000000000371e-04
1.661623000000000072e+00 8.158042000000000115e-04
1.666657000000000055e+00 8.924840000000000290e-04
1.671361000000000097e+00 9.720898999999999643e-04
1.676347999999999949e+00 1.065745000000000104e-03
1.681394000000000055e+00 1.170519999999999981e-03
1.686439000000000021e+00 1.287003000000000105e-03
1.691470000000000029e+00 1.411095999999999922e-03
1.696479999999999988e+00 1.554503999999999955e-03
1.701856999999999953e+00 1.717229000000000021e-03
1.706893999999999911e+00 1.889905000000000100e-03
1.711923000000000084e+00 2.078383999999999961e-03
1.716955999999999927e+00 2.282666999999999943e-03
1.721978000000000009e+00 2.509779000000000176e-03
1.727016000000000107e+00 2.754453000000000023e-03
1.732045000000000057e+00 3.021368999999999878e-03
1.737101000000000006e+00 3.315212000000000107e-03
1.742104000000000097e+00 3.624856000000000085e-03
1.747155000000000014e+00 3.964353999999999795e-03
1.751837000000000089e+00 4.303264000000000221e-03
1.756869999999999932e+00 4.696610999999999841e-03
1.761875999999999998e+00 5.112204000000000401e-03
1.766909999999999981e+00 5.560578000000000048e-03
1.771941999999999906e+00 6.037632000000000242e-03
1.776987000000000094e+00 6.548634000000000226e-03
1.781995999999999913e+00 7.090074000000000029e-03
1.787020000000000053e+00 7.661954000000000334e-03
1.792067000000000077e+00 8.270710000000000561e-03
1.797099999999999920e+00 8.908730999999999595e-03
1.802170000000000050e+00 9.586555999999999550e-03
1.806856000000000018e+00 1.024916000000000021e-02
1.811892999999999976e+00 1.098727000000000037e-02
1.816926000000000041e+00 1.176519000000000002e-02
1.821957000000000049e+00 1.257588999999999929e-02
1.826969000000000065e+00 1.342053999999999990e-02
1.832009999999999916e+00 1.430499000000000007e-02
1.837048999999999932e+00 1.522455999999999983e-02
1.842084999999999972e+00 1.618394000000000083e-02
1.847080999999999973e+00 1.716497000000000162e-02
1.852119000000000071e+00 1.819283000000000011e-02
1.857151999999999914e+00 1.925580000000000000e-02
1.861844000000000054e+00 2.028189999999999854e-02
1.866862999999999939e+00 2.141745999999999928e-02
1.871898999999999980e+00 2.258697999999999956e-02
1.876932000000000045e+00 2.379395000000000121e-02
1.881963000000000052e+00 2.504247999999999891e-02
1.887000999999999928e+00 2.632612999999999967e-02
1.892087999999999992e+00 2.766071000000000155e-02
1.897124000000000033e+00 2.902630999999999961e-02
1.902489000000000097e+00 3.051424999999999971e-02
1.907532999999999923e+00 3.195652999999999688e-02
1.912544999999999940e+00 3.343158999999999714e-02
1.917593000000000103e+00 3.495228999999999697e-02
1.922619999999999996e+00 3.650989000000000317e-02
1.927653999999999979e+00 3.811372999999999844e-02
1.932650999999999897e+00 3.973921999999999871e-02
1.937348000000000070e+00 4.131550999999999974e-02
1.942380999999999913e+00 4.303467999999999877e-02
1.947414999999999896e+00 4.479713999999999918e-02
1.952449000000000101e+00 4.660294000000000242e-02
1.957481000000000027e+00 4.845671000000000006e-02
1.962520000000000042e+00 5.035027999999999726e-02
1.967546999999999935e+00 5.228950000000000264e-02
1.972591999999999901e+00 5.428200999999999860e-02
1.977646000000000015e+00 5.632486999999999910e-02
1.982687000000000088e+00 5.841454000000000091e-02
1.987711000000000006e+00 6.055043000000000231e-02
1.992412000000000072e+00 6.260203000000000295e-02
1.997427000000000064e+00 6.482751999999999959e-02
2.002458999999999989e+00 6.710918999999999912e-02
2.007492000000000054e+00 6.944408999999999998e-02
2.012522000000000144e+00 7.183578999999999659e-02
2.017539999999999889e+00 7.427669000000000632e-02
2.022568999999999839e+00 7.678074000000000010e-02
2.027613999999999805e+00 7.934924999999999617e-02
2.032636000000000109e+00 8.196802000000000255e-02
2.037675000000000125e+00 8.466410000000000602e-02
2.042685000000000084e+00 8.739945000000000352e-02
2.047387000000000068e+00 9.006453000000000375e-02
2.052424999999999944e+00 9.292622000000000382e-02
2.057459999999999845e+00 9.587226000000000081e-02
2.062495000000000189e+00 9.887682000000000415e-02
2.067530000000000090e+00 1.019545000000000035e-01
2.072550000000000114e+00 1.051018999999999981e-01
2.077592000000000105e+00 1.083212000000000064e-01
2.082613999999999965e+00 1.116255000000000025e-01
2.087638999999999800e+00 1.149942000000000047e-01
2.092671999999999866e+00 1.184482000000000035e-01
2.097385000000000055e+00 1.218063000000000062e-01
2.103051999999999921e+00 1.257766999999999913e-01
2.108090999999999937e+00 1.295023999999999897e-01
2.113119999999999887e+00 1.332918999999999909e-01
2.118157000000000068e+00 1.371669000000000083e-01
2.123191999999999968e+00 1.411308000000000007e-01
2.127870000000000150e+00 1.449488999999999916e-01
2.132905000000000051e+00 1.490592000000000028e-01
2.137928000000000051e+00 1.532554999999999890e-01
2.142984000000000222e+00 1.575478999999999907e-01
2.148029999999999884e+00 1.619150000000000034e-01
2.153064999999999785e+00 1.663724000000000036e-01
2.158093000000000039e+00 1.709017999999999926e-01
2.163138000000000005e+00 1.755026000000000086e-01
2.168142000000000014e+00 1.801700999999999997e-01
2.173185000000000144e+00 1.849348000000000103e-01
2.177890999999999799e+00 1.895467000000000124e-01
2.182923000000000169e+00 1.944366999999999901e-01
2.187962000000000184e+00 1.994149000000000060e-01
2.192952000000000012e+00 2.044324999999999892e-01
2.197991000000000028e+00 2.095565000000000067e-01
2.203012000000000192e+00 2.147350000000000092e-01
2.208051999999999904e+00 2.199913000000000007e-01
2.213061000000000167e+00 2.252991000000000021e-01
2.218109000000000108e+00 2.306894999999999918e-01
2.223138000000000059e+00 2.361151999999999973e-01
2.228184999999999860e+00 2.416049999999999864e-01
2.232883999999999869e+00 2.468737000000000015e-01
2.237910999999999984e+00 2.524325000000000041e-01
2.242935999999999819e+00 2.580131999999999981e-01
2.247980000000000089e+00 2.636630999999999836e-01
2.253004999999999924e+00 2.693266999999999745e-01
2.258030999999999899e+00 2.750151000000000123e-01
2.263075000000000170e+00 2.807460999999999984e-01
2.268098999999999865e+00 2.864820000000000144e-01
2.273153999999999897e+00 2.922727999999999993e-01
2.278134999999999799e+00 2.980319000000000162e-01
