1.000102999999999964e+00 -2.590193999999999955e-05
1.005155000000000021e+00 -2.941418999999999967e-05
1.009814999999999907e+00 -2.999958999999999918e-05
1.014853000000000005e+00 -2.882880000000000086e-05
1.019900999999999947e+00 -2.707264999999999905e-05
1.024912000000000045e+00 -2.882882999999999957e-05
1.029946999999999946e+00 -3.117038000000000089e-05
1.034985000000000044e+00 -2.941436999999999871e-05
1.040019000000000027e+00 -2.941418999999999967e-05
1.045047999999999977e+00 -2.941416000000000096e-05
1.050111000000000017e+00 -2.882880000000000086e-05
1.055099000000000009e+00 -2.824355000000000168e-05
1.059809000000000001e+00 -2.941411000000000085e-05
1.064834999999999976e+00 -2.824331999999999914e-05
1.069874999999999909e+00 -2.882876999999999876e-05
1.074872000000000050e+00 -2.882882999999999957e-05
1.079901000000000000e+00 -2.824366999999999991e-05
1.084945999999999966e+00 -3.058480999999999966e-05
1.089984999999999982e+00 -2.941413999999999956e-05
1.094999999999999973e+00 -2.941425000000000048e-05
1.100368999999999930e+00 -2.648728000000000164e-05
1.105393999999999988e+00 -2.999976000000000091e-05
1.110440000000000094e+00 -2.999952999999999837e-05
1.115496000000000043e+00 -2.882876999999999876e-05
1.120535000000000059e+00 -2.999949999999999966e-05
1.125572000000000017e+00 -2.882891999999999909e-05
1.130589000000000066e+00 -2.765809999999999867e-05
1.135644000000000098e+00 -2.882886000000000167e-05
1.140295999999999976e+00 -2.941418999999999967e-05
1.145350000000000090e+00 -2.824345999999999877e-05
1.150382999999999933e+00 -2.882867999999999924e-05
1.155429000000000039e+00 -2.707262000000000034e-05
1.160422000000000065e+00 -2.882871000000000134e-05
1.165456999999999965e+00 -3.058486999999999708e-05
1.170481000000000105e+00 -2.882876999999999876e-05
1.175518999999999981e+00 -2.882876999999999876e-05
1.180530000000000079e+00 -2.882880000000000086e-05
1.185573999999999906e+00 -2.707282000000000078e-05
1.190604999999999913e+00 -2.941425000000000048e-05
1.195308000000000037e+00 -2.531664000000000025e-05
1.200355999999999979e+00 -2.999962000000000128e-05
1.205578000000000038e+00 -2.882909000000000082e-05
1.210463999999999984e+00 -2.882894000000000049e-05
1.215492999999999935e+00 -2.882867999999999924e-05
1.220534000000000008e+00 -2.941436999999999871e-05
1.225543000000000049e+00 -2.765809999999999867e-05
1.230585999999999958e+00 -2.999958999999999918e-05
1.235611999999999933e+00 -2.941421999999999838e-05
1.240660000000000096e+00 -2.882891999999999909e-05
1.245322000000000040e+00 -2.824374999999999873e-05
1.250366000000000088e+00 -2.765851000000000025e-05
1.255395999999999956e+00 -2.882911999999999953e-05
1.260426999999999964e+00 -3.058509999999999961e-05
1.265441000000000038e+00 -2.882880000000000086e-05
1.270486000000000004e+00 -2.707264999999999905e-05
1.275525999999999938e+00 -2.999952999999999837e-05
1.280547000000000102e+00 -2.824343000000000006e-05
1.285592999999999986e+00 -2.941421999999999838e-05
1.290648000000000017e+00 -2.824345999999999877e-05
1.295682999999999918e+00 -3.175592000000000004e-05
1.301053999999999933e+00 -2.765829999999999911e-05
1.306092999999999948e+00 -2.824345999999999877e-05
1.311115999999999948e+00 -2.999956000000000047e-05
1.316149999999999931e+00 -2.707267000000000045e-05
1.321180999999999939e+00 -2.824343000000000006e-05
1.325882000000000005e+00 -2.648739999999999987e-05
1.330875999999999948e+00 -2.765813000000000077e-05
1.335906999999999956e+00 -2.999964999999999999e-05
1.340937999999999963e+00 -2.882896999999999920e-05
1.345982999999999929e+00 -2.941440000000000081e-05
1.351029999999999953e+00 -2.824389999999999906e-05
1.356020999999999921e+00 -2.824378000000000083e-05
1.361061999999999994e+00 -3.175583000000000052e-05
1.366101999999999927e+00 -2.765835999999999992e-05
1.371137999999999968e+00 -3.058524000000000263e-05
1.376169999999999893e+00 -2.882894000000000049e-05
1.380875999999999992e+00 -2.941405000000000004e-05
1.385888999999999927e+00 -2.824345999999999877e-05
1.390930999999999917e+00 -2.999967999999999870e-05
1.395952000000000082e+00 -2.999964999999999999e-05
1.400992000000000015e+00 -2.824355000000000168e-05
1.406023000000000023e+00 -2.765809999999999867e-05
1.411062999999999956e+00 -2.531671999999999907e-05
1.416063999999999989e+00 -2.707278999999999868e-05
1.421100999999999948e+00 -2.999962000000000128e-05
1.426142000000000021e+00 -2.824345999999999877e-05
1.431173000000000028e+00 -2.882894000000000049e-05
1.435872000000000037e+00 -2.590221000000000149e-05
1.440878000000000103e+00 -2.648744999999999998e-05
1.445891999999999955e+00 -2.765813000000000077e-05
1.450946999999999987e+00 -2.590200000000000035e-05
1.455986999999999920e+00 -2.882891999999999909e-05
1.461044999999999927e+00 -2.531666999999999896e-05
1.466077999999999992e+00 -2.707297000000000111e-05
1.471111999999999975e+00 -2.707275999999999997e-05
1.476158000000000081e+00 -2.590208999999999987e-05
1.481208000000000080e+00 -2.531671999999999907e-05
1.485864999999999991e+00 -2.707278999999999868e-05
1.490901999999999950e+00 -2.648744999999999998e-05
1.495935999999999932e+00 -2.590211999999999858e-05
1.501611999999999947e+00 -2.707282000000000078e-05
1.506660000000000110e+00 -2.473139000000000107e-05
1.511341999999999963e+00 -2.356059999999999936e-05
1.516370999999999913e+00 -2.121921999999999976e-05
1.521406999999999954e+00 -2.356073999999999899e-05
1.526426000000000061e+00 -2.063388999999999837e-05
1.531462000000000101e+00 -1.946322000000000167e-05
1.536496000000000084e+00 -2.297526000000000066e-05
1.541531999999999902e+00 -1.653636000000000035e-05
1.546575000000000033e+00 -1.536553999999999993e-05
1.551598000000000033e+00 -1.536569000000000026e-05
1.556635999999999909e+00 -1.536566000000000155e-05
1.561663999999999941e+00 -1.126809999999999974e-05
1.566381000000000023e+00 -8.926726999999999278e-06
1.571393000000000040e+00 -6.585294999999999941e-06
1.576432999999999973e+00 -2.487621000000000064e-06
1.581458000000000030e+00 1.024454999999999918e-06
1.586497000000000046e+00 6.292772000000000201e-06
1.591496000000000022e+00 1.214615999999999960e-05
1.596527999999999947e+00 1.448748000000000008e-05
1.601560000000000095e+00 2.443897999999999958e-05
1.606597000000000053e+00 3.029254999999999849e-05
1.611617000000000077e+00 3.790198000000000265e-05
1.616648000000000085e+00 4.726802999999999745e-05
1.621342000000000061e+00 5.370680999999999952e-05
1.626379999999999937e+00 6.775566999999999701e-05
1.631448999999999927e+00 7.829224000000000513e-05
1.636484000000000050e+00 9.351127999999999892e-05
1.641515999999999975e+00 1.069747999999999977e-04
1.646555999999999909e+00 1.233650999999999888e-04
1.651594999999999924e+00 1.415110000000000077e-04
1.656606999999999941e+00 1.602428000000000034e-04
1.661635999999999891e+00 1.778035000000000130e-04
1.666674999999999907e+00 2.041451000000000116e-04
1.671364999999999990e+00 2.293154999999999900e-04
1.676374999999999948e+00 2.533154000000000243e-04
1.681411999999999907e+00 2.808274000000000143e-04
1.686444999999999972e+00 3.159492000000000073e-04
1.691481000000000012e+00 3.487292999999999817e-04
1.696492000000000111e+00 3.832657999999999855e-04
1.701866000000000101e+00 4.295093999999999843e-04
1.706893999999999911e+00 4.745821999999999910e-04
1.711932000000000009e+00 5.260940999999999881e-04
1.716960999999999959e+00 5.822886999999999464e-04
1.721989999999999910e+00 6.431657999999999603e-04
1.727028000000000008e+00 7.134093999999999462e-04
1.732059999999999933e+00 7.906775000000000001e-04
1.737100000000000088e+00 8.784818000000000227e-04
1.742113000000000023e+00 9.756517999999999614e-04
1.747155999999999931e+00 1.083944000000000097e-03
1.751841999999999899e+00 1.193407000000000062e-03
1.756885999999999948e+00 1.325699000000000061e-03
1.761887999999999899e+00 1.471452999999999954e-03
1.766917000000000071e+00 1.634768999999999892e-03
1.771951999999999972e+00 1.815060999999999975e-03
1.776985000000000037e+00 2.006473999999999844e-03
1.782002000000000086e+00 2.221887000000000081e-03
1.787034000000000011e+00 2.458959000000000145e-03
1.792073999999999945e+00 2.710665000000000123e-03
1.797104999999999952e+00 2.988710999999999798e-03
1.802176000000000000e+00 3.291342999999999960e-03
1.806869999999999976e+00 3.592805000000000130e-03
1.811901999999999902e+00 3.936997000000000239e-03
1.816937000000000024e+00 4.308115999999999855e-03
1.821966999999999892e+00 4.701480000000000069e-03
1.826983000000000024e+00 5.120600000000000325e-03
1.832017000000000007e+00 5.567815000000000264e-03
1.837053999999999965e+00 6.040788000000000060e-03
1.842098000000000013e+00 6.540685000000000075e-03
1.847088999999999981e+00 7.061656999999999830e-03
1.852127000000000079e+00 7.617162999999999712e-03
1.857161999999999979e+00 8.197845000000000479e-03
1.861855999999999955e+00 8.765057999999999183e-03
1.866875999999999980e+00 9.392568000000000444e-03
1.871922000000000086e+00 1.005461000000000028e-02
1.876954999999999929e+00 1.074241000000000085e-02
1.881982000000000044e+00 1.145654999999999937e-02
1.887010999999999994e+00 1.219820999999999926e-02
1.892104000000000008e+00 1.297323000000000053e-02
1.897142000000000106e+00 1.376638999999999988e-02
1.902514999999999956e+00 1.464208999999999997e-02
1.907551999999999914e+00 1.549204000000000032e-02
1.912563000000000013e+00 1.636421999999999877e-02
1.917615000000000069e+00 1.726509999999999850e-02
1.922635000000000094e+00 1.818762999999999977e-02
1.927678000000000003e+00 1.914528000000000063e-02
1.932666999999999913e+00 2.011287999999999965e-02
1.937370000000000037e+00 2.105121999999999896e-02
1.942399999999999904e+00 2.208028000000000074e-02
1.947448999999999986e+00 2.313451999999999870e-02
1.952466999999999953e+00 2.420807000000000167e-02
1.957502999999999993e+00 2.531322999999999906e-02
1.962541000000000091e+00 2.644296999999999967e-02
1.967565000000000008e+00 2.759380000000000166e-02
1.972617000000000065e+00 2.878092999999999971e-02
1.977667999999999981e+00 2.999378000000000113e-02
1.982698000000000071e+00 3.122948000000000043e-02
1.987727000000000022e+00 3.248917999999999945e-02
1.992436000000000096e+00 3.369736999999999733e-02
1.997446000000000055e+00 3.500212999999999935e-02
2.002473999999999865e+00 3.633909999999999918e-02
2.007531999999999872e+00 3.771237000000000200e-02
2.012557000000000151e+00 3.910671000000000286e-02
2.017558999999999880e+00 4.052386000000000182e-02
2.022590000000000110e+00 4.198198999999999681e-02
2.027635000000000076e+00 4.346470000000000194e-02
2.032650999999999986e+00 4.497668999999999973e-02
2.037701999999999902e+00 4.652379999999999710e-02
2.042702999999999935e+00 4.809374999999999761e-02
2.047410000000000174e+00 4.960807999999999884e-02
2.052442000000000100e+00 5.124768999999999852e-02
2.057479999999999976e+00 5.292415999999999787e-02
2.062520000000000131e+00 5.463632999999999684e-02
2.067556000000000171e+00 5.638241000000000086e-02
2.072579000000000171e+00 5.817072000000000215e-02
2.077617000000000047e+00 5.999531999999999782e-02
2.082635999999999932e+00 6.185795000000000182e-02
2.087664999999999882e+00 6.375506999999999702e-02
2.092699000000000087e+00 6.570431999999999662e-02
2.097414000000000112e+00 6.758214999999999362e-02
2.103080999999999978e+00 6.983466000000000673e-02
2.108117000000000019e+00 7.193201999999999929e-02
2.113153000000000059e+00 7.407092999999999317e-02
2.118186000000000124e+00 7.625843999999999678e-02
2.123224000000000000e+00 7.850622999999999629e-02
2.127899999999999903e+00 8.066209000000000573e-02
2.132937000000000083e+00 8.301057000000000574e-02
2.137957999999999803e+00 8.542400999999999467e-02
2.143009000000000164e+00 8.790008000000000543e-02
2.148054000000000130e+00 9.044465000000000143e-02
2.153089000000000031e+00 9.305301000000000544e-02
2.158113000000000170e+00 9.573102999999999474e-02
2.163159999999999972e+00 9.849046000000000189e-02
2.168168000000000095e+00 1.013107000000000035e-01
2.173214999999999897e+00 1.042257999999999935e-01
2.177916999999999881e+00 1.070694999999999980e-01
2.182943999999999996e+00 1.101368000000000069e-01
2.187990999999999797e+00 1.133181999999999939e-01
2.192981000000000069e+00 1.165641000000000038e-01
2.198020000000000085e+00 1.199304999999999954e-01
2.203037999999999830e+00 1.233999000000000068e-01
2.208086000000000215e+00 1.269905000000000062e-01
2.213090999999999919e+00 1.306660000000000044e-01
2.218142999999999976e+00 1.344960000000000044e-01
2.223161999999999860e+00 1.384260999999999964e-01
2.228209999999999802e+00 1.424920000000000075e-01
2.232915000000000205e+00 1.464860000000000051e-01
2.237940000000000040e+00 1.507843000000000100e-01
2.242973000000000106e+00 1.552236999999999922e-01
2.248006999999999866e+00 1.598140999999999867e-01
2.253033999999999981e+00 1.645349999999999868e-01
2.258055999999999841e+00 1.694111000000000089e-01
2.263101999999999947e+00 1.744265000000000121e-01
2.268116000000000021e+00 1.795805000000000040e-01
2.273166999999999938e+00 1.849068000000000100e-01
2.278159000000000045e+00 1.903405999999999987e-01
2.283198000000000061e+00 1.959507000000000054e-01
2.287900000000000045e+00 2.014694999999999958e-01
2.292933999999999806e+00 2.073417999999999928e-01
2.297946000000000044e+00 2.133627999999999914e-01
2.303656999999999844e+00 2.200517999999999919e-01
2.308680999999999983e+00 2.264895000000000103e-01
2.313396000000000008e+00 2.327940000000000009e-01
2.318445000000000089e+00 2.394798999999999956e-01
2.323482999999999965e+00 2.463397999999999977e-01
2.328514000000000195e+00 2.533459000000000128e-01
2.333556999999999881e+00 2.604944000000000148e-01
2.338595000000000201e+00 2.677529000000000159e-01
2.343609999999999971e+00 2.750810000000000199e-01
2.348640000000000061e+00 2.825004999999999877e-01
2.353673000000000126e+00 2.899848999999999899e-01
2.358705000000000052e+00 2.975265999999999744e-01
