1.499965999999999910e+00 -3.176953999999999737e-05
1.506647999999999987e+00 -3.352558000000000166e-05
1.512335999999999903e+00 -3.352569000000000257e-05
1.519063999999999970e+00 -3.176960000000000157e-05
1.525082000000000049e+00 -3.411103000000000128e-05
1.531462000000000101e+00 -3.352562999999999838e-05
1.537511000000000072e+00 -3.294033000000000247e-05
1.543881999999999977e+00 -3.352591999999999833e-05
1.549928999999999890e+00 -3.294035999999999780e-05
1.556642999999999999e+00 -3.176956999999999947e-05
1.562675999999999954e+00 -3.176971000000000249e-05
1.569042999999999966e+00 -3.235492999999999957e-05
1.575088000000000044e+00 -3.176960000000000157e-05
1.581461000000000006e+00 -3.118428999999999819e-05
1.587480999999999920e+00 -3.118428999999999819e-05
1.593849999999999989e+00 -3.118432000000000029e-05
1.600562000000000040e+00 -2.942834000000000021e-05
1.606610000000000094e+00 -2.650160000000000051e-05
1.612970000000000015e+00 -2.767220999999999979e-05
1.619011999999999896e+00 -2.884305999999999892e-05
1.625383999999999940e+00 -2.591638000000000004e-05
1.631470999999999894e+00 -2.240412999999999991e-05
1.638169999999999904e+00 -2.181910999999999988e-05
1.644249999999999989e+00 -1.830692000000000056e-05
1.650595999999999952e+00 -1.479472999999999955e-05
1.656611000000000056e+00 -1.303884000000000068e-05
1.662976999999999927e+00 -6.014743000000000326e-06
1.669024000000000063e+00 -3.088206999999999908e-06
1.675372000000000083e+00 3.936089000000000220e-06
1.681416999999999939e+00 1.271637000000000036e-05
1.688131000000000048e+00 2.383775000000000059e-05
1.694177000000000044e+00 3.378847000000000144e-05
1.700523999999999925e+00 4.432457999999999770e-05
1.706901000000000002e+00 6.071411000000000272e-05
1.712941999999999965e+00 7.885976999999999798e-05
1.719646000000000008e+00 9.817598000000000188e-05
1.725357999999999947e+00 1.210043000000000029e-04
1.732064000000000048e+00 1.485155000000000047e-04
1.738091000000000053e+00 1.777822999999999936e-04
1.744469999999999965e+00 2.105615999999999933e-04
1.750507000000000035e+00 2.462672999999999859e-04
1.756890000000000063e+00 2.907532999999999797e-04
1.762890000000000068e+00 3.381657999999999734e-04
1.769614000000000020e+00 3.996265999999999729e-04
1.775646000000000058e+00 4.622582000000000188e-04
1.782003000000000004e+00 5.377675000000000380e-04
1.788040000000000074e+00 6.197147999999999980e-04
1.794416000000000011e+00 7.215643999999999791e-04
1.801145999999999914e+00 8.503396999999999996e-04
1.806864999999999943e+00 9.726758999999999752e-04
1.813579000000000052e+00 1.141840000000000086e-03
1.819617999999999958e+00 1.311588000000000033e-03
1.825976000000000043e+00 1.517041999999999913e-03
1.832016000000000089e+00 1.734791000000000067e-03
1.838397000000000059e+00 1.993510999999999894e-03
1.844449999999999923e+00 2.262183000000000076e-03
1.851120000000000099e+00 2.587046999999999871e-03
1.857162999999999897e+00 2.914838999999999798e-03
1.863536999999999999e+00 3.290042999999999874e-03
1.869550000000000045e+00 3.672855000000000043e-03
1.875945999999999891e+00 4.111278000000000328e-03
1.881974999999999953e+00 4.550282000000000111e-03
1.888425000000000020e+00 5.054262000000000338e-03
1.894460999999999951e+00 5.554143000000000101e-03
1.901170999999999944e+00 6.144753000000000194e-03
1.907551999999999914e+00 6.734775000000000136e-03
1.913575000000000026e+00 7.321870999999999761e-03
1.919955000000000078e+00 7.974530999999999981e-03
1.925988999999999951e+00 8.618989999999999985e-03
1.932665000000000077e+00 9.362960000000000033e-03
1.938377000000000017e+00 1.002204999999999936e-02
1.945087999999999928e+00 1.082222000000000045e-02
1.951138000000000039e+00 1.157204000000000045e-02
1.957497000000000043e+00 1.238858999999999967e-02
1.963532000000000055e+00 1.318699000000000086e-02
1.969915000000000083e+00 1.405563999999999945e-02
1.975988000000000078e+00 1.490964999999999999e-02
1.982691999999999899e+00 1.587254000000000095e-02
1.988736000000000059e+00 1.676928000000000099e-02
1.995120000000000005e+00 1.773978000000000013e-02
2.001472000000000140e+00 1.872725000000000084e-02
2.007519999999999971e+00 1.969539999999999833e-02
2.014241000000000170e+00 2.079525999999999944e-02
2.019900999999999947e+00 2.174761999999999876e-02
2.026619000000000170e+00 2.289605000000000112e-02
2.032653999999999961e+00 2.395492999999999928e-02
2.039016999999999857e+00 2.509341000000000002e-02
2.045056999999999903e+00 2.620729999999999935e-02
2.051431000000000004e+00 2.739673000000000108e-02
2.057481000000000115e+00 2.855805000000000149e-02
2.064181000000000044e+00 2.986161000000000024e-02
2.070230000000000015e+00 3.107793999999999834e-02
2.076605999999999952e+00 3.237447999999999715e-02
2.082634999999999792e+00 3.363648000000000332e-02
2.089004999999999779e+00 3.499096000000000151e-02
2.095040000000000013e+00 3.630506000000000011e-02
2.101427999999999852e+00 3.771863999999999773e-02
2.108108999999999789e+00 3.922942000000000096e-02
2.114136999999999933e+00 4.063366000000000200e-02
2.120518999999999821e+00 4.214148999999999673e-02
2.126538000000000039e+00 4.360366000000000242e-02
2.132928000000000157e+00 4.517824000000000145e-02
2.138962999999999948e+00 4.670654999999999946e-02
2.145715000000000039e+00 4.843858000000000191e-02
2.151409000000000127e+00 4.995577999999999824e-02
2.158117999999999981e+00 5.175276999999999655e-02
2.164166999999999952e+00 5.342979999999999952e-02
2.170522000000000062e+00 5.521684000000000314e-02
2.176575000000000149e+00 5.697287000000000184e-02
2.182948000000000111e+00 5.884712000000000276e-02
2.188956999999999820e+00 6.067572999999999717e-02
2.195660000000000167e+00 6.272323000000000481e-02
2.202042000000000055e+00 6.474264999999999881e-02
2.208086000000000215e+00 6.672111000000000014e-02
2.214437000000000211e+00 6.882834999999999648e-02
2.220495000000000108e+00 7.090749999999999831e-02
2.227195000000000036e+00 7.322251999999999927e-02
2.232921999999999851e+00 7.531570999999999405e-02
2.239631000000000149e+00 7.775366000000000222e-02
2.245664000000000105e+00 8.006224000000000673e-02
2.252044999999999852e+00 8.253470999999999724e-02
2.258070000000000022e+00 8.497383000000000020e-02
2.264441999999999844e+00 8.758736999999999773e-02
2.270481000000000193e+00 9.017221000000000264e-02
2.277162999999999826e+00 9.305210999999999344e-02
2.283205000000000151e+00 9.581201000000000301e-02
2.289575000000000138e+00 9.877267000000000685e-02
2.295634999999999870e+00 1.017186999999999952e-01
2.301982999999999890e+00 1.048701999999999968e-01
2.308689999999999909e+00 1.082897000000000026e-01
2.314401999999999848e+00 1.114575000000000010e-01
2.321133000000000113e+00 1.151370000000000032e-01
2.327185000000000059e+00 1.186964999999999965e-01
2.333560999999999996e+00 1.225358000000000003e-01
2.339580999999999911e+00 1.263890000000000013e-01
2.345960999999999963e+00 1.305695000000000050e-01
2.351999999999999869e+00 1.347996999999999945e-01
2.358712000000000142e+00 1.395662000000000014e-01
2.364383000000000123e+00 1.440757000000000010e-01
2.371107999999999993e+00 1.493198000000000025e-01
2.377136999999999833e+00 1.545457000000000081e-01
2.383493000000000084e+00 1.602065000000000017e-01
2.389539000000000080e+00 1.660411999999999999e-01
2.395912000000000042e+00 1.724301000000000028e-01
2.402646999999999977e+00 1.794729999999999936e-01
2.408672000000000146e+00 1.865462999999999982e-01
2.415024999999999977e+00 1.942634000000000027e-01
2.421069999999999833e+00 2.022849999999999926e-01
2.427433000000000174e+00 2.110403999999999891e-01
2.433476999999999890e+00 2.200962999999999947e-01
2.440183999999999909e+00 2.302665000000000128e-01
2.445907000000000053e+00 2.403243999999999936e-01
2.452564999999999884e+00 2.516320000000000223e-01
2.458607999999999905e+00 2.631053999999999893e-01
2.464999999999999858e+00 2.752985000000000015e-01
2.471010999999999846e+00 2.877235000000000209e-01
2.474283999999999928e+00 2.998956999999999873e-01
