1.499956999999999985e+00 -3.060189000000000187e-05
1.506634999999999946e+00 -3.060182999999999767e-05
1.512340999999999935e+00 -3.118717000000000315e-05
1.519052999999999987e+00 -3.177264999999999809e-05
1.525084000000000106e+00 -3.001643999999999886e-05
1.531430000000000069e+00 -3.177253999999999718e-05
1.537492999999999999e+00 -3.060182999999999767e-05
1.543892000000000042e+00 -3.352866000000000028e-05
1.549921000000000104e+00 -3.235776000000000104e-05
1.556626999999999983e+00 -3.118723000000000057e-05
1.562696000000000085e+00 -3.001652999999999838e-05
1.569029000000000007e+00 -2.826045999999999878e-05
1.575077999999999978e+00 -2.884580000000000087e-05
1.581461000000000006e+00 -2.884585000000000098e-05
1.587525000000000075e+00 -2.591920000000000080e-05
1.593838000000000088e+00 -2.708987000000000089e-05
1.600546999999999942e+00 -2.474846999999999990e-05
1.606592000000000020e+00 -2.299248999999999981e-05
1.612951999999999941e+00 -2.357786000000000061e-05
1.619086000000000025e+00 -2.182166999999999939e-05
1.625369999999999981e+00 -1.830974000000000132e-05
1.631442999999999977e+00 -1.713925000000000027e-05
1.638141000000000069e+00 -1.304203999999999922e-05
1.644192000000000098e+00 -7.188501000000000108e-06
1.650576999999999961e+00 -3.676512000000000198e-06
1.656603999999999965e+00 1.591455999999999980e-06
1.662957999999999936e+00 8.030124999999999625e-06
1.669011999999999940e+00 1.563950000000000163e-05
1.675356999999999985e+00 2.617575000000000091e-05
1.681402000000000063e+00 3.788271000000000308e-05
1.688112999999999975e+00 4.900394999999999691e-05
1.694166999999999978e+00 6.480802999999999553e-05
1.700522000000000089e+00 8.353902000000000235e-05
1.706892000000000076e+00 1.022697000000000010e-04
1.712938999999999989e+00 1.239272000000000084e-04
1.719635000000000025e+00 1.490965999999999982e-04
1.725343000000000071e+00 1.801193999999999885e-04
1.732053999999999983e+00 2.146542000000000090e-04
1.738080999999999987e+00 2.491893000000000233e-04
1.744461999999999957e+00 2.919188000000000078e-04
1.750499000000000027e+00 3.358192000000000186e-04
1.756876000000000104e+00 3.931822000000000181e-04
1.762885000000000035e+00 4.534720000000000114e-04
1.769600999999999980e+00 5.301511000000000071e-04
1.775635999999999992e+00 6.091713000000000336e-04
1.782000999999999946e+00 7.051667999999999652e-04
1.788035000000000041e+00 8.105271999999999737e-04
1.794408999999999921e+00 9.463257999999999783e-04
1.801136999999999988e+00 1.102611000000000086e-03
1.806867000000000001e+00 1.258311000000000021e-03
1.813574999999999937e+00 1.464933999999999984e-03
1.819609999999999950e+00 1.672143000000000067e-03
1.825973999999999986e+00 1.919742000000000106e-03
1.832017999999999924e+00 2.180801999999999914e-03
1.838391000000000108e+00 2.484006999999999882e-03
1.844446999999999948e+00 2.805356000000000169e-03
1.851116999999999901e+00 3.186997000000000007e-03
1.857153000000000054e+00 3.565710000000000147e-03
1.863536000000000081e+00 3.998859999999999915e-03
1.869547000000000070e+00 4.436105000000000083e-03
1.875931999999999933e+00 4.937154000000000022e-03
1.881968000000000085e+00 5.440546000000000097e-03
1.888408000000000087e+00 6.009491999999999959e-03
1.894446000000000074e+00 6.574344000000000195e-03
1.901161000000000101e+00 7.238698000000000007e-03
1.907543999999999906e+00 7.900130000000000000e-03
1.913570999999999911e+00 8.560391000000000528e-03
1.919960000000000111e+00 9.283285000000000495e-03
1.925988999999999951e+00 9.997980000000000061e-03
1.932673000000000085e+00 1.082330999999999918e-02
1.938376000000000099e+00 1.155380999999999943e-02
1.945084000000000035e+00 1.244000999999999961e-02
1.951141000000000014e+00 1.326884000000000050e-02
1.957492999999999927e+00 1.416909000000000050e-02
1.963524000000000047e+00 1.504943000000000079e-02
1.969913999999999943e+00 1.600704999999999836e-02
1.975973999999999897e+00 1.694299999999999973e-02
1.982688000000000006e+00 1.800596000000000141e-02
1.988726999999999911e+00 1.899226999999999860e-02
1.995122000000000062e+00 2.005991999999999845e-02
2.001462000000000074e+00 2.114689999999999973e-02
2.007512000000000185e+00 2.220986999999999961e-02
2.014235000000000220e+00 2.341330999999999968e-02
2.019897999999999971e+00 2.446049000000000140e-02
2.026621000000000006e+00 2.572013000000000077e-02
2.032653999999999961e+00 2.688495000000000121e-02
2.039007999999999932e+00 2.813405000000000072e-02
2.045053999999999927e+00 2.935505999999999879e-02
2.051425000000000054e+00 3.066446999999999923e-02
2.057468000000000075e+00 3.193816000000000016e-02
2.064172999999999814e+00 3.336813000000000279e-02
2.070227000000000039e+00 3.469918999999999781e-02
2.076594000000000051e+00 3.612333000000000210e-02
2.082622999999999891e+00 3.751057000000000002e-02
2.088989000000000207e+00 3.899555999999999856e-02
2.095025000000000137e+00 4.044191999999999926e-02
2.101415999999999951e+00 4.200186000000000197e-02
2.108095000000000052e+00 4.365895000000000192e-02
2.114129000000000147e+00 4.520307999999999965e-02
2.120506999999999920e+00 4.686135000000000300e-02
2.126536000000000204e+00 4.847746000000000000e-02
2.132913999999999977e+00 5.020594999999999919e-02
2.138952000000000186e+00 5.189817000000000041e-02
2.145699000000000023e+00 5.380399999999999766e-02
2.151396999999999782e+00 5.548920999999999715e-02
2.158100000000000129e+00 5.746997000000000216e-02
2.164149000000000100e+00 5.933251999999999970e-02
2.170500999999999792e+00 6.131269999999999776e-02
2.176553000000000182e+00 6.326300999999999453e-02
2.182925000000000004e+00 6.534391999999999978e-02
2.188941999999999943e+00 6.738093000000000554e-02
2.195641000000000176e+00 6.966957999999999485e-02
2.202027000000000179e+00 7.193072999999999828e-02
2.208069000000000059e+00 7.414447999999999872e-02
2.214418999999999915e+00 7.651099000000000094e-02
2.220472000000000001e+00 7.884940999999999478e-02
2.227180999999999855e+00 8.146349999999999425e-02
2.232892000000000099e+00 8.383588999999999625e-02
2.239611000000000018e+00 8.660281000000000229e-02
2.245635000000000048e+00 8.922860000000000513e-02
2.252022999999999886e+00 9.206161999999999679e-02
2.258033999999999875e+00 9.484784000000000270e-02
2.264412000000000091e+00 9.785705000000000098e-02
2.270468000000000153e+00 1.008539999999999992e-01
2.277150999999999925e+00 1.041915999999999953e-01
2.283186000000000160e+00 1.074125999999999970e-01
2.289557999999999982e+00 1.108801999999999982e-01
2.295618000000000158e+00 1.143635000000000068e-01
2.301962000000000064e+00 1.181014999999999981e-01
2.308666999999999803e+00 1.221654999999999963e-01
2.314385000000000137e+00 1.259743000000000113e-01
2.321115999999999957e+00 1.303929000000000060e-01
2.327163000000000093e+00 1.347308999999999868e-01
2.333543000000000145e+00 1.394287999999999916e-01
2.339567000000000174e+00 1.441776999999999920e-01
2.345937000000000161e+00 1.493527000000000049e-01
2.351977000000000206e+00 1.546358999999999928e-01
2.358700999999999937e+00 1.605946000000000040e-01
2.364367000000000107e+00 1.663092999999999932e-01
2.371083000000000052e+00 1.729341000000000073e-01
2.377124999999999932e+00 1.795899999999999996e-01
2.383483000000000018e+00 1.868124999999999925e-01
2.389533000000000129e+00 1.942859999999999865e-01
2.395899000000000001e+00 2.023998999999999937e-01
2.402626999999999846e+00 2.113209000000000060e-01
2.408654999999999990e+00 2.202444000000000068e-01
2.415008999999999961e+00 2.298592000000000135e-01
2.421056999999999793e+00 2.397614000000000134e-01
2.427416000000000018e+00 2.503769000000000133e-01
2.433450999999999809e+00 2.612109000000000236e-01
2.440172000000000008e+00 2.730500000000000149e-01
2.445896999999999988e+00 2.845303000000000138e-01
2.452557999999999794e+00 2.971131000000000189e-01
