1.000086999999999948e+00 -3.060035000000000256e-05
1.005189000000000110e+00 -3.235630000000000054e-05
1.009798999999999891e+00 -3.294169000000000274e-05
1.014839999999999964e+00 -3.177098999999999717e-05
1.019854999999999956e+00 -3.352690999999999983e-05
1.024901999999999980e+00 -3.177092999999999974e-05
1.029943000000000053e+00 -3.001481000000000003e-05
1.034961000000000020e+00 -3.060035000000000256e-05
1.039987999999999913e+00 -3.411231000000000273e-05
1.045031999999999961e+00 -3.294169000000000274e-05
1.050075000000000092e+00 -3.294169000000000274e-05
1.055080000000000018e+00 -3.352717999999999839e-05
1.059792999999999985e+00 -3.235639000000000006e-05
1.064762999999999904e+00 -3.294169000000000274e-05
1.069849000000000050e+00 -3.411233999999999805e-05
1.074837999999999960e+00 -3.469761999999999933e-05
1.079890000000000017e+00 -3.001489999999999955e-05
1.084934000000000065e+00 -3.060026000000000304e-05
1.090017000000000014e+00 -3.177110999999999878e-05
1.094969000000000081e+00 -3.411242999999999757e-05
1.100349999999999939e+00 -3.352696999999999725e-05
1.105377999999999972e+00 -3.235626999999999845e-05
1.110424999999999995e+00 -3.469756000000000191e-05
1.115458999999999978e+00 -3.235630000000000054e-05
1.120508999999999977e+00 -3.294160999999999715e-05
1.125537999999999927e+00 -3.352703000000000145e-05
1.130568999999999935e+00 -3.586849000000000325e-05
1.135609000000000091e+00 -3.411248000000000107e-05
1.140408000000000088e+00 -3.469764000000000073e-05
1.145326000000000066e+00 -3.469773000000000025e-05
1.150349999999999984e+00 -3.469769999999999815e-05
1.155397999999999925e+00 -3.469758999999999723e-05
1.160392000000000090e+00 -3.235624000000000312e-05
1.165429000000000048e+00 -3.235630000000000054e-05
1.170442999999999900e+00 -3.177088000000000302e-05
1.175502999999999965e+00 -3.294163999999999925e-05
1.180504999999999916e+00 -3.177096000000000184e-05
1.185542000000000096e+00 -3.469773000000000025e-05
1.190571000000000046e+00 -3.177085000000000092e-05
1.195271999999999890e+00 -3.352703000000000145e-05
1.200331999999999955e+00 -3.235624000000000312e-05
1.205397999999999969e+00 -3.352705999999999677e-05
1.210441000000000100e+00 -3.411269000000000221e-05
1.215465000000000018e+00 -3.586842999999999905e-05
1.220512999999999959e+00 -3.411228000000000063e-05
1.225511000000000017e+00 -3.294163999999999925e-05
1.230547999999999975e+00 -3.411228000000000063e-05
1.235592999999999941e+00 -3.235630000000000054e-05
1.240626000000000007e+00 -3.469776000000000235e-05
1.245211999999999986e+00 -3.352705999999999677e-05
1.250329999999999941e+00 -3.118569000000000126e-05
1.255378000000000105e+00 -3.235626999999999845e-05
1.260410999999999948e+00 -3.235633000000000264e-05
1.265424000000000104e+00 -3.294175000000000017e-05
1.270416999999999907e+00 -3.411240000000000225e-05
1.275498000000000021e+00 -3.235639000000000006e-05
1.280521999999999938e+00 -3.294171999999999807e-05
1.285570000000000102e+00 -3.177096000000000184e-05
1.290620000000000100e+00 -3.294169000000000274e-05
1.295660000000000034e+00 -3.060035000000000256e-05
1.300920000000000076e+00 -3.411231000000000273e-05
1.306051999999999991e+00 -3.294169000000000274e-05
1.311085000000000056e+00 -3.177101999999999926e-05
1.316111999999999949e+00 -3.294180999999999759e-05
1.321155000000000079e+00 -3.352712000000000097e-05
1.325790000000000024e+00 -3.060035000000000256e-05
1.330837999999999965e+00 -3.411257000000000059e-05
1.335884000000000071e+00 -3.177098999999999717e-05
1.340916999999999915e+00 -3.001483999999999874e-05
1.345952999999999955e+00 -3.411248000000000107e-05
1.350958000000000103e+00 -3.060052000000000090e-05
1.356017000000000028e+00 -3.060040999999999998e-05
1.361032000000000020e+00 -3.118580000000000218e-05
1.366066000000000003e+00 -3.060044000000000208e-05
1.371118000000000059e+00 -3.001522000000000161e-05
1.376141000000000059e+00 -2.767375999999999980e-05
1.380848000000000075e+00 -2.884431000000000167e-05
1.385877000000000026e+00 -2.650284999999999986e-05
1.390916000000000041e+00 -2.825895000000000156e-05
1.395923999999999943e+00 -2.591766000000000149e-05
1.400962000000000041e+00 -2.533235000000000150e-05
1.405990000000000073e+00 -2.357633999999999931e-05
1.411025999999999891e+00 -2.123490999999999961e-05
1.416044000000000080e+00 -2.357637000000000141e-05
1.421065000000000023e+00 -2.240566999999999922e-05
1.426120999999999972e+00 -1.772280999999999981e-05
1.431144999999999889e+00 -1.772301000000000025e-05
1.435840999999999923e+00 -1.362553999999999965e-05
1.440858999999999890e+00 -1.245483999999999915e-05
1.445896000000000070e+00 -1.011348999999999996e-05
1.450922000000000045e+00 -6.601535000000000145e-06
1.455962999999999896e+00 -1.918786000000000199e-06
1.461006000000000027e+00 1.593172999999999942e-06
1.466056999999999944e+00 2.178596000000000088e-06
1.471089000000000091e+00 8.617265999999999972e-06
1.476135999999999893e+00 1.505601999999999921e-05
1.481143000000000098e+00 2.090921000000000034e-05
1.485857999999999901e+00 2.676275000000000054e-05
1.490882999999999958e+00 3.261602000000000218e-05
1.495908000000000015e+00 4.022528000000000122e-05
1.501581999999999972e+00 4.900534999999999998e-05
1.506626000000000021e+00 5.954175000000000299e-05
1.511309999999999931e+00 6.656584000000000166e-05
1.516342999999999996e+00 7.885814000000000593e-05
1.521376999999999979e+00 8.939413000000000057e-05
1.526397999999999922e+00 1.040276999999999934e-04
1.531436000000000019e+00 1.186609000000000009e-04
1.536473999999999895e+00 1.338799000000000055e-04
1.541503999999999985e+00 1.496841000000000057e-04
1.546545000000000059e+00 1.666589999999999912e-04
1.551571000000000033e+00 1.807071999999999899e-04
1.556610999999999967e+00 2.011939999999999985e-04
1.561644999999999950e+00 2.257783999999999930e-04
1.566332999999999975e+00 2.450945999999999962e-04
1.571368000000000098e+00 2.708494999999999891e-04
1.576406999999999892e+00 2.930922999999999992e-04
1.581431999999999949e+00 3.223591000000000152e-04
1.586470999999999965e+00 3.522115999999999940e-04
1.591474000000000055e+00 3.826489000000000084e-04
1.596508999999999956e+00 4.177693999999999917e-04
1.601537999999999906e+00 4.552315000000000137e-04
1.606573000000000029e+00 4.973755999999999750e-04
1.611598000000000086e+00 5.389352000000000031e-04
1.616627999999999954e+00 5.869329999999999860e-04
1.621323000000000070e+00 6.343451999999999858e-04
1.626368999999999954e+00 6.928792999999999714e-04
1.631423999999999985e+00 7.502423999999999508e-04
1.636463999999999919e+00 8.198981999999999624e-04
1.641496000000000066e+00 8.965775000000000263e-04
1.646536000000000000e+00 9.767688999999999105e-04
1.651574000000000098e+00 1.070423000000000034e-03
1.656579000000000024e+00 1.169345000000000020e-03
1.661604999999999999e+00 1.279388999999999917e-03
1.666647999999999907e+00 1.401724999999999933e-03
1.671345999999999998e+00 1.524647000000000068e-03
1.676339999999999941e+00 1.670395000000000083e-03
1.681381999999999932e+00 1.830194000000000048e-03
1.686411000000000104e+00 2.005794999999999887e-03
1.691449999999999898e+00 2.198957000000000082e-03
1.696469999999999922e+00 2.411435999999999875e-03
1.701840000000000019e+00 2.659620000000000126e-03
1.706879000000000035e+00 2.913657000000000052e-03
1.711910000000000043e+00 3.189350999999999992e-03
1.716938999999999993e+00 3.489044000000000173e-03
1.721972000000000058e+00 3.809812000000000094e-03
1.727009999999999934e+00 4.156917999999999898e-03
1.732039000000000106e+00 4.533289000000000242e-03
1.737079999999999957e+00 4.934830999999999766e-03
1.742092999999999892e+00 5.367397999999999787e-03
1.747136999999999940e+00 5.835670999999999740e-03
1.751830999999999916e+00 6.294578000000000326e-03
1.756866000000000039e+00 6.818458000000000331e-03
1.761865000000000014e+00 7.374526999999999645e-03
1.766899999999999915e+00 7.965134000000000450e-03
1.771930000000000005e+00 8.593204000000000120e-03
1.776968000000000103e+00 9.256396000000000068e-03
1.781984000000000012e+00 9.947094000000000075e-03
1.787012999999999963e+00 1.068345000000000058e-02
1.792052999999999896e+00 1.145317000000000036e-02
1.797090999999999994e+00 1.226386999999999963e-02
1.802159999999999984e+00 1.311788000000000017e-02
1.806855000000000100e+00 1.394729999999999928e-02
1.811886000000000108e+00 1.486628000000000081e-02
1.816913999999999918e+00 1.582565000000000013e-02
1.821949000000000041e+00 1.682308000000000067e-02
1.826961999999999975e+00 1.785619999999999916e-02
1.832003000000000048e+00 1.893498000000000056e-02
1.837042999999999981e+00 2.005590999999999971e-02
1.842073000000000071e+00 2.121253999999999848e-02
1.847072999999999965e+00 2.240369999999999862e-02
1.852109000000000005e+00 2.364170000000000160e-02
1.857148000000000021e+00 2.492182999999999898e-02
1.861841999999999997e+00 2.615806999999999855e-02
1.866861000000000104e+00 2.750903000000000029e-02
1.871898999999999980e+00 2.891267999999999963e-02
1.876934000000000102e+00 3.035670000000000035e-02
1.881960999999999995e+00 3.184229999999999700e-02
1.887000999999999928e+00 3.336474999999999858e-02
1.892093999999999943e+00 3.494810000000000277e-02
1.897121999999999975e+00 3.654199000000000336e-02
1.902495000000000047e+00 3.831089000000000022e-02
1.907535999999999898e+00 4.002535000000000120e-02
1.912546999999999997e+00 4.177141000000000187e-02
1.917577000000000087e+00 4.357128999999999863e-02
1.922614999999999963e+00 4.541512000000000326e-02
1.927645000000000053e+00 4.730519999999999864e-02
1.932646000000000086e+00 4.923037000000000246e-02
1.937351000000000045e+00 5.109352999999999811e-02
1.942384000000000110e+00 5.311119000000000256e-02
1.947411999999999921e+00 5.519145000000000301e-02
1.952441000000000093e+00 5.732327999999999729e-02
1.957478999999999969e+00 5.950191999999999981e-02
1.962517000000000067e+00 6.172973999999999822e-02
1.967541999999999902e+00 6.401255000000000139e-02
1.972588000000000008e+00 6.634805000000000563e-02
1.977640999999999982e+00 6.874619999999999342e-02
1.982671000000000072e+00 7.119643000000000499e-02
1.987702999999999998e+00 7.369873000000000396e-02
1.992402999999999924e+00 7.611442999999999681e-02
1.997425000000000006e+00 7.872034999999999449e-02
2.002456000000000014e+00 8.140123999999999971e-02
2.007496999999999865e+00 8.413766000000000300e-02
2.012528000000000095e+00 8.694085999999999481e-02
2.017536999999999914e+00 8.979555000000000176e-02
2.022565999999999864e+00 9.272519999999999374e-02
2.027606000000000019e+00 9.573676999999999881e-02
2.032634999999999970e+00 9.879809999999999981e-02
2.037681000000000076e+00 1.019378999999999980e-01
2.042685999999999780e+00 1.051308999999999994e-01
2.047388999999999903e+00 1.082168000000000019e-01
2.052414000000000183e+00 1.115460999999999953e-01
2.057453999999999894e+00 1.149575000000000041e-01
2.062489999999999934e+00 1.184227000000000057e-01
2.067523000000000000e+00 1.219611000000000028e-01
2.072553999999999785e+00 1.255655999999999994e-01
2.077587999999999990e+00 1.292350999999999916e-01
2.082609999999999850e+00 1.329719000000000040e-01
2.087635999999999825e+00 1.367847000000000091e-01
2.092668000000000195e+00 1.406702999999999981e-01
2.097386000000000195e+00 1.444334999999999924e-01
2.103047000000000111e+00 1.488298999999999872e-01
2.108083000000000151e+00 1.529641999999999946e-01
2.113122999999999863e+00 1.571311999999999987e-01
2.118155999999999928e+00 1.613726000000000049e-01
2.123193000000000108e+00 1.656795000000000073e-01
2.127860000000000085e+00 1.698102999999999974e-01
2.132905000000000051e+00 1.742302000000000017e-01
2.137938000000000116e+00 1.787073999999999885e-01
2.142984999999999918e+00 1.832736000000000087e-01
2.148029000000000188e+00 1.879030999999999896e-01
2.153073000000000015e+00 1.925834999999999908e-01
2.158093000000000039e+00 1.973275999999999919e-01
2.163132000000000055e+00 2.021273000000000097e-01
2.168143000000000153e+00 2.069761999999999991e-01
2.173184000000000005e+00 2.118830999999999909e-01
2.177893000000000079e+00 2.166028000000000120e-01
2.182920000000000194e+00 2.216038999999999926e-01
2.187965000000000160e+00 2.266642000000000101e-01
2.192949000000000037e+00 2.317395999999999900e-01
2.197980999999999963e+00 2.368752000000000080e-01
2.203011000000000053e+00 2.420515000000000028e-01
2.208051999999999904e+00 2.472775000000000112e-01
2.213064000000000142e+00 2.525080000000000102e-01
2.218116999999999894e+00 2.577924999999999800e-01
2.223142000000000174e+00 2.630776000000000225e-01
2.228181000000000189e+00 2.684188000000000129e-01
2.232882000000000033e+00 2.735153000000000167e-01
2.237909000000000148e+00 2.788552999999999726e-01
2.242942000000000213e+00 2.842403000000000013e-01
2.247983000000000064e+00 2.896155999999999731e-01
2.253006000000000064e+00 2.950379000000000196e-01
2.256758000000000042e+00 2.998998999999999970e-01
