1.000089000000000006e+00 -3.059449999999999990e-05
1.005131999999999914e+00 -3.235062000000000300e-05
1.009808999999999957e+00 -3.000912999999999910e-05
1.014858000000000038e+00 -3.059453000000000199e-05
1.019878000000000062e+00 -3.235064999999999832e-05
1.024917000000000078e+00 -3.059462000000000151e-05
1.029935999999999963e+00 -3.117989000000000210e-05
1.034977999999999954e+00 -3.235056999999999950e-05
1.040011000000000019e+00 -3.293596000000000170e-05
1.045045000000000002e+00 -2.942382999999999980e-05
1.050070999999999977e+00 -3.352135999999999782e-05
1.055099999999999927e+00 -3.059449999999999990e-05
1.059947999999999890e+00 -3.059453000000000199e-05
1.064823999999999993e+00 -3.176528999999999822e-05
1.069862000000000091e+00 -3.118000999999999694e-05
1.074862999999999902e+00 -3.469205999999999663e-05
1.079900000000000082e+00 -3.293601999999999912e-05
1.084926999999999975e+00 -3.352137999999999922e-05
1.089960000000000040e+00 -3.410675000000000002e-05
1.094978000000000007e+00 -3.117991999999999742e-05
1.100354000000000054e+00 -3.410675000000000002e-05
1.105377000000000054e+00 -3.293601999999999912e-05
1.110405000000000086e+00 -3.293596000000000170e-05
1.115479000000000109e+00 -3.059449999999999990e-05
1.120503000000000027e+00 -3.352133000000000250e-05
1.125553999999999943e+00 -3.235047999999999998e-05
1.130581999999999976e+00 -2.942389000000000061e-05
1.135615000000000041e+00 -2.942382999999999980e-05
1.140296999999999894e+00 -3.293598999999999702e-05
1.145334000000000074e+00 -3.059466999999999824e-05
1.150360000000000049e+00 -3.235071000000000252e-05
1.155413999999999941e+00 -3.235060000000000160e-05
1.160403000000000073e+00 -3.293596000000000170e-05
1.165437999999999974e+00 -3.293589999999999750e-05
1.170466999999999924e+00 -3.352133000000000250e-05
1.175518999999999981e+00 -3.176535000000000242e-05
1.180506999999999973e+00 -3.410675000000000002e-05
1.185550000000000104e+00 -3.293601999999999912e-05
1.190580999999999889e+00 -3.469205999999999663e-05
1.195294999999999996e+00 -3.410666000000000050e-05
1.200336000000000070e+00 -3.469205999999999663e-05
1.205419000000000018e+00 -3.293608000000000332e-05
1.210456999999999894e+00 -3.527741999999999673e-05
1.215481000000000034e+00 -3.293610999999999864e-05
1.220502999999999894e+00 -3.586289999999999845e-05
1.225525999999999893e+00 -3.352162000000000246e-05
1.230564999999999909e+00 -3.410680999999999744e-05
1.235603999999999925e+00 -3.469208999999999872e-05
1.240661999999999932e+00 -3.293589999999999750e-05
1.245308999999999999e+00 -3.235085999999999946e-05
1.250332999999999917e+00 -3.293598999999999702e-05
1.255368000000000039e+00 -3.352133000000000250e-05
1.260416999999999899e+00 -3.235056999999999950e-05
1.265427000000000080e+00 -3.117986000000000000e-05
1.270486000000000004e+00 -3.293592999999999960e-05
1.275465000000000071e+00 -3.410662999999999840e-05
1.280528000000000111e+00 -3.469208999999999872e-05
1.285571999999999937e+00 -3.352126999999999830e-05
1.290640999999999927e+00 -3.293589999999999750e-05
1.295673999999999992e+00 -3.293596000000000170e-05
1.300942999999999961e+00 -3.059455999999999732e-05
1.306073999999999957e+00 -3.176539999999999914e-05
1.311091000000000006e+00 -3.059466999999999824e-05
1.316130999999999940e+00 -3.176539999999999914e-05
1.321155999999999997e+00 -3.352133000000000250e-05
1.325871000000000022e+00 -3.176519999999999870e-05
1.330845000000000056e+00 -3.293589999999999750e-05
1.335887999999999964e+00 -3.235073999999999784e-05
1.340923000000000087e+00 -3.235062000000000300e-05
1.345965000000000078e+00 -3.235062000000000300e-05
1.350996000000000086e+00 -3.293598999999999702e-05
1.356023999999999896e+00 -3.176548999999999866e-05
1.361061999999999994e+00 -3.059462000000000151e-05
1.366079000000000043e+00 -3.000934000000000023e-05
1.371132999999999935e+00 -3.118000999999999694e-05
1.376155999999999935e+00 -2.825313000000000100e-05
1.380851000000000051e+00 -3.176532000000000032e-05
1.385869999999999935e+00 -3.352150000000000084e-05
1.390922999999999909e+00 -3.059455999999999732e-05
1.395928999999999975e+00 -3.176532000000000032e-05
1.400975999999999999e+00 -3.000925000000000071e-05
1.405996999999999941e+00 -3.235085999999999946e-05
1.411033999999999899e+00 -3.118003999999999904e-05
1.416044999999999998e+00 -3.000950999999999857e-05
1.421089999999999964e+00 -3.059475999999999776e-05
1.426128000000000062e+00 -2.825333000000000144e-05
1.431179999999999897e+00 -3.000934000000000023e-05
1.435861999999999972e+00 -3.059464999999999684e-05
1.440860000000000030e+00 -3.000963000000000019e-05
1.445896999999999988e+00 -2.883887000000000058e-05
1.450933000000000028e+00 -2.825329999999999934e-05
1.455966000000000093e+00 -2.766791000000000053e-05
1.461025999999999936e+00 -2.766782000000000101e-05
1.466059999999999919e+00 -2.591198000000000055e-05
1.471100000000000074e+00 -2.357051999999999875e-05
1.476132000000000000e+00 -2.591195999999999915e-05
1.481352000000000002e+00 -2.474131000000000046e-05
1.485843999999999943e+00 -2.298512999999999994e-05
1.490885999999999934e+00 -2.064375000000000034e-05
1.495918999999999999e+00 -2.122914999999999985e-05
1.501590999999999898e+00 -1.888763000000000063e-05
1.506620000000000070e+00 -1.713174000000000006e-05
1.511323999999999890e+00 -1.479022000000000084e-05
1.516359999999999930e+00 -1.303424000000000076e-05
1.521385999999999905e+00 -1.127826000000000067e-05
1.526402999999999954e+00 -6.595509999999999639e-06
1.531441999999999970e+00 -3.668771000000000182e-06
1.536473999999999895e+00 -2.498069000000000053e-06
1.541506000000000043e+00 6.282206999999999736e-06
1.546551999999999927e+00 9.794311999999999883e-06
1.551582000000000017e+00 1.623307000000000008e-05
1.556616000000000000e+00 2.150127000000000158e-05
1.561647999999999925e+00 2.794006000000000096e-05
1.566337000000000090e+00 3.672048000000000049e-05
1.571377999999999941e+00 4.315923000000000047e-05
1.576416999999999957e+00 5.486607999999999833e-05
1.581445999999999907e+00 6.013412999999999951e-05
1.586476999999999915e+00 7.184108999999999829e-05
1.591483999999999899e+00 8.413326999999999416e-05
1.596513000000000071e+00 9.876708000000000373e-05
1.601541000000000103e+00 1.163274999999999937e-04
1.606581000000000037e+00 1.286198999999999914e-04
1.611601999999999979e+00 1.438389999999999894e-04
1.616638999999999937e+00 1.654969000000000112e-04
1.621329999999999938e+00 1.848133000000000013e-04
1.626370000000000093e+00 2.053006999999999976e-04
1.631429000000000018e+00 2.292996999999999961e-04
1.636468999999999951e+00 2.573966000000000014e-04
1.641496999999999984e+00 2.796397999999999853e-04
1.646541999999999950e+00 3.100774999999999734e-04
1.651575000000000015e+00 3.399300000000000065e-04
1.656587999999999949e+00 3.756364000000000209e-04
1.661621999999999932e+00 4.148550999999999780e-04
1.666654000000000080e+00 4.529024000000000092e-04
1.671364999999999990e+00 4.968037000000000017e-04
1.676347000000000032e+00 5.430457000000000513e-04
1.681394000000000055e+00 5.974831000000000326e-04
1.686426999999999898e+00 6.560179000000000401e-04
1.691464999999999996e+00 7.227476000000000256e-04
1.696472999999999898e+00 7.982577999999999722e-04
1.701848999999999945e+00 8.831333999999999495e-04
1.706877999999999895e+00 9.721054999999999714e-04
1.711913000000000018e+00 1.073956000000000043e-03
1.716939999999999911e+00 1.184586999999999966e-03
1.721972000000000058e+00 1.311022999999999919e-03
1.727011000000000074e+00 1.447993999999999974e-03
1.732037000000000049e+00 1.601355000000000053e-03
1.737090999999999941e+00 1.768178999999999931e-03
1.742097999999999924e+00 1.949051999999999946e-03
1.747136000000000022e+00 2.149825000000000173e-03
1.751827999999999941e+00 2.355283000000000116e-03
1.756866999999999956e+00 2.598202999999999884e-03
1.761867999999999990e+00 2.854583999999999854e-03
1.766896000000000022e+00 3.139648999999999999e-03
1.771935000000000038e+00 3.442859999999999844e-03
1.776964999999999906e+00 3.773580999999999810e-03
1.781986999999999988e+00 4.128887000000000355e-03
1.787017000000000078e+00 4.508775999999999930e-03
1.792057000000000011e+00 4.916765000000000024e-03
1.797088999999999936e+00 5.352263000000000333e-03
1.802159000000000066e+00 5.822884000000000393e-03
1.806848000000000010e+00 6.282379999999999735e-03
1.811889000000000083e+00 6.803924000000000256e-03
1.816910000000000025e+00 7.355323999999999890e-03
1.821944000000000008e+00 7.935984999999999567e-03
1.826961999999999975e+00 8.542406000000000652e-03
1.831995999999999958e+00 9.183362000000000469e-03
1.837035999999999891e+00 9.860021999999999537e-03
1.842073000000000071e+00 1.056243999999999933e-02
1.847075000000000022e+00 1.129002999999999951e-02
1.852109000000000005e+00 1.205741999999999925e-02
1.857139000000000095e+00 1.285173000000000045e-02
1.861842999999999915e+00 1.362849999999999999e-02
1.866859999999999964e+00 1.448252000000000046e-02
1.871893000000000029e+00 1.536873000000000059e-02
1.876930999999999905e+00 1.628947999999999854e-02
1.881957000000000102e+00 1.723832999999999963e-02
1.886999000000000093e+00 1.822172000000000028e-02
1.892093000000000025e+00 1.924665999999999877e-02
1.897127999999999926e+00 2.029150999999999871e-02
1.902492999999999990e+00 2.143352000000000104e-02
1.907534999999999981e+00 2.254509999999999847e-02
1.912543000000000104e+00 2.367715999999999918e-02
1.917591999999999963e+00 2.485135999999999942e-02
1.922614999999999963e+00 2.605425999999999923e-02
1.927653999999999979e+00 2.728641000000000053e-02
1.932646000000000086e+00 2.854490000000000152e-02
1.937351000000000045e+00 2.976534999999999945e-02
1.942377999999999938e+00 3.109115999999999963e-02
1.947414999999999896e+00 3.245151999999999759e-02
1.952447000000000044e+00 3.384522999999999698e-02
1.957476999999999911e+00 3.526586999999999777e-02
1.962520000000000042e+00 3.672982000000000330e-02
1.967543999999999960e+00 3.822247000000000144e-02
1.972590000000000066e+00 3.975313999999999931e-02
1.977641999999999900e+00 4.132186999999999666e-02
1.982671999999999990e+00 4.292457000000000217e-02
1.987699000000000105e+00 4.455647000000000080e-02
1.992407999999999957e+00 4.613166999999999962e-02
1.997427000000000064e+00 4.782975999999999894e-02
2.002460999999999824e+00 4.958114000000000271e-02
2.007502000000000120e+00 5.136232999999999771e-02
2.012526999999999955e+00 5.318393999999999899e-02
2.017539000000000193e+00 5.504650999999999988e-02
2.022568999999999839e+00 5.695590999999999848e-02
2.027610000000000134e+00 5.890862999999999655e-02
2.032634999999999970e+00 6.090642000000000278e-02
2.037679999999999936e+00 6.295338999999999796e-02
2.042682000000000109e+00 6.503604999999999803e-02
2.047381999999999813e+00 6.704791000000000223e-02
2.052420000000000133e+00 6.923008999999999413e-02
2.057459000000000149e+00 7.147196999999999578e-02
2.062489999999999934e+00 7.375247000000000053e-02
2.067521999999999860e+00 7.609559999999999935e-02
2.072550999999999810e+00 7.849554000000000253e-02
2.077589999999999826e+00 8.095223999999999476e-02
2.082610999999999990e+00 8.346687999999999330e-02
2.087639999999999940e+00 8.604710999999999610e-02
2.092665999999999915e+00 8.868819000000000008e-02
2.097385000000000055e+00 9.125729000000000479e-02
2.103056000000000036e+00 9.431630000000000569e-02
2.108093999999999912e+00 9.718390999999999835e-02
2.113119999999999887e+00 1.001100999999999935e-01
2.118145999999999862e+00 1.031094000000000038e-01
2.123194999999999943e+00 1.061877999999999989e-01
2.127861999999999920e+00 1.091682999999999959e-01
2.132905000000000051e+00 1.124046999999999963e-01
2.137929999999999886e+00 1.157148999999999955e-01
2.142980999999999803e+00 1.191332999999999975e-01
2.148029999999999884e+00 1.226407000000000053e-01
2.153062999999999949e+00 1.262282999999999877e-01
2.158087000000000089e+00 1.299012999999999973e-01
2.163132000000000055e+00 1.336849999999999983e-01
2.168143000000000153e+00 1.375465999999999911e-01
2.173182999999999865e+00 1.415181000000000078e-01
2.177890999999999799e+00 1.453856000000000037e-01
2.182925000000000004e+00 1.495250999999999941e-01
2.187965000000000160e+00 1.537829000000000002e-01
2.192949000000000037e+00 1.581062000000000023e-01
2.197995999999999839e+00 1.625630999999999882e-01
2.203005999999999798e+00 1.671199999999999908e-01
2.208056000000000019e+00 1.717952000000000090e-01
2.213064000000000142e+00 1.765594000000000052e-01
2.218109000000000108e+00 1.814481000000000011e-01
2.223146999999999984e+00 1.864499000000000017e-01
2.228184999999999860e+00 1.915640999999999872e-01
2.232887999999999984e+00 1.965637000000000079e-01
2.237910999999999984e+00 2.018539000000000028e-01
2.242945999999999884e+00 2.072707000000000022e-01
2.247984000000000204e+00 2.127871000000000068e-01
2.253014999999999990e+00 2.183875999999999873e-01
2.258039000000000129e+00 2.240848000000000007e-01
2.263078000000000145e+00 2.298797999999999953e-01
2.268095999999999890e+00 2.357449000000000072e-01
2.273146999999999807e+00 2.417171999999999932e-01
2.278140000000000054e+00 2.477122999999999964e-01
2.283186000000000160e+00 2.538180999999999909e-01
2.287875000000000103e+00 2.597189999999999777e-01
2.292911000000000143e+00 2.659041999999999795e-01
2.297919999999999963e+00 2.721411000000000247e-01
2.303627000000000091e+00 2.789920000000000178e-01
2.308661999999999992e+00 2.853980999999999879e-01
2.313365999999999811e+00 2.915259000000000045e-01
2.318419000000000008e+00 2.979226999999999848e-01
