1.000072999999999990e+00 -2.884122999999999966e-05
1.005117000000000038e+00 -3.176801999999999946e-05
1.009794000000000080e+00 -2.884116999999999885e-05
1.014831000000000039e+00 -3.176794000000000064e-05
1.019867999999999997e+00 -3.352408999999999907e-05
1.024898000000000087e+00 -3.059712000000000022e-05
1.029919999999999947e+00 -3.059728999999999856e-05
1.034955999999999987e+00 -3.293860999999999735e-05
1.040016999999999969e+00 -3.001189999999999975e-05
1.045034000000000018e+00 -3.176797000000000274e-05
1.050068999999999919e+00 -3.059737999999999808e-05
1.055085000000000051e+00 -3.059724000000000184e-05
1.059773000000000076e+00 -3.001192999999999846e-05
1.064805000000000001e+00 -3.293896000000000150e-05
1.069849999999999968e+00 -3.118282999999999770e-05
1.074956999999999940e+00 -3.293872999999999896e-05
1.079885999999999902e+00 -3.293905000000000102e-05
1.084929000000000032e+00 -3.118269000000000146e-05
1.089957000000000065e+00 -3.235330000000000074e-05
1.094975000000000032e+00 -3.118269000000000146e-05
1.100340000000000096e+00 -3.059724000000000184e-05
1.105378999999999889e+00 -3.176797000000000274e-05
1.110411000000000037e+00 -3.235324000000000332e-05
1.115469000000000044e+00 -3.352388999999999863e-05
1.120506999999999920e+00 -3.176794000000000064e-05
1.125409000000000104e+00 -3.059728999999999856e-05
1.130579999999999918e+00 -3.235344999999999768e-05
1.135612000000000066e+00 -3.118265999999999936e-05
1.140298000000000034e+00 -3.293860999999999735e-05
1.145329000000000041e+00 -3.059728999999999856e-05
1.150352000000000041e+00 -3.235351000000000188e-05
1.155396000000000090e+00 -3.118294999999999932e-05
1.160406000000000049e+00 -3.176805000000000156e-05
1.165429000000000048e+00 -3.001192999999999846e-05
1.170455999999999941e+00 -3.059720999999999974e-05
1.175500999999999907e+00 -3.059737999999999808e-05
1.180512999999999924e+00 -3.118262999999999726e-05
1.185594999999999954e+00 -2.942661999999999847e-05
1.190585000000000004e+00 -3.118274999999999888e-05
1.195289000000000046e+00 -3.410942999999999777e-05
1.200328999999999979e+00 -3.059724000000000184e-05
1.205410000000000093e+00 -2.825585999999999885e-05
1.210444000000000075e+00 -3.235335999999999816e-05
1.215491000000000099e+00 -3.059737999999999808e-05
1.220512999999999959e+00 -3.059735000000000276e-05
1.225524999999999975e+00 -3.293878000000000246e-05
1.230569000000000024e+00 -3.352415000000000326e-05
1.235602000000000089e+00 -3.176797000000000274e-05
1.240636000000000072e+00 -3.176790999999999854e-05
1.245325000000000015e+00 -3.176801999999999946e-05
1.250340000000000007e+00 -3.235333000000000284e-05
1.255363000000000007e+00 -3.293875000000000036e-05
1.260415000000000063e+00 -3.176823000000000060e-05
1.265435000000000088e+00 -3.235333000000000284e-05
1.270467000000000013e+00 -3.410949000000000197e-05
1.275514999999999954e+00 -3.235351000000000188e-05
1.280534999999999979e+00 -3.293872999999999896e-05
1.285573000000000077e+00 -3.118265999999999936e-05
1.290756000000000014e+00 -3.118256999999999984e-05
1.295657999999999976e+00 -3.235335999999999816e-05
1.301020999999999983e+00 -3.176810999999999898e-05
1.306070999999999982e+00 -3.235347999999999978e-05
1.311082999999999998e+00 -3.059735000000000276e-05
1.316122000000000014e+00 -3.352403000000000164e-05
1.321147999999999989e+00 -3.118265999999999936e-05
1.325835000000000097e+00 -3.118280000000000238e-05
1.330845000000000056e+00 -3.293878000000000246e-05
1.335901000000000005e+00 -3.235335999999999816e-05
1.340918999999999972e+00 -3.235344999999999768e-05
1.345952999999999955e+00 -3.118291999999999722e-05
1.350978000000000012e+00 -3.059741000000000018e-05
1.356009000000000020e+00 -3.001210000000000019e-05
1.361061000000000076e+00 -3.118269000000000146e-05
1.366089000000000109e+00 -2.942685000000000100e-05
1.371118999999999977e+00 -3.235351000000000188e-05
1.376141999999999976e+00 -3.118269000000000146e-05
1.380846000000000018e+00 -3.235344999999999768e-05
1.385876000000000108e+00 -3.235339000000000026e-05
1.390919000000000016e+00 -3.001210000000000019e-05
1.395936000000000066e+00 -3.001221999999999842e-05
1.400948000000000082e+00 -2.825620999999999962e-05
1.405990000000000073e+00 -3.118274999999999888e-05
1.411032000000000064e+00 -2.591456999999999878e-05
1.416047000000000056e+00 -2.474402000000000030e-05
1.421084000000000014e+00 -2.591456999999999878e-05
1.426123000000000030e+00 -2.825600999999999918e-05
1.431138999999999939e+00 -2.708536000000000049e-05
1.435848999999999931e+00 -2.532933000000000030e-05
1.440851000000000104e+00 -2.591460000000000088e-05
1.445899000000000045e+00 -2.474389999999999869e-05
1.450924000000000103e+00 -2.298788999999999989e-05
1.455967999999999929e+00 -2.415888999999999935e-05
1.461019000000000068e+00 -2.240284999999999846e-05
1.466050000000000075e+00 -2.064648999999999890e-05
1.471082000000000001e+00 -1.713456000000000083e-05
1.476132000000000000e+00 -1.771993000000000163e-05
1.481130999999999975e+00 -1.654945999999999859e-05
1.485842000000000107e+00 -1.245171999999999943e-05
1.490872999999999893e+00 -1.069575000000000004e-05
1.495900999999999925e+00 -8.354429000000000171e-06
1.501584000000000030e+00 -7.183668999999999711e-06
1.506612000000000062e+00 -2.500921000000000005e-06
1.511309999999999931e+00 1.011067000000000090e-06
1.516337999999999964e+00 2.181768999999999795e-06
1.521368999999999971e+00 9.205804000000000130e-06
1.526394000000000029e+00 1.447397999999999927e-05
1.531430000000000069e+00 1.974205999999999916e-05
1.536467000000000027e+00 2.325405000000000142e-05
1.541508000000000100e+00 3.027825999999999833e-05
1.546550000000000091e+00 4.198509999999999889e-05
1.551577999999999902e+00 4.666782000000000205e-05
1.556612000000000107e+00 5.720392999999999832e-05
1.561642999999999892e+00 6.539895999999999904e-05
1.566321000000000074e+00 7.710573999999999878e-05
1.571369999999999933e+00 8.822713000000000311e-05
1.576411999999999924e+00 1.016899999999999971e-04
1.581436999999999982e+00 1.192503999999999992e-04
1.586473000000000022e+00 1.321279000000000127e-04
1.591475999999999891e+00 1.508589999999999866e-04
1.596505000000000063e+00 1.666631000000000069e-04
1.601537999999999906e+00 1.865650000000000001e-04
1.606578000000000062e+00 2.082227999999999878e-04
1.611591999999999913e+00 2.304658000000000119e-04
1.616630999999999929e+00 2.568064000000000219e-04
1.621321999999999930e+00 2.796348000000000149e-04
1.626371999999999929e+00 3.100727999999999969e-04
1.631423000000000068e+00 3.375836999999999913e-04
1.636463000000000001e+00 3.744603999999999901e-04
1.641496000000000066e+00 4.078250999999999860e-04
1.646536999999999917e+00 4.452869999999999940e-04
1.651575999999999933e+00 4.886025999999999694e-04
1.656590000000000007e+00 5.342593999999999555e-04
1.661618999999999957e+00 5.851839999999999863e-04
1.666658999999999891e+00 6.419626000000000325e-04
1.671356999999999982e+00 7.010824000000000352e-04
1.676349000000000089e+00 7.666411000000000146e-04
1.681394999999999973e+00 8.433209999999999578e-04
1.686425999999999981e+00 9.246833999999999566e-04
1.691464000000000079e+00 1.017167999999999935e-03
1.696477999999999930e+00 1.120188000000000043e-03
1.701842999999999995e+00 1.237842000000000066e-03
1.706884999999999986e+00 1.364276999999999894e-03
1.711907999999999985e+00 1.504757999999999920e-03
1.716946000000000083e+00 1.658703999999999994e-03
1.721966000000000108e+00 1.824939999999999939e-03
1.727001999999999926e+00 2.009910000000000169e-03
1.732042000000000082e+00 2.217123000000000097e-03
1.737087000000000048e+00 2.439554000000000028e-03
1.742088000000000081e+00 2.678372999999999952e-03
1.747136999999999940e+00 2.946461000000000045e-03
1.751827000000000023e+00 3.215134000000000134e-03
1.756856999999999891e+00 3.523020999999999878e-03
1.761867999999999990e+00 3.854914000000000084e-03
1.766901000000000055e+00 4.215486000000000059e-03
1.771922999999999915e+00 4.601229000000000083e-03
1.776963999999999988e+00 5.018578000000000101e-03
1.781979999999999897e+00 5.458166999999999880e-03
1.787014000000000102e+00 5.931126999999999580e-03
1.792051000000000061e+00 6.431593999999999679e-03
1.797088000000000019e+00 6.967771999999999681e-03
1.802151999999999976e+00 7.536138000000000385e-03
1.806845000000000034e+00 8.093384000000000342e-03
1.811884999999999968e+00 8.720879000000000825e-03
1.816920000000000091e+00 9.379975000000000465e-03
1.821947999999999901e+00 1.007244000000000021e-02
1.826956999999999942e+00 1.079299000000000057e-02
1.832003000000000048e+00 1.155277000000000040e-02
1.837031999999999998e+00 1.234473999999999988e-02
1.842063999999999924e+00 1.316656000000000076e-02
1.847070999999999907e+00 1.402467999999999944e-02
1.852101999999999915e+00 1.491848999999999953e-02
1.857135999999999898e+00 1.584742999999999916e-02
1.861836000000000046e+00 1.674476000000000089e-02
1.866856000000000071e+00 1.773341000000000153e-02
1.871890000000000054e+00 1.875951999999999828e-02
1.876927999999999930e+00 1.982307999999999987e-02
1.881953999999999905e+00 2.091592000000000104e-02
1.887000999999999928e+00 2.204798999999999995e-02
1.892082999999999959e+00 2.322511000000000020e-02
1.897116999999999942e+00 2.442331000000000016e-02
1.902484000000000064e+00 2.573622000000000062e-02
1.907521999999999940e+00 2.700991999999999976e-02
1.912536999999999932e+00 2.831409000000000009e-02
1.917578999999999922e+00 2.965860999999999845e-02
1.922611999999999988e+00 3.103360000000000146e-02
1.927647000000000110e+00 3.245305999999999885e-02
1.932649999999999979e+00 3.389592999999999773e-02
1.937346999999999930e+00 3.528727999999999726e-02
1.942377000000000020e+00 3.680800000000000044e-02
1.947414999999999896e+00 3.836794999999999789e-02
1.952437999999999896e+00 3.996475000000000027e-02
1.957475000000000076e+00 4.160197000000000200e-02
1.962507999999999919e+00 4.327954999999999997e-02
1.967538999999999927e+00 4.499344999999999734e-02
1.972580000000000000e+00 4.675474000000000296e-02
1.977629000000000081e+00 4.855935000000000112e-02
1.982666999999999957e+00 5.040727999999999875e-02
1.987694999999999990e+00 5.229327000000000281e-02
1.992401000000000089e+00 5.410841999999999735e-02
1.997416000000000080e+00 5.607460000000000222e-02
2.002447999999999784e+00 5.809461999999999959e-02
2.007490000000000219e+00 6.016380000000000339e-02
2.012526999999999955e+00 6.228038999999999797e-02
2.017536000000000218e+00 6.443390000000000228e-02
2.022569999999999979e+00 6.665585000000000260e-02
2.027601999999999904e+00 6.892463999999999535e-02
2.032631999999999994e+00 7.124787000000000481e-02
2.037672000000000150e+00 7.363372999999999446e-02
2.042679999999999829e+00 7.605647000000000102e-02
2.047384999999999788e+00 7.840603000000000156e-02
2.052414999999999878e+00 8.095518999999999632e-02
2.057458000000000009e+00 8.357517000000000418e-02
2.062485000000000124e+00 8.624904999999999378e-02
2.067515000000000214e+00 8.899255000000000360e-02
2.072550000000000114e+00 9.179872999999999506e-02
2.077586000000000155e+00 9.467860000000000165e-02
2.082602000000000064e+00 9.762635000000000063e-02
2.087632999999999850e+00 1.006461000000000022e-01
2.092670000000000030e+00 1.037415000000000004e-01
2.097369000000000039e+00 1.067518999999999968e-01
2.103044000000000135e+00 1.103219000000000005e-01
2.108082000000000011e+00 1.136852000000000001e-01
2.113115000000000077e+00 1.171135999999999983e-01
2.118145000000000167e+00 1.206139999999999990e-01
2.123186000000000018e+00 1.242155000000000065e-01
2.127855999999999970e+00 1.276924999999999866e-01
2.132897999999999961e+00 1.314481000000000122e-01
2.137928000000000051e+00 1.352915000000000090e-01
2.142975999999999992e+00 1.392448000000000019e-01
2.148029000000000188e+00 1.432825000000000071e-01
2.153052999999999884e+00 1.474022000000000110e-01
2.158085999999999949e+00 1.516219000000000039e-01
2.163130000000000219e+00 1.559458999999999984e-01
2.168137999999999899e+00 1.603401000000000132e-01
2.173182000000000169e+00 1.648572000000000093e-01
2.177890000000000104e+00 1.692659999999999998e-01
2.182904999999999873e+00 1.739490999999999954e-01
2.187955000000000094e+00 1.787518999999999914e-01
2.192944999999999922e+00 1.836255999999999999e-01
2.197989000000000193e+00 1.886278999999999872e-01
2.203003999999999962e+00 1.936987000000000014e-01
2.208041999999999838e+00 1.988777999999999935e-01
2.213064999999999838e+00 2.041295999999999944e-01
2.218112000000000084e+00 2.094802000000000053e-01
2.223132999999999804e+00 2.149174000000000084e-01
2.228178999999999910e+00 2.204454000000000136e-01
2.232890999999999959e+00 2.257900999999999936e-01
2.237908000000000008e+00 2.314235000000000042e-01
2.242939999999999934e+00 2.371487999999999929e-01
2.247975999999999974e+00 2.429454000000000058e-01
2.253006000000000064e+00 2.488087999999999966e-01
2.258036000000000154e+00 2.547230999999999801e-01
2.263088000000000211e+00 2.606976999999999767e-01
2.268101999999999840e+00 2.666975999999999791e-01
2.273144999999999971e+00 2.727646000000000237e-01
2.278138999999999914e+00 2.788193999999999950e-01
2.283177999999999930e+00 2.849267999999999801e-01
2.287879999999999914e+00 2.907936999999999883e-01
2.292917999999999790e+00 2.969034999999999869e-01
2.293559999999999821e+00 2.999706999999999790e-01
