1.000108999999999915e+00 -2.883473999999999966e-05
1.005141999999999980e+00 -3.176141999999999854e-05
1.009816999999999965e+00 -3.234672000000000122e-05
1.014863000000000071e+00 -3.000540999999999975e-05
1.019903000000000004e+00 -3.176145000000000064e-05
1.024936999999999987e+00 -3.176129999999999692e-05
1.029959999999999987e+00 -3.117611000000000194e-05
1.034979000000000093e+00 -3.410320000000000240e-05
1.040019999999999945e+00 -3.176145000000000064e-05
1.045055000000000067e+00 -3.234666999999999772e-05
1.050205000000000055e+00 -3.234664000000000240e-05
1.055117000000000083e+00 -3.059057000000000280e-05
1.059811000000000059e+00 -3.059057000000000280e-05
1.064829000000000025e+00 -3.176141999999999854e-05
1.069873999999999992e+00 -3.234672000000000122e-05
1.074869999999999992e+00 -3.176136000000000112e-05
1.079920999999999909e+00 -3.000518000000000060e-05
1.084918000000000049e+00 -2.941980999999999980e-05
1.089982999999999924e+00 -2.883444999999999970e-05
1.094996000000000080e+00 -3.410279000000000083e-05
1.100362999999999980e+00 -3.351759999999999907e-05
1.105401000000000078e+00 -3.000520999999999931e-05
1.110430000000000028e+00 -3.410284999999999825e-05
1.115493999999999986e+00 -3.117591000000000150e-05
1.120525999999999911e+00 -3.176136000000000112e-05
1.125571000000000099e+00 -3.234655000000000288e-05
1.130595000000000017e+00 -3.059057000000000280e-05
1.135669999999999957e+00 -3.176120999999999740e-05
1.140317000000000025e+00 -3.176129999999999692e-05
1.145343999999999918e+00 -3.468804000000000001e-05
1.150379999999999958e+00 -3.117591000000000150e-05
1.155424000000000007e+00 -3.117591000000000150e-05
1.160420999999999925e+00 -3.117595999999999822e-05
1.165448000000000039e+00 -3.000523000000000071e-05
1.170479999999999965e+00 -3.176148000000000274e-05
1.175516999999999923e+00 -3.176141999999999854e-05
1.180536999999999948e+00 -3.234666999999999772e-05
1.185570999999999930e+00 -3.293202999999999783e-05
1.190595000000000070e+00 -3.176132999999999902e-05
1.195300999999999947e+00 -3.293229000000000246e-05
1.200356999999999896e+00 -3.117613999999999726e-05
1.205422999999999911e+00 -2.942009999999999976e-05
1.210466999999999960e+00 -3.117611000000000194e-05
1.215497000000000050e+00 -3.059071999999999974e-05
1.220533000000000090e+00 -3.117595999999999822e-05
1.225535999999999959e+00 -3.117584999999999730e-05
1.230588000000000015e+00 -3.000520999999999931e-05
1.235608000000000040e+00 -3.117611000000000194e-05
1.240650999999999948e+00 -3.059071999999999974e-05
1.245314999999999950e+00 -3.176136000000000112e-05
1.250356999999999941e+00 -3.000529000000000152e-05
1.255392000000000063e+00 -2.824920000000000051e-05
1.260426999999999964e+00 -3.000534999999999894e-05
1.265468999999999955e+00 -3.176136000000000112e-05
1.270488999999999979e+00 -3.059066000000000232e-05
1.275519999999999987e+00 -3.176145000000000064e-05
1.280550000000000077e+00 -3.176156000000000156e-05
1.285592999999999986e+00 -3.176161999999999898e-05
1.290556999999999954e+00 -3.234704000000000328e-05
1.295678000000000107e+00 -3.059095000000000228e-05
1.301034999999999942e+00 -3.117622999999999678e-05
1.306086999999999998e+00 -3.000529000000000152e-05
1.311109000000000080e+00 -3.059057000000000280e-05
1.316151000000000071e+00 -3.117587999999999940e-05
1.321180000000000021e+00 -3.117593999999999682e-05
1.325892999999999988e+00 -3.059059999999999812e-05
1.330877000000000088e+00 -2.883456000000000062e-05
1.335919999999999996e+00 -3.059071999999999974e-05
1.340943999999999914e+00 -3.059071999999999974e-05
1.345976000000000061e+00 -3.234669999999999982e-05
1.351024000000000003e+00 -3.000520999999999931e-05
1.356065999999999994e+00 -3.059075000000000184e-05
1.361073999999999895e+00 -3.059057000000000280e-05
1.366106999999999960e+00 -3.176145000000000064e-05
1.371142000000000083e+00 -2.941983999999999851e-05
1.376168999999999976e+00 -3.059068999999999764e-05
1.380878000000000050e+00 -2.941996000000000013e-05
1.385904999999999943e+00 -3.059079999999999856e-05
1.390940000000000065e+00 -3.234681000000000074e-05
1.395952000000000082e+00 -3.059068999999999764e-05
1.400997000000000048e+00 -3.117602000000000242e-05
1.406018999999999908e+00 -3.293205999999999992e-05
1.411045000000000105e+00 -3.059066000000000232e-05
1.416063000000000072e+00 -3.176145000000000064e-05
1.421111999999999931e+00 -2.883462000000000142e-05
1.426144999999999996e+00 -3.059057000000000280e-05
1.431176000000000004e+00 -3.000529000000000152e-05
1.435872999999999955e+00 -3.000534999999999894e-05
1.440879999999999939e+00 -3.000534999999999894e-05
1.445923000000000069e+00 -2.883458999999999933e-05
1.450946999999999987e+00 -3.000532000000000023e-05
1.455966000000000093e+00 -2.766385999999999842e-05
1.461046999999999985e+00 -2.942016000000000057e-05
1.466077000000000075e+00 -2.824955000000000128e-05
1.471111999999999975e+00 -2.766403000000000015e-05
1.476156000000000024e+00 -2.473697999999999910e-05
1.481125000000000025e+00 -2.766380000000000100e-05
1.485875000000000057e+00 -2.766380000000000100e-05
1.490903000000000089e+00 -2.649324999999999914e-05
1.495938999999999908e+00 -2.532253999999999964e-05
1.501617999999999897e+00 -2.239577999999999854e-05
1.506639000000000062e+00 -2.298097000000000030e-05
1.511341999999999963e+00 -2.181052999999999936e-05
1.516359000000000012e+00 -2.239579999999999994e-05
1.521404999999999896e+00 -1.888367000000000143e-05
1.526424999999999921e+00 -1.771296999999999924e-05
1.531463999999999936e+00 -1.595687000000000093e-05
1.536497000000000002e+00 -1.478629000000000035e-05
1.541533999999999960e+00 -1.185955000000000066e-05
1.546569000000000083e+00 -1.010342000000000024e-05
1.551603999999999983e+00 -3.664376000000000201e-06
1.556634999999999991e+00 -2.493849000000000032e-06
1.561671999999999949e+00 2.188841000000000191e-06
1.566367999999999983e+00 8.042465000000000594e-06
1.571388000000000007e+00 1.155466000000000026e-05
1.576440000000000063e+00 1.857909999999999971e-05
1.581461999999999923e+00 2.501797000000000130e-05
1.586505999999999972e+00 3.262743000000000078e-05
1.591502999999999890e+00 4.199307000000000078e-05
1.596538000000000013e+00 5.077351999999999902e-05
1.601555000000000062e+00 6.072436000000000148e-05
1.606600000000000028e+00 6.950475000000000229e-05
1.611629999999999896e+00 8.062649000000000400e-05
1.616649999999999920e+00 9.584558000000000129e-05
1.621342999999999979e+00 1.075526999999999977e-04
1.626384000000000052e+00 1.239419999999999866e-04
1.631445000000000034e+00 1.409177000000000010e-04
1.636486000000000107e+00 1.637467000000000089e-04
1.641513999999999918e+00 1.836486000000000021e-04
1.646554000000000073e+00 2.041358999999999914e-04
1.651594999999999924e+00 2.275500000000000016e-04
1.656605000000000105e+00 2.527203000000000001e-04
1.661637000000000031e+00 2.808172999999999854e-04
1.666668000000000038e+00 3.094994999999999799e-04
1.671375000000000055e+00 3.428643000000000099e-04
1.676366999999999940e+00 3.797418999999999903e-04
1.681413000000000046e+00 4.177901999999999831e-04
1.686439000000000021e+00 4.581795000000000269e-04
1.691483000000000070e+00 5.079343999999999526e-04
1.696495000000000086e+00 5.582741999999999479e-04
1.701869000000000076e+00 6.220782000000000438e-04
1.706901999999999919e+00 6.841258000000000018e-04
1.711929000000000034e+00 7.567099999999999565e-04
1.716968000000000050e+00 8.351473000000000533e-04
1.721997000000000000e+00 9.264626999999999888e-04
1.727036999999999933e+00 1.026557999999999898e-03
1.732059000000000015e+00 1.136604000000000043e-03
1.737108000000000096e+00 1.254260000000000097e-03
1.742112000000000105e+00 1.390060999999999944e-03
1.747150999999999899e+00 1.542254000000000064e-03
1.751843000000000039e+00 1.691519000000000052e-03
1.756877999999999940e+00 1.874149000000000084e-03
1.761889000000000038e+00 2.075510999999999936e-03
1.766915999999999931e+00 2.288578999999999787e-03
1.771946000000000021e+00 2.523891999999999802e-03
1.776980999999999922e+00 2.782030999999999914e-03
1.782008999999999954e+00 3.065342999999999887e-03
1.787031999999999954e+00 3.368557999999999795e-03
1.792068999999999912e+00 3.693428999999999809e-03
1.797107000000000010e+00 4.047567999999999652e-03
1.802175000000000082e+00 4.426875999999999728e-03
1.806861999999999968e+00 4.803843000000000349e-03
1.811906000000000017e+00 5.231152999999999671e-03
1.816932999999999909e+00 5.681872999999999611e-03
1.821966999999999892e+00 6.169472999999999971e-03
1.826980000000000048e+00 6.680486000000000237e-03
1.832017000000000007e+00 7.217842999999999828e-03
1.837050000000000072e+00 7.787388999999999596e-03
1.842087000000000030e+00 8.385622000000000562e-03
1.847089999999999899e+00 9.007852999999999694e-03
1.852117000000000013e+00 9.660517000000000409e-03
1.857153999999999971e+00 1.034596999999999947e-02
1.861850999999999923e+00 1.100859000000000039e-02
1.866870999999999947e+00 1.174906000000000041e-02
1.871909000000000045e+00 1.251938000000000009e-02
1.876948000000000061e+00 1.331721999999999941e-02
1.881974999999999953e+00 1.414375000000000007e-02
1.887013000000000051e+00 1.500070000000000049e-02
1.892104000000000008e+00 1.589745999999999868e-02
1.897134000000000098e+00 1.680827000000000016e-02
1.902503000000000055e+00 1.781332999999999875e-02
1.907542000000000071e+00 1.878911000000000123e-02
1.912554000000000087e+00 1.978304000000000173e-02
1.917601000000000111e+00 2.081736000000000003e-02
1.922630999999999979e+00 2.187334000000000153e-02
1.927664999999999962e+00 2.295857999999999927e-02
1.932660999999999962e+00 2.406724000000000016e-02
1.937361000000000111e+00 2.513726999999999975e-02
1.942399999999999904e+00 2.630504999999999996e-02
1.947432000000000052e+00 2.750560999999999978e-02
1.952463000000000060e+00 2.872958000000000109e-02
1.957489000000000035e+00 2.998692000000000024e-02
1.962531000000000025e+00 3.128054999999999725e-02
1.967559999999999976e+00 3.259116000000000096e-02
1.972607999999999917e+00 3.393513000000000085e-02
1.977653000000000105e+00 3.531655999999999684e-02
1.982691999999999899e+00 3.672666000000000125e-02
1.987719999999999931e+00 3.815786000000000178e-02
1.992423999999999973e+00 3.953925999999999968e-02
1.997433999999999932e+00 4.102667000000000119e-02
2.002467999999999915e+00 4.256026000000000253e-02
2.007514000000000021e+00 4.412672000000000122e-02
2.012551000000000201e+00 4.572823000000000165e-02
2.017552999999999930e+00 4.734907000000000005e-02
2.022584999999999855e+00 4.901732999999999785e-02
2.027630999999999961e+00 5.071955000000000213e-02
2.032652000000000125e+00 5.246039999999999731e-02
2.037697000000000092e+00 5.424161000000000260e-02
2.042699999999999960e+00 5.604976999999999876e-02
2.047406000000000059e+00 5.780350000000000071e-02
2.052436000000000149e+00 5.969887000000000110e-02
2.057471000000000050e+00 6.163874999999999910e-02
2.062514999999999876e+00 6.362133000000000371e-02
2.067550000000000221e+00 6.564488999999999741e-02
2.072573999999999916e+00 6.772287000000000445e-02
2.077605999999999842e+00 6.984598999999999669e-02
2.082627000000000006e+00 7.201472000000000429e-02
2.087657999999999792e+00 7.423847000000000085e-02
2.092686000000000046e+00 7.651723000000000552e-02
2.097408999999999857e+00 7.872518000000000571e-02
2.103066999999999798e+00 8.136042999999999747e-02
2.108105999999999813e+00 8.383119999999999461e-02
2.113144999999999829e+00 8.635412000000000643e-02
2.118173999999999779e+00 8.893434999999999535e-02
2.123206999999999844e+00 9.158481999999999734e-02
2.127896999999999927e+00 9.414694999999999314e-02
2.132922999999999902e+00 9.693203000000000236e-02
2.137954000000000132e+00 9.979032000000000180e-02
2.142996000000000123e+00 1.027334000000000025e-01
2.148048999999999875e+00 1.057603000000000015e-01
2.153077999999999825e+00 1.088667999999999997e-01
2.158110000000000195e+00 1.120599000000000040e-01
2.163149000000000211e+00 1.153449000000000002e-01
2.168163999999999980e+00 1.187065999999999955e-01
2.173197000000000045e+00 1.221829999999999999e-01
2.177900000000000169e+00 1.255826999999999916e-01
2.182935000000000070e+00 1.292306000000000010e-01
2.187990000000000101e+00 1.330031999999999881e-01
2.192966999999999889e+00 1.368590000000000084e-01
2.198008999999999880e+00 1.408499000000000001e-01
2.203022999999999954e+00 1.449361999999999873e-01
2.208066999999999780e+00 1.491554999999999964e-01
2.213077000000000183e+00 1.534789000000000014e-01
2.218129999999999935e+00 1.579287000000000052e-01
2.223152999999999935e+00 1.624857000000000107e-01
2.228202000000000016e+00 1.671873000000000109e-01
2.232902999999999860e+00 1.717752999999999919e-01
2.237922000000000189e+00 1.765821999999999947e-01
2.242964000000000180e+00 1.816243999999999914e-01
2.248000000000000220e+00 1.868105999999999933e-01
2.253026000000000195e+00 1.920922999999999936e-01
2.258046999999999915e+00 1.975190000000000001e-01
2.263091000000000186e+00 2.030835000000000001e-01
2.268113000000000046e+00 2.087660000000000071e-01
2.273156000000000176e+00 2.145971999999999880e-01
2.278162000000000020e+00 2.205210999999999977e-01
2.283187999999999995e+00 2.266016999999999892e-01
2.287891999999999815e+00 2.325460000000000027e-01
2.292921999999999905e+00 2.388185999999999920e-01
2.297934000000000143e+00 2.451896000000000075e-01
2.303641999999999967e+00 2.522092000000000223e-01
2.308679000000000148e+00 2.588577000000000239e-01
2.313384000000000107e+00 2.652743000000000184e-01
2.318433999999999884e+00 2.720057000000000169e-01
2.323471000000000064e+00 2.788015999999999828e-01
2.328504000000000129e+00 2.856374999999999886e-01
2.333549000000000095e+00 2.925271999999999872e-01
2.338041000000000036e+00 2.993564000000000225e-01
