1.000129999999999963e+00 -2.296577000000000086e-05
1.005162000000000111e+00 -2.413648000000000036e-05
1.009830999999999923e+00 -2.238079000000000023e-05
1.014866999999999964e+00 -2.355139999999999952e-05
1.019905000000000062e+00 -2.355123000000000118e-05
1.024936000000000069e+00 -2.062420000000000152e-05
1.029965000000000019e+00 -2.120967999999999985e-05
1.035004999999999953e+00 -2.413653000000000047e-05
1.040043999999999969e+00 -2.355128999999999860e-05
1.045074000000000058e+00 -2.472192999999999998e-05
1.050111999999999934e+00 -2.413664999999999870e-05
1.055123000000000033e+00 -2.472199000000000079e-05
1.059828999999999910e+00 -2.179496000000000113e-05
1.064853999999999967e+00 -2.413664999999999870e-05
1.069893999999999901e+00 -2.296592000000000118e-05
1.074896000000000074e+00 -2.355117000000000037e-05
1.079933000000000032e+00 -2.355131000000000000e-05
1.084956999999999949e+00 -2.238050000000000027e-05
1.090035000000000087e+00 -2.589272000000000169e-05
1.095016999999999907e+00 -2.472192999999999998e-05
1.100387999999999922e+00 -2.296565999999999994e-05
1.105412999999999979e+00 -2.413645000000000165e-05
1.110459000000000085e+00 -2.062414000000000071e-05
1.115517000000000092e+00 -2.355104999999999875e-05
1.120560000000000000e+00 -2.647793999999999877e-05
1.125586999999999893e+00 -2.472186999999999917e-05
1.130651000000000073e+00 -2.472190000000000127e-05
1.135666000000000064e+00 -2.355114000000000166e-05
1.140336000000000016e+00 -2.296574999999999946e-05
1.145377000000000089e+00 -2.355110999999999956e-05
1.150401000000000007e+00 -2.296579999999999957e-05
1.155437999999999965e+00 -2.764893000000000092e-05
1.160439999999999916e+00 -2.589268999999999959e-05
1.165475000000000039e+00 -2.413659000000000128e-05
1.170493000000000006e+00 -2.589272000000000169e-05
1.175542000000000087e+00 -2.413659000000000128e-05
1.180550999999999906e+00 -2.472199000000000079e-05
1.185588000000000086e+00 -2.472205000000000160e-05
1.190612999999999921e+00 -2.589280000000000051e-05
1.195314999999999905e+00 -2.647817000000000131e-05
1.200366999999999962e+00 -2.472199000000000079e-05
1.205435000000000034e+00 -2.355131000000000000e-05
1.210474999999999968e+00 -2.530744000000000041e-05
1.215511000000000008e+00 -2.472206999999999961e-05
1.220558999999999950e+00 -2.296574999999999946e-05
1.225540999999999991e+00 -2.589272000000000169e-05
1.230593000000000048e+00 -2.355117000000000037e-05
1.235619999999999941e+00 -2.706353999999999872e-05
1.240658999999999956e+00 -2.413661999999999999e-05
1.245319000000000065e+00 -2.530735000000000089e-05
1.250353000000000048e+00 -2.706358999999999883e-05
1.255400999999999989e+00 -2.764893000000000092e-05
1.260432999999999915e+00 -2.530731999999999879e-05
1.265454999999999997e+00 -2.530729000000000008e-05
1.270489999999999897e+00 -2.647811000000000050e-05
1.275527000000000077e+00 -2.472213000000000042e-05
1.280539000000000094e+00 -2.472195999999999869e-05
1.285595999999999961e+00 -2.296586000000000038e-05
1.290651999999999910e+00 -2.530755999999999864e-05
1.295684000000000058e+00 -2.706367999999999835e-05
1.301052000000000097e+00 -2.355131000000000000e-05
1.306087999999999916e+00 -2.589286000000000132e-05
1.311115000000000030e+00 -2.472205000000000160e-05
1.316149999999999931e+00 -2.296588999999999909e-05
1.321180999999999939e+00 -2.472206999999999961e-05
1.325877999999999890e+00 -2.530744000000000041e-05
1.330889999999999906e+00 -2.530755999999999864e-05
1.335928999999999922e+00 -2.472190000000000127e-05
1.340940999999999939e+00 -2.413670999999999951e-05
1.345992999999999995e+00 -2.530735000000000089e-05
1.351031000000000093e+00 -2.472199000000000079e-05
1.356039999999999912e+00 -2.472195999999999869e-05
1.361080000000000068e+00 -2.530735000000000089e-05
1.366119000000000083e+00 -2.413670999999999951e-05
1.371153000000000066e+00 -2.355123000000000118e-05
1.376184000000000074e+00 -2.472201999999999950e-05
1.380881999999999943e+00 -2.413668000000000080e-05
1.385914000000000090e+00 -2.530750000000000122e-05
1.390946000000000016e+00 -2.120967999999999985e-05
1.395966000000000040e+00 -2.764918999999999878e-05
1.401005000000000056e+00 -2.472206999999999961e-05
1.406029999999999891e+00 -2.179521999999999899e-05
1.411070000000000046e+00 -2.530744000000000041e-05
1.416082000000000063e+00 -2.472201999999999950e-05
1.421119999999999939e+00 -2.472199000000000079e-05
1.426147999999999971e+00 -2.413664999999999870e-05
1.431172000000000111e+00 -2.589297999999999955e-05
1.435880999999999963e+00 -2.530735000000000089e-05
1.440895999999999955e+00 -2.179521999999999899e-05
1.445939000000000085e+00 -2.472205000000000160e-05
1.450957999999999970e+00 -2.530744000000000041e-05
1.456012000000000084e+00 -2.530752999999999993e-05
1.461060000000000025e+00 -2.589286000000000132e-05
1.466096000000000066e+00 -2.472206999999999961e-05
1.471122999999999958e+00 -2.355139999999999952e-05
1.476161999999999974e+00 -2.238061000000000119e-05
1.481176999999999966e+00 -2.413690999999999995e-05
1.485883000000000065e+00 -2.530750000000000122e-05
1.490914999999999990e+00 -2.413661999999999999e-05
1.495951000000000031e+00 -2.238050000000000027e-05
1.501621000000000095e+00 -2.413677000000000032e-05
1.506653000000000020e+00 -2.355137000000000081e-05
1.511355000000000004e+00 -2.530744000000000041e-05
1.516375999999999946e+00 -2.296603999999999941e-05
1.521417000000000019e+00 -2.296607000000000151e-05
1.526443999999999912e+00 -2.179519000000000028e-05
1.531463000000000019e+00 -2.179521999999999899e-05
1.536507999999999985e+00 -2.062449000000000148e-05
1.541538999999999993e+00 -1.945378999999999929e-05
1.546589999999999909e+00 -1.769756999999999936e-05
1.551609999999999934e+00 -1.769763000000000016e-05
1.556646999999999892e+00 -1.359996000000000082e-05
1.561690999999999940e+00 -1.418527000000000081e-05
1.566367999999999983e+00 -1.242904999999999919e-05
1.571404999999999941e+00 -1.301459000000000002e-05
1.576441999999999899e+00 -1.125857999999999953e-05
1.581477999999999939e+00 -8.331786000000000462e-06
1.586505000000000054e+00 -8.917152000000000306e-06
1.591491999999999907e+00 -2.477929000000000192e-06
1.596546999999999938e+00 -3.063295000000000035e-06
1.601572999999999913e+00 5.717417999999999746e-06
1.606603000000000003e+00 7.473456000000000161e-06
1.611629999999999896e+00 1.391259000000000057e-05
1.616662999999999961e+00 1.918094000000000071e-05
1.621358999999999995e+00 2.327860999999999836e-05
1.626398999999999928e+00 2.913232000000000029e-05
1.631463000000000108e+00 3.615682000000000054e-05
1.636500999999999983e+00 4.493742000000000249e-05
1.641531999999999991e+00 5.664501999999999862e-05
1.646573000000000064e+00 6.601088999999999438e-05
1.651613999999999916e+00 7.947461999999999431e-05
1.656617999999999924e+00 9.235259000000000003e-05
1.661656000000000022e+00 1.087431999999999993e-04
1.666687999999999947e+00 1.227923000000000068e-04
1.671389000000000014e+00 1.403534999999999971e-04
1.676384000000000096e+00 1.596709000000000030e-04
1.681424999999999947e+00 1.825004999999999987e-04
1.686455000000000037e+00 2.012324000000000014e-04
1.691500000000000004e+00 2.287453000000000001e-04
1.696504999999999930e+00 2.568432999999999741e-04
1.701877000000000084e+00 2.902097999999999874e-04
1.706916000000000100e+00 3.218202000000000194e-04
1.711947000000000108e+00 3.604548000000000170e-04
1.716979000000000033e+00 3.996747999999999837e-04
1.722013000000000016e+00 4.429928000000000186e-04
1.727049999999999974e+00 4.921641999999999727e-04
1.732078000000000007e+00 5.454330000000000072e-04
1.737122000000000055e+00 6.063121000000000526e-04
1.742126000000000063e+00 6.736303999999999599e-04
1.747171000000000030e+00 7.491436999999999879e-04
1.751876999999999907e+00 8.299260000000000361e-04
1.756899999999999906e+00 9.230004000000000203e-04
1.761905999999999972e+00 1.026025999999999978e-03
1.766936000000000062e+00 1.144271999999999997e-03
1.771970999999999963e+00 1.276566999999999936e-03
1.777001000000000053e+00 1.421154999999999901e-03
1.782030999999999921e+00 1.577449999999999989e-03
1.787052000000000085e+00 1.756575000000000020e-03
1.792091000000000101e+00 1.946236999999999967e-03
1.797128999999999976e+00 2.161067999999999930e-03
1.802195999999999909e+00 2.391705000000000046e-03
1.806891000000000025e+00 2.629953999999999886e-03
1.811930999999999958e+00 2.903910999999999906e-03
1.816956000000000016e+00 3.195425999999999909e-03
1.821979000000000015e+00 3.511529000000000213e-03
1.827002999999999933e+00 3.846949000000000115e-03
1.832035000000000080e+00 4.210465000000000041e-03
1.837074000000000096e+00 4.599154000000000263e-03
1.842116000000000087e+00 5.008331000000000414e-03
1.847112000000000087e+00 5.442093999999999751e-03
1.852146000000000070e+00 5.902201999999999622e-03
1.857175999999999938e+00 6.386890999999999576e-03
1.861882000000000037e+00 6.862214000000000161e-03
1.866891999999999996e+00 7.392563999999999906e-03
1.871946000000000110e+00 7.953351000000000864e-03
1.876973000000000003e+00 8.536385000000000500e-03
1.882001999999999953e+00 9.148694000000000617e-03
1.887037999999999993e+00 9.781484000000000012e-03
1.892138000000000098e+00 1.044880999999999935e-02
1.897164000000000073e+00 1.113193999999999989e-02
1.902538999999999980e+00 1.188472999999999960e-02
1.907572999999999963e+00 1.262054999999999948e-02
1.912584999999999980e+00 1.337217999999999914e-02
1.917623000000000077e+00 1.415365000000000026e-02
1.922657000000000060e+00 1.495619999999999936e-02
1.927694999999999936e+00 1.578977999999999979e-02
1.932698000000000027e+00 1.663270999999999847e-02
1.937392999999999921e+00 1.745106999999999908e-02
1.942423999999999928e+00 1.834434999999999885e-02
1.947459000000000051e+00 1.926104999999999831e-02
1.952488999999999919e+00 2.020057000000000103e-02
1.957510000000000083e+00 2.116233000000000003e-02
1.962558999999999942e+00 2.214752000000000040e-02
1.967581999999999942e+00 2.315495999999999874e-02
1.972628000000000048e+00 2.418814999999999854e-02
1.977673999999999932e+00 2.524532999999999985e-02
1.982712000000000030e+00 2.632183999999999913e-02
1.987733999999999890e+00 2.742115999999999998e-02
1.992453000000000030e+00 2.847424999999999956e-02
1.997460999999999931e+00 2.961456999999999978e-02
2.002496999999999971e+00 3.078296999999999978e-02
2.007535999999999987e+00 3.197185999999999778e-02
2.012573000000000167e+00 3.318654000000000048e-02
2.017577000000000176e+00 3.441874999999999796e-02
2.022607999999999961e+00 3.568137999999999865e-02
2.027651000000000092e+00 3.696570999999999885e-02
2.032681999999999878e+00 3.827343999999999885e-02
2.037719000000000058e+00 3.961334999999999856e-02
2.042723000000000066e+00 4.097084000000000142e-02
2.047426000000000190e+00 4.227563000000000154e-02
2.052458000000000116e+00 4.369048999999999849e-02
2.057501999999999942e+00 4.512817000000000217e-02
2.062533000000000172e+00 4.659863999999999673e-02
2.067568000000000072e+00 4.809776999999999803e-02
2.072598999999999858e+00 4.962384999999999713e-02
2.077627000000000113e+00 5.117917999999999773e-02
2.082653999999999783e+00 5.276904000000000317e-02
2.087683000000000177e+00 5.438586000000000115e-02
2.092721000000000053e+00 5.603953999999999880e-02
2.097423000000000037e+00 5.763117999999999713e-02
2.103092999999999879e+00 5.954186999999999674e-02
2.108134000000000174e+00 6.130619000000000346e-02
2.113166999999999796e+00 6.311031000000000279e-02
2.118196999999999885e+00 6.494138000000000688e-02
2.123228999999999811e+00 6.681631000000000375e-02
2.127902999999999878e+00 6.862044999999999950e-02
2.132950000000000124e+00 7.058027000000000051e-02
2.137971999999999984e+00 7.257230000000000625e-02
2.143022000000000205e+00 7.463047999999999904e-02
2.148080000000000211e+00 7.673549999999999816e-02
2.153112999999999833e+00 7.888146999999999520e-02
2.158129999999999882e+00 8.107720000000000204e-02
2.163175999999999988e+00 8.333851000000000453e-02
2.168182999999999971e+00 8.564428000000000318e-02
2.173224999999999962e+00 8.802501999999999549e-02
2.177932999999999897e+00 9.033372000000000623e-02
2.182962999999999987e+00 9.282392000000000420e-02
2.188007999999999953e+00 9.539021000000000305e-02
2.192991999999999830e+00 9.801211999999999425e-02
2.198030999999999846e+00 1.007311000000000040e-01
2.203053999999999846e+00 1.035221999999999948e-01
2.208107000000000042e+00 1.064033999999999952e-01
2.213111000000000050e+00 1.093573000000000045e-01
2.218154999999999877e+00 1.124228000000000033e-01
2.223180000000000156e+00 1.155744999999999967e-01
2.228219999999999867e+00 1.188285000000000036e-01
2.232928999999999942e+00 1.220364000000000032e-01
2.237950999999999802e+00 1.254907000000000106e-01
2.242989000000000122e+00 1.290726000000000095e-01
2.248022999999999882e+00 1.327744999999999898e-01
2.253051999999999833e+00 1.366151999999999922e-01
2.258077999999999808e+00 1.405846000000000040e-01
2.263119000000000103e+00 1.446962999999999999e-01
2.268146999999999913e+00 1.489495999999999876e-01
2.273185999999999929e+00 1.533714999999999939e-01
2.278182000000000151e+00 1.579110999999999987e-01
2.283220000000000027e+00 1.626502999999999977e-01
2.287917999999999896e+00 1.673496999999999901e-01
2.292952000000000101e+00 1.723961999999999994e-01
2.297970999999999986e+00 1.776137000000000132e-01
2.303681000000000090e+00 1.834838000000000025e-01
2.308713000000000015e+00 1.891589999999999938e-01
2.313413999999999859e+00 1.947533999999999932e-01
2.318471000000000171e+00 2.007347999999999910e-01
2.323509000000000047e+00 2.069135000000000002e-01
2.328535000000000021e+00 2.132717000000000085e-01
2.333588000000000218e+00 2.198172999999999933e-01
2.338623000000000118e+00 2.265521000000000063e-01
2.343631999999999938e+00 2.334243000000000012e-01
2.348663999999999863e+00 2.404808999999999974e-01
2.353704000000000018e+00 2.476905000000000079e-01
2.358729999999999993e+00 2.550797000000000203e-01
2.363389999999999880e+00 2.623477000000000170e-01
2.368434000000000150e+00 2.700950999999999769e-01
2.373461999999999961e+00 2.780315999999999899e-01
2.378500999999999976e+00 2.861291000000000251e-01
2.383512000000000075e+00 2.943255000000000177e-01
2.384482000000000212e+00 2.999941999999999886e-01
