1.499970999999999943e+00 -3.293945000000000190e-05
1.506647000000000070e+00 -3.118323999999999928e-05
1.512356000000000034e+00 -3.118320999999999718e-05
1.519079000000000068e+00 -3.235388000000000066e-05
1.525096000000000007e+00 -3.001262999999999999e-05
1.531474000000000002e+00 -3.118329999999999670e-05
1.537503000000000064e+00 -3.059802000000000219e-05
1.543887000000000009e+00 -3.235393999999999808e-05
1.549943000000000071e+00 -3.235391000000000276e-05
1.556637000000000048e+00 -3.352463999999999688e-05
1.562697000000000003e+00 -3.001254000000000047e-05
1.569051999999999891e+00 -3.118336000000000090e-05
1.575185999999999975e+00 -3.059790000000000058e-05
1.581466999999999956e+00 -3.352482000000000270e-05
1.587507000000000001e+00 -3.001260000000000128e-05
1.593855999999999939e+00 -3.001276999999999962e-05
1.600559999999999983e+00 -2.825653000000000168e-05
1.606559000000000070e+00 -3.059807999999999961e-05
1.612967999999999957e+00 -2.942732000000000000e-05
1.619021999999999961e+00 -2.591513000000000068e-05
1.625385999999999997e+00 -2.474451000000000070e-05
1.631445999999999952e+00 -2.181777000000000101e-05
1.638165000000000093e+00 -2.240317000000000052e-05
1.644190000000000040e+00 -2.064725000000000124e-05
1.650603999999999960e+00 -1.362289000000000062e-05
1.656609999999999916e+00 -1.596447000000000065e-05
1.662979999999999903e+00 -8.355039999999999884e-06
1.669029000000000096e+00 -2.501649000000000195e-06
1.675364999999999993e+00 1.595676000000000001e-06
1.681394000000000055e+00 8.034462000000000122e-06
1.688133000000000106e+00 1.681477000000000164e-05
1.694174999999999986e+00 2.793635999999999963e-05
1.700531000000000015e+00 3.905780999999999798e-05
1.706906000000000034e+00 5.193511999999999819e-05
1.712963000000000013e+00 6.773936999999999515e-05
1.719651000000000041e+00 8.705592999999999643e-05
1.725354000000000054e+00 1.057867000000000014e-04
1.732067000000000023e+00 1.327125999999999870e-04
1.738089999999999913e+00 1.584675999999999869e-04
1.744472999999999940e+00 1.912469999999999936e-04
1.750504999999999978e+00 2.234406000000000033e-04
1.756893000000000038e+00 2.650001000000000244e-04
1.762893000000000043e+00 3.077301000000000168e-04
1.769611000000000045e+00 3.627524000000000135e-04
1.775641000000000025e+00 4.189452000000000085e-04
1.782008000000000036e+00 4.915276999999999797e-04
1.788054999999999950e+00 5.740613000000000530e-04
1.794426999999999994e+00 6.677160999999999817e-04
1.801153999999999922e+00 7.865406999999999824e-04
1.806874000000000091e+00 9.030239999999999925e-04
1.813582000000000027e+00 1.056382999999999931e-03
1.819627000000000105e+00 1.216766999999999892e-03
1.825979000000000019e+00 1.408174000000000101e-03
1.832020999999999900e+00 1.614800999999999910e-03
1.838395999999999919e+00 1.855962000000000063e-03
1.844448000000000087e+00 2.111757000000000131e-03
1.851120000000000099e+00 2.423743999999999812e-03
1.857164000000000037e+00 2.731634000000000145e-03
1.863542999999999950e+00 3.095718999999999815e-03
1.869560000000000111e+00 3.460387000000000098e-03
1.875941000000000081e+00 3.877150000000000214e-03
1.881982999999999961e+00 4.300937999999999810e-03
1.888425000000000020e+00 4.783260999999999590e-03
1.894460999999999951e+00 5.264994999999999745e-03
1.901172000000000084e+00 5.833363000000000263e-03
1.907551999999999914e+00 6.405830999999999852e-03
1.913577000000000083e+00 6.973026999999999698e-03
1.919958000000000053e+00 7.597585999999999923e-03
1.925991000000000009e+00 8.221565000000000123e-03
1.932670000000000110e+00 8.939778000000000655e-03
1.938380999999999910e+00 9.578390000000000862e-03
1.945090999999999903e+00 1.035514000000000052e-02
1.951141999999999932e+00 1.108330000000000079e-02
1.957502999999999993e+00 1.187059000000000031e-02
1.963540000000000063e+00 1.264675999999999995e-02
1.969924000000000008e+00 1.348555000000000066e-02
1.975986000000000020e+00 1.431439999999999969e-02
1.982701000000000047e+00 1.525035999999999926e-02
1.988737999999999895e+00 1.612192999999999959e-02
1.995120999999999922e+00 1.706374999999999906e-02
2.001473999999999975e+00 1.802488000000000007e-02
2.007522999999999946e+00 1.896377999999999953e-02
2.014238999999999891e+00 2.002382000000000120e-02
2.019903999999999922e+00 2.095276999999999903e-02
2.026628000000000096e+00 2.206844000000000167e-02
2.032668999999999837e+00 2.309980999999999840e-02
2.039020999999999972e+00 2.420608999999999955e-02
2.045053999999999927e+00 2.528487999999999916e-02
2.051436999999999955e+00 2.644269999999999954e-02
2.057487000000000066e+00 2.757124000000000033e-02
2.064188999999999830e+00 2.883909000000000125e-02
2.070237000000000105e+00 3.001797999999999966e-02
2.076604999999999812e+00 3.128055999999999892e-02
2.082629999999999981e+00 3.250273000000000051e-02
2.089007000000000058e+00 3.382621000000000239e-02
2.095035999999999898e+00 3.509874000000000327e-02
2.101439000000000057e+00 3.647547999999999763e-02
2.108115000000000183e+00 3.794350999999999974e-02
2.114145000000000163e+00 3.930793999999999955e-02
2.120522999999999936e+00 4.077424000000000326e-02
2.126548999999999801e+00 4.219426999999999900e-02
2.132925000000000182e+00 4.372551999999999689e-02
2.138970000000000038e+00 4.520935999999999705e-02
2.145716999999999874e+00 4.688521999999999829e-02
2.151406999999999847e+00 4.836259999999999865e-02
2.158112000000000030e+00 5.010164000000000284e-02
2.164159000000000166e+00 5.173358000000000123e-02
2.170526999999999873e+00 5.346970999999999669e-02
2.176578999999999819e+00 5.517306999999999767e-02
2.182943999999999996e+00 5.699291000000000079e-02
2.188956999999999820e+00 5.876884000000000274e-02
2.195667999999999953e+00 6.075549000000000227e-02
2.202043000000000195e+00 6.270818999999999699e-02
2.208076999999999845e+00 6.461991000000000263e-02
2.214439000000000046e+00 6.665923999999999461e-02
2.220490999999999993e+00 6.866756999999999722e-02
2.227202000000000126e+00 7.091351999999999378e-02
2.232917000000000041e+00 7.293410000000000171e-02
2.239628000000000174e+00 7.529244999999999688e-02
2.245661999999999825e+00 7.751676000000000399e-02
2.252044999999999852e+00 7.990437999999999708e-02
2.258062999999999931e+00 8.224399000000000293e-02
2.264440000000000008e+00 8.476329999999999976e-02
2.270490999999999815e+00 8.725043999999999855e-02
2.277168000000000081e+00 9.001675000000000648e-02
2.283209999999999962e+00 9.266249999999999487e-02
2.289578000000000113e+00 9.550432000000000365e-02
2.295634999999999870e+00 9.832393999999999856e-02
2.301981000000000055e+00 1.013396000000000019e-01
2.308689000000000213e+00 1.046088000000000018e-01
2.314407000000000103e+00 1.076191999999999982e-01
2.321133999999999808e+00 1.111147999999999997e-01
2.327179000000000109e+00 1.144981000000000054e-01
2.333569999999999922e+00 1.181389000000000050e-01
2.339574999999999960e+00 1.217839000000000005e-01
2.345950000000000202e+00 1.257396000000000069e-01
2.351998000000000033e+00 1.297393000000000018e-01
2.358713999999999977e+00 1.342218000000000022e-01
2.364386999999999794e+00 1.384602000000000055e-01
2.371103999999999878e+00 1.433918000000000137e-01
2.377134999999999998e+00 1.482711999999999919e-01
2.383493000000000084e+00 1.535772999999999999e-01
2.389545000000000030e+00 1.590339000000000058e-01
2.395916000000000157e+00 1.649889999999999968e-01
2.402651000000000092e+00 1.715882999999999992e-01
2.408671000000000006e+00 1.782048999999999994e-01
2.415029000000000092e+00 1.854329000000000116e-01
2.421070999999999973e+00 1.929568000000000116e-01
2.427439000000000124e+00 2.012072000000000027e-01
2.433476999999999890e+00 2.098350999999999966e-01
2.440186000000000188e+00 2.195032000000000094e-01
2.445904000000000078e+00 2.291497000000000117e-01
2.452574999999999950e+00 2.400674999999999892e-01
2.458607999999999905e+00 2.512750000000000261e-01
2.464996000000000187e+00 2.633598999999999801e-01
2.471007000000000176e+00 2.757691999999999921e-01
2.477386999999999784e+00 2.890530000000000044e-01
2.478797999999999835e+00 3.000082000000000026e-01
