1.499964999999999993e+00 -3.000854999999999918e-05
1.506645000000000012e+00 -2.883782000000000167e-05
1.512342000000000075e+00 -3.000867000000000080e-05
1.519052999999999987e+00 -2.942318999999999908e-05
1.525079999999999991e+00 -3.352056999999999677e-05
1.531465999999999994e+00 -3.410588000000000015e-05
1.537496999999999892e+00 -3.117924999999999798e-05
1.543898999999999910e+00 -3.117911000000000174e-05
1.549932000000000087e+00 -3.293509000000000183e-05
1.556640000000000024e+00 -3.234986999999999797e-05
1.562689999999999912e+00 -3.117907999999999964e-05
1.569040999999999908e+00 -3.117902000000000222e-05
1.575088000000000044e+00 -3.117922000000000266e-05
1.581468000000000096e+00 -3.000844000000000165e-05
1.587477000000000027e+00 -3.059383000000000046e-05
1.593847999999999931e+00 -3.059383000000000046e-05
1.600562000000000040e+00 -2.825242999999999947e-05
1.606605000000000061e+00 -2.942316000000000037e-05
1.612956000000000056e+00 -3.000858000000000128e-05
1.619007000000000085e+00 -2.883776000000000086e-05
1.625388000000000055e+00 -2.825233999999999995e-05
1.631456000000000017e+00 -2.649638999999999857e-05
1.638168000000000069e+00 -2.532595000000000102e-05
1.644201000000000024e+00 -2.474053000000000011e-05
1.650593999999999895e+00 -2.356970999999999968e-05
1.656611000000000056e+00 -2.122821999999999917e-05
1.662973000000000035e+00 -1.888681000000000086e-05
1.669022000000000006e+00 -1.478937000000000067e-05
1.675373999999999919e+00 -1.478937000000000067e-05
1.681419999999999915e+00 -1.010660000000000078e-05
1.688126000000000015e+00 -3.667810000000000125e-06
1.694177000000000044e+00 -1.326436000000000060e-06
1.700539999999999941e+00 8.039293000000000280e-06
1.706904999999999895e+00 1.799009999999999908e-05
1.712952999999999948e+00 2.559979000000000109e-05
1.719641999999999893e+00 3.730656999999999745e-05
1.725354000000000054e+00 5.311096999999999812e-05
1.732069000000000081e+00 6.950091000000000472e-05
1.738089999999999913e+00 8.764638999999999416e-05
1.744472000000000023e+00 1.098896999999999992e-04
1.750510999999999928e+00 1.344744999999999946e-04
1.756885999999999948e+00 1.625712999999999930e-04
1.762896000000000019e+00 2.000337000000000089e-04
1.769606999999999930e+00 2.351545000000000133e-04
1.775641999999999943e+00 2.796410000000000150e-04
1.782008999999999954e+00 3.311513999999999886e-04
1.788051999999999975e+00 3.879306000000000225e-04
1.794427999999999912e+00 4.540750999999999989e-04
1.801152000000000086e+00 5.377799000000000381e-04
1.806875000000000009e+00 6.226555000000000154e-04
1.813584000000000085e+00 7.367987000000000104e-04
1.819623999999999908e+00 8.544533999999999463e-04
1.825978000000000101e+00 9.996200999999999264e-04
1.832020999999999900e+00 1.155907999999999979e-03
1.838402000000000092e+00 1.343220000000000004e-03
1.844454000000000038e+00 1.544580999999999949e-03
1.851129999999999942e+00 1.790427000000000034e-03
1.857161000000000062e+00 2.036857999999999898e-03
1.863545999999999925e+00 2.325434999999999829e-03
1.869560000000000111e+00 2.623963999999999897e-03
1.875945999999999891e+00 2.971076000000000012e-03
1.881988999999999912e+00 3.322285999999999816e-03
1.888425000000000020e+00 3.724419999999999988e-03
1.894457999999999975e+00 4.132992000000000263e-03
1.901173999999999920e+00 4.609466000000000431e-03
1.907558000000000087e+00 5.095892999999999777e-03
1.913578999999999919e+00 5.581143999999999689e-03
1.919961000000000029e+00 6.119666000000000168e-03
1.925999999999999934e+00 6.655262999999999804e-03
1.932676999999999978e+00 7.272805000000000242e-03
1.938382999999999967e+00 7.827716000000000188e-03
1.945100000000000051e+00 8.504378999999999411e-03
1.951154000000000055e+00 9.136557000000000012e-03
1.957507000000000108e+00 9.822578000000000212e-03
1.963548000000000071e+00 1.049923999999999996e-02
1.969927999999999901e+00 1.123678000000000003e-02
1.975999000000000061e+00 1.196145000000000021e-02
1.982707999999999915e+00 1.278092999999999937e-02
1.988747000000000043e+00 1.354188999999999914e-02
1.995133000000000045e+00 1.437015999999999988e-02
2.001481000000000066e+00 1.521775000000000037e-02
2.007534999999999847e+00 1.604366999999999946e-02
2.014243000000000006e+00 1.698082000000000064e-02
2.019906000000000201e+00 1.779738000000000153e-02
2.026635000000000186e+00 1.878310000000000049e-02
2.032675999999999927e+00 1.969508000000000023e-02
2.039026999999999923e+00 2.067027000000000100e-02
2.045084000000000124e+00 2.162321999999999855e-02
2.051436999999999955e+00 2.264522999999999883e-02
2.057491999999999877e+00 2.364383999999999930e-02
2.064201999999999870e+00 2.476888999999999827e-02
2.070247999999999866e+00 2.580963000000000007e-02
2.076614999999999878e+00 2.692939999999999917e-02
2.082645999999999997e+00 2.801170999999999869e-02
2.089017000000000124e+00 2.918066999999999883e-02
2.095051999999999914e+00 3.031798999999999952e-02
2.101439000000000057e+00 3.153961999999999738e-02
2.108119999999999994e+00 3.283967000000000136e-02
2.114152999999999949e+00 3.405016000000000292e-02
2.120540999999999787e+00 3.535138000000000169e-02
2.126558999999999866e+00 3.660872999999999905e-02
2.132938999999999918e+00 3.796440999999999705e-02
2.138975999999999988e+00 3.928554000000000074e-02
2.145723999999999965e+00 4.077288999999999913e-02
2.151412000000000102e+00 4.207939000000000124e-02
2.158132000000000161e+00 4.362413999999999875e-02
2.164172000000000207e+00 4.506645000000000095e-02
2.170526000000000177e+00 4.660063999999999873e-02
2.176572999999999869e+00 4.810380999999999685e-02
2.182949999999999946e+00 4.970883999999999719e-02
2.188960999999999935e+00 5.127171999999999980e-02
2.195680999999999994e+00 5.302835000000000187e-02
2.202050999999999981e+00 5.475043999999999744e-02
2.208098999999999812e+00 5.643275999999999848e-02
2.214443999999999857e+00 5.822213999999999862e-02
2.220504000000000033e+00 5.998523000000000049e-02
2.227209999999999912e+00 6.194497000000000198e-02
2.232927000000000106e+00 6.370098999999999900e-02
2.239634000000000125e+00 6.575788000000000466e-02
2.245664999999999800e+00 6.768604000000000287e-02
2.252053999999999778e+00 6.975351999999999941e-02
2.258065000000000211e+00 7.177237000000000200e-02
2.264441999999999844e+00 7.393703000000000081e-02
2.270500999999999880e+00 7.606826999999999339e-02
2.277177000000000007e+00 7.843658000000000574e-02
2.283212999999999937e+00 8.068195999999999701e-02
2.289579999999999949e+00 8.308363000000000553e-02
2.295640000000000125e+00 8.546194000000000013e-02
2.301982999999999890e+00 8.798944999999999683e-02
2.308699999999999974e+00 9.072186000000000139e-02
2.314413000000000054e+00 9.319906999999999497e-02
2.321140999999999899e+00 9.609418999999999600e-02
2.327192000000000149e+00 9.885589000000000182e-02
2.333574000000000037e+00 1.018160000000000037e-01
2.339585000000000026e+00 1.047468000000000010e-01
2.345959000000000128e+00 1.079129999999999950e-01
2.352001000000000008e+00 1.110663000000000067e-01
2.358725000000000183e+00 1.146034999999999970e-01
2.364396999999999860e+00 1.178744999999999932e-01
2.371106999999999854e+00 1.216827000000000047e-01
2.377142000000000088e+00 1.253955999999999960e-01
2.383500999999999870e+00 1.294028999999999874e-01
2.389555999999999791e+00 1.334552999999999989e-01
2.395931000000000033e+00 1.378576999999999997e-01
2.402657000000000043e+00 1.426774000000000098e-01
2.408688000000000162e+00 1.474380999999999886e-01
2.415036000000000183e+00 1.526015000000000010e-01
2.421085999999999849e+00 1.579321999999999948e-01
2.427448000000000050e+00 1.637587000000000070e-01
2.433482000000000145e+00 1.698048000000000057e-01
2.440202000000000204e+00 1.766668000000000127e-01
2.445921999999999930e+00 1.834580000000000100e-01
2.452574999999999950e+00 1.913092999999999877e-01
2.458617999999999970e+00 1.994439000000000073e-01
2.465008999999999784e+00 2.084266999999999925e-01
2.471016999999999797e+00 2.179127999999999898e-01
2.477402000000000104e+00 2.284332000000000029e-01
2.483449999999999935e+00 2.395677999999999974e-01
2.490174000000000110e+00 2.521520999999999901e-01
2.495887999999999884e+00 2.648589000000000082e-01
2.502601999999999993e+00 2.791695000000000149e-01
2.508976000000000095e+00 2.942316999999999849e-01
