1.499961000000000100e+00 -3.176747000000000164e-05
1.506640999999999897e+00 -3.176749999999999697e-05
1.512342999999999993e+00 -3.059670999999999864e-05
1.519060999999999995e+00 -3.293809000000000163e-05
1.525093000000000032e+00 -3.176738000000000212e-05
1.531452999999999953e+00 -3.293831999999999739e-05
1.537495000000000056e+00 -3.235297999999999869e-05
1.543890999999999902e+00 -2.884069999999999985e-05
1.549928999999999890e+00 -3.235275000000000292e-05
1.556640000000000024e+00 -3.469418000000000263e-05
1.562691000000000052e+00 -3.176752999999999906e-05
1.569037000000000015e+00 -3.176778999999999692e-05
1.575085000000000068e+00 -3.176778999999999692e-05
1.581460000000000088e+00 -3.176749999999999697e-05
1.587476000000000109e+00 -3.118202000000000202e-05
1.593844000000000038e+00 -3.410911000000000249e-05
1.600567000000000073e+00 -3.410899000000000087e-05
1.606599000000000110e+00 -3.176749999999999697e-05
1.612959000000000032e+00 -3.176761999999999858e-05
1.619011999999999896e+00 -3.235295000000000336e-05
1.625372999999999957e+00 -3.176756000000000116e-05
1.631447000000000092e+00 -3.645034000000000175e-05
1.638174000000000019e+00 -3.410904999999999829e-05
1.644201999999999941e+00 -3.118213000000000294e-05
1.650595999999999952e+00 -3.293805999999999953e-05
1.656612999999999891e+00 -3.527961000000000085e-05
1.662976999999999927e+00 -3.176740999999999745e-05
1.669022000000000006e+00 -3.352336000000000221e-05
1.675386999999999960e+00 -3.176730000000000330e-05
1.681411999999999907e+00 -3.118198999999999992e-05
1.688131999999999966e+00 -2.942613000000000146e-05
1.694177000000000044e+00 -3.235297999999999869e-05
1.700525000000000064e+00 -3.293834999999999949e-05
1.706906000000000034e+00 -3.235297999999999869e-05
1.712963000000000013e+00 -2.942603999999999855e-05
1.719648000000000065e+00 -3.235281000000000035e-05
1.725355999999999890e+00 -3.176749999999999697e-05
1.732067000000000023e+00 -3.410904999999999829e-05
1.738097000000000003e+00 -3.352354000000000125e-05
1.744475999999999916e+00 -3.352347999999999705e-05
1.750523999999999969e+00 -3.235306999999999821e-05
1.756906000000000079e+00 -3.176747000000000164e-05
1.762898999999999994e+00 -3.410904999999999829e-05
1.769622000000000028e+00 -3.176756000000000116e-05
1.775646000000000058e+00 -3.118219000000000036e-05
1.782016999999999962e+00 -3.176778999999999692e-05
1.788051000000000057e+00 -2.942638999999999932e-05
1.794424000000000019e+00 -3.118219000000000036e-05
1.801142000000000021e+00 -3.410899000000000087e-05
1.806874000000000091e+00 -3.293831999999999739e-05
1.813582999999999945e+00 -3.410886999999999925e-05
1.819623999999999908e+00 -3.059691999999999978e-05
1.825973999999999986e+00 -3.176743999999999955e-05
1.832020999999999900e+00 -3.293817000000000045e-05
1.838405999999999985e+00 -3.118213000000000294e-05
1.844459000000000071e+00 -3.235275000000000292e-05
1.851132999999999917e+00 -3.410886999999999925e-05
1.857175000000000020e+00 -3.235297999999999869e-05
1.863550000000000040e+00 -3.293829000000000207e-05
1.869558000000000053e+00 -3.293822999999999787e-05
1.875952999999999982e+00 -3.118213000000000294e-05
1.881987000000000076e+00 -3.118202000000000202e-05
1.888422999999999963e+00 -3.118222000000000246e-05
1.894462000000000090e+00 -2.942613000000000146e-05
1.901170999999999944e+00 -3.352357000000000335e-05
1.907553000000000054e+00 -3.118213000000000294e-05
1.913580999999999976e+00 -2.942613000000000146e-05
1.919960000000000111e+00 -3.235301000000000078e-05
1.925996999999999959e+00 -3.176761999999999858e-05
1.932674000000000003e+00 -3.059699999999999860e-05
1.938388999999999918e+00 -3.293846000000000041e-05
1.945098999999999911e+00 -2.942616000000000017e-05
1.951141999999999932e+00 -3.176743999999999955e-05
1.957508000000000026e+00 -3.059674000000000074e-05
1.963541999999999899e+00 -3.176756000000000116e-05
1.969934000000000074e+00 -3.001154999999999898e-05
1.975986000000000020e+00 -3.293834999999999949e-05
1.982704999999999940e+00 -3.118227999999999988e-05
1.988757000000000108e+00 -3.059686000000000236e-05
1.995138999999999996e+00 -3.176747000000000164e-05
2.001478999999999786e+00 -3.059683000000000026e-05
2.007528000000000201e+00 -3.059670999999999864e-05
2.014250999999999792e+00 -2.708480999999999928e-05
2.019918000000000102e+00 -3.118213000000000294e-05
2.026632000000000211e+00 -2.649933000000000095e-05
2.032671000000000117e+00 -3.176767000000000208e-05
2.039026999999999923e+00 -3.352357000000000335e-05
2.045068999999999804e+00 -3.176752999999999906e-05
2.051442000000000210e+00 -2.825541999999999857e-05
2.057487000000000066e+00 -3.176767000000000208e-05
2.064194999999999780e+00 -3.176765000000000068e-05
2.070247999999999866e+00 -2.942618000000000157e-05
2.076607999999999787e+00 -3.176765000000000068e-05
2.082641999999999882e+00 -3.293817000000000045e-05
2.089020999999999795e+00 -3.059670999999999864e-05
2.095056000000000029e+00 -3.235295000000000336e-05
2.101442000000000032e+00 -2.942623999999999899e-05
2.108118999999999854e+00 -3.235310000000000030e-05
2.114149999999999974e+00 -3.235306999999999821e-05
2.120533000000000001e+00 -3.118256999999999984e-05
2.126555999999999891e+00 -3.235304000000000288e-05
2.132941999999999894e+00 -3.118213000000000294e-05
2.138981999999999939e+00 -3.059683000000000026e-05
2.145735000000000170e+00 -3.118233999999999730e-05
2.151424000000000003e+00 -3.001154999999999898e-05
2.158133999999999997e+00 -2.942618000000000157e-05
2.164181000000000132e+00 -3.293838000000000159e-05
2.170535000000000103e+00 -3.176769999999999740e-05
2.176590000000000025e+00 -2.942627000000000109e-05
2.182951000000000086e+00 -3.118222000000000246e-05
2.188963999999999910e+00 -3.059691999999999978e-05
2.195676999999999879e+00 -3.118240000000000150e-05
2.202062000000000186e+00 -2.767015000000000137e-05
2.208096999999999976e+00 -3.001181000000000023e-05
2.214452000000000087e+00 -3.235304000000000288e-05
2.220507000000000009e+00 -3.001158000000000108e-05
2.227209000000000216e+00 -3.118227999999999988e-05
2.232925999999999966e+00 -3.001163999999999850e-05
2.239644999999999886e+00 -2.825545000000000067e-05
2.245671999999999890e+00 -3.001158000000000108e-05
2.252054999999999918e+00 -2.942627000000000109e-05
2.258070000000000022e+00 -2.942623999999999899e-05
2.264453000000000049e+00 -2.415800999999999878e-05
2.270497000000000209e+00 -2.825562999999999971e-05
2.277178000000000146e+00 -2.884096000000000110e-05
2.283215999999999912e+00 -2.591407999999999838e-05
2.289587000000000039e+00 -2.474364000000000083e-05
2.295646000000000075e+00 -2.298751000000000041e-05
2.301987000000000005e+00 -2.298743000000000159e-05
2.308698999999999835e+00 -2.415819000000000121e-05
2.314411999999999914e+00 -2.298762999999999864e-05
2.321149000000000129e+00 -1.889003999999999982e-05
2.327185000000000059e+00 -2.006088999999999895e-05
2.333569999999999922e+00 -2.123155999999999904e-05
2.339595999999999787e+00 -1.771936999999999972e-05
2.345974000000000004e+00 -1.479256999999999922e-05
2.352005000000000123e+00 -1.186609999999999977e-05
2.358722999999999903e+00 -9.524578000000000070e-06
2.364403999999999950e+00 -4.256463999999999673e-06
2.371113999999999944e+00 -7.444760000000000021e-07
2.377142999999999784e+00 2.767657999999999887e-06
2.383502000000000010e+00 8.035683999999999549e-06
2.389552999999999816e+00 1.213300999999999956e-05
2.395925999999999778e+00 2.149865000000000126e-05
2.402655999999999903e+00 3.203487999999999914e-05
2.408681000000000072e+00 4.257101999999999750e-05
2.415042000000000133e+00 5.427797000000000237e-05
2.421082000000000178e+00 7.008216999999999583e-05
2.427449999999999886e+00 9.056911000000000063e-05
2.433485999999999816e+00 1.104706999999999993e-04
2.440202999999999900e+00 1.373966999999999918e-04
2.445924000000000209e+00 1.690054999999999932e-04
2.452587999999999990e+00 2.082235999999999896e-04
2.458622999999999781e+00 2.491975999999999805e-04
2.465014000000000038e+00 3.024640000000000098e-04
2.471020999999999912e+00 3.598276999999999769e-04
2.477406999999999915e+00 4.335810999999999745e-04
2.483449999999999935e+00 5.131877000000000400e-04
2.490184999999999871e+00 6.208912000000000025e-04
2.495896000000000114e+00 7.250826000000000363e-04
2.502606999999999804e+00 8.626381999999999496e-04
2.508982000000000046e+00 1.017169999999999967e-03
2.515003000000000100e+00 1.178140000000000047e-03
2.521717000000000208e+00 1.380668999999999950e-03
2.527416000000000107e+00 1.570318999999999925e-03
2.534100000000000019e+00 1.819090999999999894e-03
2.540143000000000040e+00 2.063764999999999957e-03
2.546501000000000126e+00 2.347071999999999960e-03
2.552560000000000162e+00 2.635647000000000077e-03
2.558924999999999894e+00 2.962854999999999916e-03
2.564963999999999800e+00 3.293574999999999975e-03
2.571680000000000188e+00 3.685168999999999858e-03
2.577342999999999940e+00 4.031693000000000256e-03
2.584058000000000188e+00 4.469530999999999678e-03
2.590094999999999814e+00 4.878686000000000134e-03
2.596468000000000220e+00 5.329986000000000099e-03
2.602834000000000092e+00 5.800019000000000008e-03
2.608871000000000162e+00 6.264781999999999990e-03
2.615594999999999892e+00 6.796858999999999713e-03
2.621596999999999955e+00 7.290302999999999714e-03
2.627979999999999983e+00 7.831747999999999488e-03
2.634025999999999978e+00 8.356215999999999644e-03
2.640375000000000139e+00 8.925168000000000684e-03
2.646419999999999995e+00 9.478320000000000148e-03
2.653127000000000013e+00 1.010638999999999982e-02
2.658851999999999993e+00 1.065662000000000033e-02
2.665594000000000019e+00 1.131571999999999960e-02
2.671635000000000204e+00 1.192271999999999950e-02
2.678002000000000216e+00 1.256953000000000063e-02
2.684025000000000105e+00 1.319877000000000029e-02
2.690402999999999878e+00 1.387249999999999941e-02
2.696441000000000088e+00 1.452457000000000054e-02
2.703167999999999793e+00 1.526035000000000065e-02
2.709496999999999822e+00 1.596275999999999945e-02
2.715539000000000147e+00 1.664937000000000014e-02
2.721926999999999985e+00 1.738046000000000035e-02
2.727958000000000105e+00 1.808405000000000082e-02
2.734665999999999819e+00 1.887484000000000037e-02
2.740361000000000047e+00 1.955969999999999931e-02
2.747085999999999917e+00 2.037158000000000024e-02
2.753117000000000036e+00 2.111789999999999848e-02
2.759485999999999883e+00 2.190927999999999973e-02
2.765547000000000200e+00 2.267900000000000124e-02
2.771892999999999940e+00 2.349087999999999871e-02
2.777941999999999911e+00 2.427522999999999834e-02
2.784654999999999880e+00 2.515558999999999851e-02
2.790328999999999837e+00 2.591127000000000014e-02
2.797047000000000061e+00 2.681327999999999837e-02
2.803402999999999867e+00 2.767843000000000039e-02
2.809445999999999888e+00 2.851487999999999939e-02
2.815809999999999924e+00 2.940285999999999941e-02
2.821864999999999846e+00 3.026153999999999997e-02
2.828573000000000004e+00 3.121563999999999936e-02
2.834648000000000057e+00 3.209250000000000297e-02
2.841015000000000068e+00 3.302437999999999901e-02
2.847043000000000212e+00 3.391937999999999898e-02
2.853439999999999976e+00 3.487582999999999656e-02
2.859462999999999866e+00 3.579071999999999809e-02
2.866162999999999794e+00 3.680979999999999669e-02
2.871878000000000153e+00 3.770186999999999844e-02
2.878544000000000214e+00 3.874201000000000034e-02
2.884584999999999955e+00 3.970256999999999953e-02
2.890969999999999818e+00 4.072690999999999811e-02
2.897012000000000143e+00 4.170796999999999699e-02
2.903357000000000188e+00 4.274577000000000238e-02
2.910088000000000008e+00 4.386028000000000149e-02
2.916131000000000029e+00 4.487760999999999834e-02
2.922514000000000056e+00 4.596224000000000143e-02
2.928555999999999937e+00 4.700413999999999981e-02
2.934921000000000113e+00 4.810927999999999732e-02
2.940948999999999813e+00 4.917285999999999879e-02
2.947680000000000078e+00 5.035876000000000241e-02
2.953368000000000215e+00 5.139948999999999907e-02
2.960087999999999830e+00 5.261644000000000043e-02
2.966089999999999893e+00 5.372508000000000145e-02
2.972461000000000020e+00 5.491216000000000153e-02
2.978501000000000065e+00 5.605766000000000221e-02
2.984872999999999887e+00 5.726991000000000026e-02
2.990920000000000023e+00 5.844703999999999872e-02
2.997632999999999992e+00 5.974532999999999927e-02
3.004026000000000085e+00 6.100909000000000193e-02
3.010073999999999916e+00 6.223072000000000326e-02
3.016448000000000018e+00 6.351553000000000060e-02
3.022504000000000079e+00 6.476350999999999636e-02
3.028849999999999820e+00 6.607760999999999496e-02
3.034892999999999841e+00 6.735423999999999578e-02
3.041612000000000204e+00 6.876667999999999670e-02
3.047626000000000168e+00 7.007020999999999389e-02
3.054002999999999801e+00 7.145574999999999843e-02
3.060045000000000126e+00 7.279093000000000369e-02
3.066405000000000047e+00 7.420569999999999944e-02
3.072429000000000077e+00 7.557774000000000436e-02
3.079155000000000086e+00 7.709204000000000057e-02
3.084865000000000190e+00 7.843424000000000229e-02
3.091568999999999789e+00 7.998305999999999472e-02
3.097598000000000074e+00 8.142356000000000593e-02
3.103965999999999781e+00 8.293839999999999546e-02
3.110361999999999849e+00 8.448838999999999655e-02
3.116372999999999838e+00 8.597462000000000160e-02
3.123085000000000111e+00 8.761647999999999659e-02
3.129125000000000156e+00 8.914307999999999954e-02
3.135461999999999971e+00 9.075334999999999652e-02
3.141497000000000206e+00 9.231093999999999411e-02
3.147886999999999880e+00 9.396277000000000101e-02
3.153942999999999941e+00 9.556019999999999792e-02
3.160622000000000043e+00 9.731447000000000014e-02
3.166323999999999916e+00 9.887677000000000271e-02
3.173048000000000091e+00 1.006772999999999973e-01
3.179110999999999798e+00 1.023526000000000019e-01
3.185500000000000220e+00 1.041173999999999988e-01
3.191526999999999781e+00 1.058194999999999969e-01
3.197887999999999842e+00 1.076130000000000003e-01
3.204596000000000000e+00 1.095107000000000025e-01
3.210639000000000021e+00 1.112725999999999993e-01
3.217022000000000048e+00 1.131404000000000021e-01
3.223037000000000152e+00 1.149492000000000014e-01
3.229407000000000139e+00 1.168456999999999968e-01
3.235446000000000044e+00 1.186713999999999963e-01
3.241811999999999916e+00 1.206012000000000056e-01
3.247840000000000060e+00 1.224649000000000015e-01
3.254558999999999980e+00 1.245025000000000021e-01
3.260623999999999967e+00 1.264042999999999972e-01
3.267042000000000002e+00 1.284067999999999876e-01
3.273076000000000096e+00 1.303248999999999935e-01
3.279455000000000009e+00 1.323372999999999911e-01
3.285477999999999899e+00 1.342853999999999992e-01
3.292187999999999892e+00 1.364073000000000091e-01
3.297883999999999816e+00 1.382950000000000013e-01
3.304625000000000146e+00 1.404525000000000079e-01
3.310953000000000035e+00 1.425251999999999908e-01
3.317000999999999866e+00 1.445300999999999947e-01
3.323373999999999828e+00 1.466314999999999980e-01
3.329391000000000211e+00 1.486426999999999887e-01
3.336113000000000106e+00 1.508540999999999910e-01
3.342154999999999987e+00 1.528970000000000051e-01
3.348559999999999981e+00 1.550340000000000051e-01
3.354598999999999887e+00 1.570862000000000092e-01
3.360967000000000038e+00 1.592244999999999910e-01
3.367023000000000099e+00 1.612802999999999876e-01
3.373708000000000151e+00 1.635150999999999966e-01
3.379424999999999901e+00 1.655000000000000082e-01
3.386127999999999805e+00 1.677523999999999960e-01
3.392139999999999933e+00 1.698240000000000027e-01
3.398508999999999780e+00 1.719932000000000127e-01
3.404884000000000022e+00 1.741736999999999869e-01
3.410940000000000083e+00 1.762656999999999974e-01
3.417640000000000011e+00 1.785333000000000059e-01
3.423674999999999802e+00 1.806171000000000026e-01
3.430048000000000208e+00 1.827917000000000014e-01
3.436090999999999784e+00 1.848814000000000013e-01
3.442461999999999911e+00 1.870641000000000109e-01
3.448500999999999816e+00 1.891665999999999903e-01
3.454886999999999819e+00 1.913804000000000061e-01
3.460890000000000022e+00 1.935004999999999920e-01
3.467604000000000131e+00 1.958383999999999958e-01
3.473656000000000077e+00 1.980036000000000018e-01
3.479995000000000172e+00 2.002599999999999936e-01
3.486047999999999814e+00 2.024516000000000093e-01
3.492414999999999825e+00 2.047438000000000036e-01
3.498447000000000084e+00 2.069552000000000058e-01
3.505142999999999898e+00 2.093725999999999920e-01
3.511538999999999966e+00 2.117234000000000060e-01
3.517580999999999847e+00 2.139816999999999969e-01
3.523975000000000080e+00 2.163546000000000080e-01
3.530025999999999886e+00 2.186423000000000116e-01
3.536391000000000062e+00 2.210355999999999987e-01
3.542422999999999877e+00 2.233500999999999959e-01
3.549138999999999822e+00 2.258782000000000012e-01
3.555163999999999991e+00 2.282143000000000088e-01
3.561561000000000199e+00 2.306633999999999907e-01
3.567555000000000032e+00 2.330058999999999880e-01
3.573926999999999854e+00 2.354667000000000010e-01
3.579981000000000080e+00 2.378531999999999869e-01
3.586679999999999868e+00 2.404372999999999927e-01
3.592370999999999981e+00 2.427313000000000109e-01
3.599089000000000205e+00 2.453315000000000079e-01
3.605500000000000149e+00 2.478520999999999919e-01
3.611520000000000064e+00 2.502577999999999747e-01
3.617875999999999870e+00 2.527658999999999878e-01
3.623927999999999816e+00 2.551804999999999768e-01
3.630621000000000098e+00 2.577869999999999884e-01
3.636671000000000209e+00 2.602069000000000187e-01
3.643060999999999883e+00 2.627167999999999726e-01
3.649055999999999855e+00 2.651178000000000146e-01
3.655421000000000031e+00 2.676214000000000093e-01
3.661462999999999912e+00 2.700271000000000199e-01
3.667845999999999940e+00 2.725272000000000250e-01
3.673868999999999829e+00 2.749241000000000046e-01
3.680597000000000119e+00 2.775276999999999883e-01
3.686627999999999794e+00 2.799224000000000157e-01
3.693032999999999788e+00 2.824188000000000254e-01
3.699078000000000088e+00 2.848005000000000120e-01
3.705446999999999935e+00 2.872759999999999758e-01
3.712174999999999780e+00 2.898607999999999740e-01
3.718198999999999810e+00 2.922269000000000116e-01
3.724558000000000035e+00 2.946811999999999765e-01
3.730592000000000130e+00 2.970355000000000079e-01
3.736962999999999813e+00 2.994751999999999970e-01
