1.000096000000000096e+00 -3.235120999999999684e-05
1.005149999999999988e+00 -3.235114999999999942e-05
1.009803999999999924e+00 -3.293646000000000280e-05
1.014907000000000004e+00 -3.410732999999999994e-05
1.019881999999999955e+00 -3.118036000000000109e-05
1.024909000000000070e+00 -3.059513999999999723e-05
1.029938000000000020e+00 -2.942447000000000053e-05
1.034985000000000044e+00 -3.176595999999999766e-05
1.040010000000000101e+00 -3.000974999999999842e-05
1.045044000000000084e+00 -3.235138000000000195e-05
1.050081999999999960e+00 -3.235126000000000034e-05
1.055093000000000059e+00 -3.352182000000000290e-05
1.059795000000000043e+00 -3.059504999999999771e-05
1.064823000000000075e+00 -3.176586999999999814e-05
1.069862000000000091e+00 -3.176577999999999862e-05
1.074864999999999959e+00 -3.410718999999999692e-05
1.079898999999999942e+00 -3.176572000000000119e-05
1.084926000000000057e+00 -3.410718999999999692e-05
1.089962000000000097e+00 -3.293654000000000162e-05
1.094983999999999957e+00 -3.176584000000000281e-05
1.100378999999999996e+00 -3.176586999999999814e-05
1.105390000000000095e+00 -3.352200000000000194e-05
1.110427999999999971e+00 -3.176584000000000281e-05
1.115475999999999912e+00 -3.235129000000000243e-05
1.120519000000000043e+00 -3.176577999999999862e-05
1.125561000000000034e+00 -3.059502000000000239e-05
1.130600000000000049e+00 -3.235123999999999894e-05
1.135623000000000049e+00 -3.352196999999999984e-05
1.140293000000000001e+00 -3.059516999999999933e-05
1.145334999999999992e+00 -3.235114999999999942e-05
1.150369999999999893e+00 -2.942440999999999972e-05
1.155396000000000090e+00 -3.352200000000000194e-05
1.160409999999999942e+00 -3.176584000000000281e-05
1.165442000000000089e+00 -3.352196999999999984e-05
1.170385999999999926e+00 -3.118058999999999685e-05
1.175510999999999973e+00 -3.410736000000000204e-05
1.180515999999999899e+00 -3.352200000000000194e-05
1.185565999999999898e+00 -3.118041999999999851e-05
1.190584000000000087e+00 -3.293650999999999952e-05
1.195300999999999947e+00 -3.000963000000000019e-05
1.200337999999999905e+00 -3.000983000000000063e-05
1.205408000000000035e+00 -2.825381999999999845e-05
1.210449000000000108e+00 -2.942440999999999972e-05
1.215472000000000108e+00 -3.000989000000000144e-05
1.220469999999999944e+00 -2.942447000000000053e-05
1.225532000000000066e+00 -2.942453000000000134e-05
1.230572999999999917e+00 -3.118048000000000271e-05
1.235597000000000056e+00 -2.825381999999999845e-05
1.240636000000000072e+00 -3.000998000000000096e-05
1.245306999999999942e+00 -2.942454999999999935e-05
1.250339000000000089e+00 -3.176613000000000277e-05
1.255373000000000072e+00 -3.000992000000000015e-05
1.260415999999999981e+00 -2.942438000000000101e-05
1.265433000000000030e+00 -2.942454999999999935e-05
1.270467999999999931e+00 -2.883912999999999844e-05
1.275511000000000061e+00 -2.942443999999999843e-05
1.280531000000000086e+00 -3.000989000000000144e-05
1.285595999999999961e+00 -2.942447000000000053e-05
1.290634999999999977e+00 -2.883912999999999844e-05
1.295668999999999960e+00 -3.176604999999999718e-05
1.301087000000000105e+00 -3.000998000000000096e-05
1.306076999999999932e+00 -3.000989000000000144e-05
1.311098000000000097e+00 -3.000983000000000063e-05
1.316132000000000080e+00 -3.118058999999999685e-05
1.321164999999999923e+00 -2.591224999999999911e-05
1.325814000000000048e+00 -3.000979999999999853e-05
1.330856999999999957e+00 -2.942463999999999887e-05
1.335890999999999940e+00 -2.942449999999999924e-05
1.340932000000000013e+00 -3.293666000000000323e-05
1.345970000000000111e+00 -2.942453000000000134e-05
1.351032999999999928e+00 -3.118058999999999685e-05
1.356014000000000053e+00 -3.176598999999999975e-05
1.361053999999999986e+00 -2.942443999999999843e-05
1.366084999999999994e+00 -3.118061999999999895e-05
1.371124999999999927e+00 -3.118048000000000271e-05
1.376066000000000011e+00 -2.942453000000000134e-05
1.380854999999999944e+00 -3.118056000000000153e-05
1.385888999999999927e+00 -3.176575000000000329e-05
1.390924999999999967e+00 -3.293668999999999856e-05
1.395944999999999991e+00 -3.059529000000000095e-05
1.400968999999999909e+00 -3.059551999999999671e-05
1.406022000000000105e+00 -2.825385000000000055e-05
1.411037000000000097e+00 -3.000983000000000063e-05
1.416047000000000056e+00 -3.235140999999999728e-05
1.421081000000000039e+00 -2.942453000000000134e-05
1.426121999999999890e+00 -3.118061999999999895e-05
1.431146999999999947e+00 -3.001018000000000140e-05
1.435864000000000029e+00 -2.942461000000000016e-05
1.440862000000000087e+00 -3.059525999999999885e-05
1.445904000000000078e+00 -3.059529000000000095e-05
1.450935000000000086e+00 -3.118048000000000271e-05
1.455980999999999970e+00 -3.235138000000000195e-05
1.461030000000000051e+00 -3.000979999999999853e-05
1.466067000000000009e+00 -2.825385000000000055e-05
1.471101999999999910e+00 -3.059520000000000143e-05
1.476137000000000032e+00 -2.766855000000000125e-05
1.481144999999999934e+00 -3.000992000000000015e-05
1.485851999999999951e+00 -2.942461000000000016e-05
1.490887000000000073e+00 -2.883912999999999844e-05
1.495916999999999941e+00 -3.235138000000000195e-05
1.501605999999999996e+00 -3.176590000000000023e-05
1.506709999999999994e+00 -2.825376999999999834e-05
1.511327000000000087e+00 -3.000974999999999842e-05
1.516343999999999914e+00 -2.942454999999999935e-05
1.521395999999999971e+00 -3.059525999999999885e-05
1.526416999999999913e+00 -3.000992000000000015e-05
1.531449999999999978e+00 -3.059531000000000235e-05
1.536489999999999911e+00 -2.883922000000000135e-05
1.541539999999999910e+00 -3.059525999999999885e-05
1.546551999999999927e+00 -3.118068000000000315e-05
1.551590000000000025e+00 -2.883938999999999969e-05
1.556623000000000090e+00 -2.766855000000000125e-05
1.561657000000000073e+00 -2.708314999999999835e-05
1.566338999999999926e+00 -2.883925000000000006e-05
1.571379000000000081e+00 -3.059520000000000143e-05
1.576408999999999949e+00 -3.118056000000000153e-05
1.581452999999999998e+00 -3.059536999999999977e-05
1.586489999999999956e+00 -2.942447000000000053e-05
1.591490999999999989e+00 -2.942454999999999935e-05
1.596522999999999914e+00 -3.118056000000000153e-05
1.601545999999999914e+00 -2.942463999999999887e-05
1.606586999999999987e+00 -2.649767000000000002e-05
1.611604000000000037e+00 -3.000989000000000144e-05
1.616646000000000027e+00 -2.766842999999999964e-05
1.621336000000000110e+00 -3.059531000000000235e-05
1.626379000000000019e+00 -3.001000999999999967e-05
1.631436000000000108e+00 -2.942467000000000097e-05
1.636492999999999975e+00 -3.059529000000000095e-05
1.641507000000000049e+00 -2.766849000000000044e-05
1.646544999999999925e+00 -3.176586999999999814e-05
1.651585999999999999e+00 -3.118074000000000057e-05
1.656600999999999990e+00 -2.883912999999999844e-05
1.661629000000000023e+00 -3.059542999999999719e-05
1.666658999999999891e+00 -2.825409000000000039e-05
1.671349999999999891e+00 -3.293679999999999948e-05
1.676355000000000040e+00 -2.883931000000000087e-05
1.681403999999999899e+00 -3.000989000000000144e-05
1.686420000000000030e+00 -2.883925000000000006e-05
1.691464999999999996e+00 -2.942469999999999968e-05
1.696480999999999906e+00 -2.825396999999999878e-05
1.701856999999999953e+00 -3.000994999999999886e-05
1.706890000000000018e+00 -2.942478999999999920e-05
1.711924999999999919e+00 -3.000992000000000015e-05
1.716955999999999927e+00 -2.766875000000000169e-05
1.721980000000000066e+00 -3.001014999999999930e-05
1.727028999999999925e+00 -3.176598999999999975e-05
1.732051000000000007e+00 -3.118056000000000153e-05
1.737103999999999981e+00 -3.000992000000000015e-05
1.742105000000000015e+00 -3.059529000000000095e-05
1.747141999999999973e+00 -3.000998000000000096e-05
1.751838999999999924e+00 -2.766845999999999835e-05
1.756891999999999898e+00 -3.118056000000000153e-05
1.761887999999999899e+00 -3.000992000000000015e-05
1.766914000000000096e+00 -3.059522999999999675e-05
1.771948000000000079e+00 -2.766849000000000044e-05
1.776974000000000053e+00 -3.059533999999999767e-05
1.781994000000000078e+00 -2.825381999999999845e-05
1.787026999999999921e+00 -3.059529000000000095e-05
1.792078999999999978e+00 -2.883922000000000135e-05
1.797104000000000035e+00 -2.883916000000000054e-05
1.802178999999999975e+00 -2.825396999999999878e-05
1.806869000000000058e+00 -3.059545999999999929e-05
1.811897000000000091e+00 -3.059529000000000095e-05
1.816928000000000099e+00 -2.708314999999999835e-05
1.821962000000000081e+00 -2.825394000000000007e-05
1.826978999999999909e+00 -3.001000999999999967e-05
1.832006999999999941e+00 -2.883931000000000087e-05
1.837048999999999932e+00 -2.825385000000000055e-05
1.842078000000000104e+00 -3.001003999999999838e-05
1.847088000000000063e+00 -2.942454999999999935e-05
1.851963999999999944e+00 -3.118058999999999685e-05
1.857153999999999971e+00 -3.000994999999999886e-05
1.861852000000000062e+00 -2.708318000000000045e-05
1.866873000000000005e+00 -2.883925000000000006e-05
1.871923999999999921e+00 -2.766849000000000044e-05
1.877023000000000108e+00 -2.942454999999999935e-05
1.881976000000000093e+00 -2.708305999999999884e-05
1.887013000000000051e+00 -2.942454999999999935e-05
1.892104999999999926e+00 -2.825400000000000088e-05
1.897140999999999966e+00 -2.708329999999999868e-05
1.902511999999999981e+00 -2.883925000000000006e-05
1.907545999999999964e+00 -2.591262000000000128e-05
1.912565999999999988e+00 -2.708326999999999997e-05
1.917604000000000086e+00 -2.649793000000000127e-05
1.922631999999999897e+00 -2.825400000000000088e-05
1.927662999999999904e+00 -2.766849000000000044e-05
1.932673000000000085e+00 -2.649782000000000035e-05
1.937356999999999996e+00 -3.001000999999999967e-05
1.942390999999999979e+00 -2.649795999999999998e-05
1.947432999999999970e+00 -3.000994999999999886e-05
1.952466000000000035e+00 -2.825394000000000007e-05
1.957486000000000059e+00 -3.000998000000000096e-05
1.962558999999999942e+00 -2.883922000000000135e-05
1.967554000000000025e+00 -2.708340999999999960e-05
1.972606000000000082e+00 -2.708326999999999997e-05
1.977651999999999965e+00 -2.766860000000000136e-05
1.982691999999999899e+00 -3.000994999999999886e-05
1.987719999999999931e+00 -3.001007000000000048e-05
1.992437999999999931e+00 -2.883927999999999877e-05
1.997440000000000104e+00 -3.000998000000000096e-05
2.002477999999999980e+00 -2.883936000000000098e-05
2.007541999999999938e+00 -2.708329999999999868e-05
2.012551999999999897e+00 -2.649779000000000164e-05
2.017561999999999856e+00 -2.766869000000000088e-05
2.022603000000000151e+00 -2.942469999999999968e-05
2.027629999999999821e+00 -2.649787000000000046e-05
2.032649000000000150e+00 -2.825402999999999959e-05
2.037704999999999878e+00 -2.766880999999999911e-05
2.042701000000000100e+00 -2.766871999999999959e-05
2.047410000000000174e+00 -2.766865999999999878e-05
2.052455999999999836e+00 -2.649775999999999954e-05
2.057479999999999976e+00 -2.942463999999999887e-05
2.062517000000000156e+00 -2.708343999999999831e-05
2.067524000000000139e+00 -2.708329999999999868e-05
2.072575000000000056e+00 -2.942476000000000049e-05
2.077614000000000072e+00 -2.883925000000000006e-05
2.082638999999999907e+00 -2.883927999999999877e-05
2.087657000000000096e+00 -2.825394000000000007e-05
2.092686000000000046e+00 -2.766871999999999959e-05
2.097396999999999956e+00 -2.883938999999999969e-05
2.103070000000000217e+00 -2.708318000000000045e-05
2.108108999999999789e+00 -2.708326999999999997e-05
2.113137000000000043e+00 -2.708329999999999868e-05
2.118171999999999944e+00 -2.591253999999999907e-05
2.123213999999999935e+00 -2.415653000000000028e-05
2.127826000000000217e+00 -2.591271000000000080e-05
2.132928999999999853e+00 -2.532731999999999860e-05
2.137954999999999828e+00 -2.474175000000000075e-05
2.142999999999999794e+00 -2.591251000000000036e-05
2.148050000000000015e+00 -2.415640999999999866e-05
2.153087999999999891e+00 -2.591242000000000084e-05
2.158104999999999940e+00 -2.708343999999999831e-05
2.163158000000000136e+00 -2.415646999999999947e-05
2.168162999999999840e+00 -2.415644000000000076e-05
2.173198000000000185e+00 -2.298599999999999981e-05
2.177916999999999881e+00 -2.064459999999999882e-05
2.182939999999999880e+00 -2.122988000000000010e-05
2.187984999999999847e+00 -2.357137000000000061e-05
2.192972999999999839e+00 -2.064450999999999930e-05
2.198023000000000060e+00 -2.064441999999999978e-05
2.203037000000000134e+00 -2.064441999999999978e-05
2.208079000000000125e+00 -1.888836000000000087e-05
2.213089999999999780e+00 -1.888843999999999970e-05
2.218135000000000190e+00 -1.830328000000000003e-05
2.223142999999999869e+00 -1.830320000000000121e-05
2.228206000000000131e+00 -1.537646000000000152e-05
2.232899999999999885e+00 -1.186432000000000061e-05
2.237943000000000016e+00 -1.244982999999999935e-05
2.242973000000000106e+00 -1.303516999999999975e-05
2.247983000000000064e+00 -9.522947999999999545e-06
2.253031000000000006e+00 -7.181573999999999692e-06
2.258055000000000145e+00 -7.181661000000000187e-06
2.263094999999999857e+00 -4.254892999999999718e-06
2.268120999999999832e+00 -4.254833999999999995e-06
2.273171000000000053e+00 -7.426423999999999558e-07
2.278159000000000045e+00 2.184010000000000033e-06
2.283202999999999872e+00 2.183892999999999980e-06
2.287903000000000020e+00 9.208045000000000368e-06
2.292934999999999945e+00 1.037869000000000041e-05
2.297944999999999904e+00 1.506154999999999982e-05
2.303659000000000123e+00 2.032960999999999999e-05
2.308682000000000123e+00 2.676857000000000111e-05
2.313388000000000222e+00 3.028067000000000090e-05
2.318448000000000064e+00 3.789000999999999876e-05
2.323477000000000015e+00 4.608483999999999904e-05
2.328510000000000080e+00 5.427974999999999814e-05
2.333552000000000071e+00 6.305981999999999690e-05
2.338595000000000201e+00 7.476700999999999822e-05
2.343602999999999881e+00 8.296183999999999850e-05
2.348640000000000061e+00 9.583941000000000335e-05
2.353673999999999822e+00 1.104731000000000045e-04
2.358708000000000027e+00 1.262773999999999982e-04
2.363370000000000193e+00 1.455938999999999953e-04
2.368412999999999879e+00 1.649103999999999924e-04
2.373432999999999904e+00 1.853973999999999878e-04
2.378473000000000059e+00 2.111528999999999956e-04
2.383490999999999804e+00 2.404200000000000054e-04
2.388535000000000075e+00 2.737848999999999882e-04
2.393559000000000214e+00 3.100760999999999839e-04
2.398604000000000180e+00 3.492940999999999733e-04
2.403631999999999991e+00 3.955369000000000246e-04
2.408668000000000031e+00 4.476328999999999812e-04
2.413695999999999842e+00 5.049965999999999483e-04
2.418384999999999785e+00 5.658730000000000487e-04
2.423429000000000055e+00 6.361143000000000092e-04
2.428430000000000089e+00 7.139654000000000269e-04
2.433478000000000030e+00 8.064505999999999931e-04
2.438502000000000169e+00 9.047884999999999652e-04
2.443556000000000061e+00 1.010735999999999926e-03
2.448544000000000054e+00 1.131318000000000080e-03
2.453587999999999880e+00 1.261849999999999907e-03
2.458612000000000020e+00 1.407601999999999985e-03
2.463655999999999846e+00 1.568572000000000065e-03
2.468659999999999854e+00 1.741249000000000052e-03
2.473364999999999814e+00 1.919193000000000027e-03
2.478410999999999920e+00 2.124065000000000068e-03
2.483439999999999870e+00 2.344740000000000105e-03
2.488484999999999836e+00 2.583563000000000092e-03
2.493529000000000106e+00 2.841115999999999867e-03
2.498575000000000212e+00 3.116228999999999874e-03
2.503932999999999964e+00 3.426461999999999911e-03
2.508966000000000030e+00 3.739620999999999831e-03
2.513977000000000128e+00 4.069170999999999899e-03
2.519016999999999840e+00 4.422136999999999596e-03
2.524045999999999790e+00 4.787978000000000026e-03
2.529084999999999805e+00 5.178404999999999640e-03
2.534082999999999863e+00 5.579360999999999696e-03
2.539115999999999929e+00 6.004327000000000275e-03
2.544157999999999920e+00 6.449192999999999766e-03
2.549183000000000199e+00 6.909857999999999625e-03
2.553873999999999977e+00 7.352380999999999847e-03
2.558918999999999944e+00 7.848756000000000135e-03
2.563957999999999959e+00 8.362104000000000412e-03
2.568979999999999819e+00 8.891842000000000495e-03
2.574024999999999785e+00 9.437974999999999490e-03
2.579018000000000033e+00 9.995218999999999632e-03
2.584042999999999868e+00 1.057119999999999935e-02
2.589074999999999793e+00 1.116298999999999937e-02
2.594117999999999924e+00 1.177408999999999921e-02
2.599136999999999809e+00 1.239515000000000061e-02
2.603838999999999793e+00 1.298751000000000072e-02
2.608865999999999907e+00 1.363783000000000009e-02
2.613913000000000153e+00 1.430337999999999922e-02
2.618905999999999956e+00 1.497301000000000014e-02
2.623939000000000021e+00 1.566723000000000074e-02
2.628975000000000062e+00 1.637140999999999944e-02
2.634012999999999938e+00 1.708493000000000164e-02
2.639051999999999953e+00 1.781427999999999831e-02
2.644064000000000192e+00 1.855064999999999839e-02
2.649097999999999953e+00 1.929929999999999840e-02
2.654131000000000018e+00 2.006785999999999986e-02
2.658837000000000117e+00 2.078725000000000017e-02
2.663892999999999844e+00 2.157689000000000135e-02
2.668943000000000065e+00 2.237472000000000072e-02
2.673960000000000115e+00 2.317663999999999835e-02
2.678997999999999990e+00 2.399495999999999921e-02
2.684016000000000179e+00 2.481854000000000005e-02
2.689045000000000130e+00 2.565734000000000070e-02
2.694074000000000080e+00 2.650022999999999962e-02
2.699120999999999881e+00 2.735951999999999829e-02
2.704458999999999946e+00 2.827734999999999971e-02
2.709487999999999897e+00 2.915244999999999989e-02
2.714531000000000027e+00 3.004041000000000003e-02
2.719561999999999813e+00 3.093482999999999997e-02
2.724604999999999944e+00 3.184093999999999813e-02
2.729611999999999927e+00 3.274822000000000149e-02
2.734659000000000173e+00 3.367248999999999937e-02
2.739341000000000026e+00 3.453997999999999791e-02
2.744380000000000042e+00 3.547710999999999920e-02
2.749423000000000172e+00 3.642361000000000210e-02
2.754442000000000057e+00 3.737831999999999960e-02
2.759473999999999982e+00 3.834001000000000076e-02
2.764505000000000212e+00 3.931169000000000330e-02
2.769537999999999833e+00 4.029039999999999705e-02
2.774560000000000137e+00 4.127436999999999773e-02
2.779605000000000103e+00 4.227473999999999815e-02
2.784635999999999889e+00 4.327802000000000038e-02
2.789346000000000103e+00 4.422746000000000316e-02
2.794331999999999816e+00 4.523717000000000016e-02
2.799368999999999996e+00 4.626150999999999874e-02
2.804403000000000201e+00 4.729637999999999898e-02
2.809438000000000102e+00 4.833479999999999721e-02
2.814456999999999987e+00 4.938200999999999702e-02
2.819491000000000192e+00 5.044031999999999683e-02
2.824536999999999853e+00 5.150858999999999993e-02
2.829565999999999804e+00 5.257799999999999974e-02
2.834624999999999950e+00 5.365914000000000100e-02
2.839650999999999925e+00 5.474318999999999713e-02
2.844345000000000123e+00 5.576579999999999732e-02
2.849385999999999974e+00 5.686683000000000016e-02
2.854405999999999999e+00 5.797315000000000107e-02
2.859455000000000080e+00 5.908882000000000023e-02
2.864479999999999915e+00 6.020390999999999937e-02
2.869508000000000170e+00 6.132601000000000024e-02
2.874549000000000021e+00 6.246155999999999930e-02
2.879550000000000054e+00 6.359365999999999630e-02
2.884577000000000169e+00 6.473508000000000040e-02
2.889616000000000184e+00 6.588702999999999921e-02
2.894648999999999806e+00 6.704366999999999965e-02
2.899322999999999873e+00 6.813004999999999756e-02
2.905037999999999787e+00 6.944944999999999591e-02
2.910061999999999927e+00 7.062245000000000328e-02
2.915103999999999917e+00 7.180248999999999659e-02
2.920157999999999809e+00 7.298960999999999644e-02
2.924843000000000082e+00 7.410232999999999404e-02
2.929873999999999867e+00 7.529354000000000602e-02
2.934911000000000048e+00 7.649292000000000591e-02
2.939951000000000203e+00 7.769521000000000066e-02
2.944968999999999948e+00 7.889516000000000584e-02
2.950016999999999889e+00 8.011148999999999354e-02
2.955032999999999799e+00 8.132264000000000159e-02
2.960080000000000044e+00 8.254308000000000478e-02
2.965065000000000062e+00 8.376058000000000114e-02
2.970105000000000217e+00 8.499212999999999907e-02
2.975125999999999937e+00 8.622253000000000556e-02
2.979851000000000028e+00 8.738448000000000049e-02
2.984863999999999962e+00 8.862072999999999479e-02
2.989889999999999937e+00 8.986631000000000480e-02
2.994934999999999903e+00 9.111487000000000058e-02
2.999964999999999993e+00 9.237222000000000488e-02
