1.499981000000000009e+00 -2.824674999999999853e-05
1.506656999999999913e+00 -2.590535000000000092e-05
1.512369999999999992e+00 -2.766142000000000053e-05
1.519101000000000035e+00 -2.707604999999999973e-05
1.525093999999999950e+00 -3.117354999999999904e-05
1.531482000000000010e+00 -2.707602000000000102e-05
1.537519000000000080e+00 -2.883215000000000143e-05
1.543903999999999943e+00 -2.824689999999999886e-05
1.549906999999999924e+00 -2.649082999999999926e-05
1.556654999999999900e+00 -2.941780000000000149e-05
1.562700999999999896e+00 -2.707627999999999888e-05
1.569051999999999891e+00 -2.824678000000000063e-05
1.575109000000000092e+00 -2.649080000000000054e-05
1.581477999999999939e+00 -2.766147000000000064e-05
1.587466000000000044e+00 -2.649071000000000103e-05
1.593868000000000062e+00 -2.766147000000000064e-05
1.600573000000000023e+00 -2.590537999999999963e-05
1.606618000000000102e+00 -2.941762999999999976e-05
1.612983999999999973e+00 -3.058826999999999776e-05
1.619045000000000067e+00 -2.766171000000000049e-05
1.625394999999999923e+00 -2.883218000000000014e-05
1.631472000000000033e+00 -2.883220000000000154e-05
1.638181000000000109e+00 -3.000293999999999975e-05
1.644222999999999990e+00 -2.766138999999999843e-05
1.650635999999999992e+00 -3.000293999999999975e-05
1.656625000000000014e+00 -2.941765999999999847e-05
1.662995999999999919e+00 -2.707611000000000054e-05
1.669051000000000062e+00 -2.883231999999999977e-05
1.675389999999999935e+00 -2.707620000000000006e-05
1.681429000000000062e+00 -2.766143999999999854e-05
1.688169000000000031e+00 -2.824678000000000063e-05
1.694193999999999978e+00 -2.824689999999999886e-05
1.700541999999999998e+00 -2.766149999999999935e-05
1.706928999999999919e+00 -2.766149999999999935e-05
1.712965000000000071e+00 -3.000293999999999975e-05
1.719638999999999918e+00 -2.707617000000000135e-05
1.725379999999999914e+00 -2.824689999999999886e-05
1.732096999999999998e+00 -2.766153000000000145e-05
1.738110999999999962e+00 -2.707633999999999969e-05
1.744493999999999989e+00 -2.707633999999999969e-05
1.750544000000000100e+00 -2.824678000000000063e-05
1.756909999999999972e+00 -2.883229000000000106e-05
1.762914000000000092e+00 -2.707622000000000146e-05
1.769636999999999905e+00 -2.824698000000000107e-05
1.775665999999999967e+00 -2.941762999999999976e-05
1.782048999999999994e+00 -3.000305000000000067e-05
1.788064000000000098e+00 -2.824695999999999967e-05
1.794445000000000068e+00 -2.707611000000000054e-05
1.801168000000000102e+00 -2.824695999999999967e-05
1.806890000000000107e+00 -2.766178999999999931e-05
1.813598000000000043e+00 -3.000322999999999971e-05
1.819665000000000088e+00 -2.883240999999999929e-05
1.825997000000000092e+00 -2.707620000000000006e-05
1.832038999999999973e+00 -2.766164999999999968e-05
1.838422000000000001e+00 -3.058842000000000147e-05
1.844471999999999889e+00 -2.766156000000000016e-05
1.851123000000000074e+00 -2.766185000000000012e-05
1.857191999999999954e+00 -2.883231999999999977e-05
1.863560000000000105e+00 -3.175923000000000119e-05
1.869582999999999995e+00 -2.707627999999999888e-05
1.875971000000000055e+00 -3.000301999999999857e-05
1.882001999999999953e+00 -2.883240999999999929e-05
1.888441999999999954e+00 -2.941765999999999847e-05
1.894476999999999967e+00 -2.766158999999999887e-05
1.901191999999999993e+00 -2.766164999999999968e-05
1.907572000000000045e+00 -2.766173999999999920e-05
1.913634000000000057e+00 -2.649105999999999840e-05
1.919982000000000077e+00 -2.766158999999999887e-05
1.926015000000000033e+00 -2.941754000000000024e-05
1.932697000000000109e+00 -2.766171000000000049e-05
1.938407999999999909e+00 -2.883238000000000058e-05
1.945114999999999927e+00 -3.117380999999999690e-05
1.951182999999999890e+00 -2.941765999999999847e-05
1.957508999999999943e+00 -2.941776999999999939e-05
1.963567999999999980e+00 -3.000301999999999857e-05
1.969945999999999975e+00 -2.824698000000000107e-05
1.976021000000000027e+00 -2.707620000000000006e-05
1.982715000000000005e+00 -2.941769000000000057e-05
1.988766000000000034e+00 -2.883229000000000106e-05
1.995154000000000094e+00 -2.707617000000000135e-05
2.001489999999999991e+00 -3.000316999999999890e-05
2.007544999999999913e+00 -2.883231999999999977e-05
2.014260000000000161e+00 -3.000345999999999886e-05
2.019941000000000209e+00 -2.649120999999999873e-05
2.026647999999999783e+00 -2.941776999999999939e-05
2.032674000000000092e+00 -3.000305000000000067e-05
2.039051000000000169e+00 -2.590546999999999915e-05
2.045087999999999795e+00 -2.824718999999999882e-05
2.051445000000000185e+00 -3.000314000000000019e-05
2.057510999999999868e+00 -2.883234999999999848e-05
2.064220999999999862e+00 -2.766156000000000016e-05
2.070266000000000162e+00 -2.883231999999999977e-05
2.076635000000000009e+00 -2.824698000000000107e-05
2.082681000000000004e+00 -2.883238000000000058e-05
2.089005999999999919e+00 -2.824693000000000096e-05
2.095069000000000070e+00 -2.941769000000000057e-05
2.101463999999999999e+00 -3.000298999999999986e-05
2.108137000000000150e+00 -2.941774000000000068e-05
2.114179000000000030e+00 -2.590570000000000169e-05
2.120547000000000182e+00 -3.000322999999999971e-05
2.126574999999999882e+00 -2.883252000000000021e-05
2.132962000000000025e+00 -2.824707000000000059e-05
2.138996999999999815e+00 -2.766156000000000016e-05
2.145704999999999973e+00 -2.766167999999999839e-05
2.151441000000000159e+00 -2.941765999999999847e-05
2.158148999999999873e+00 -2.590551999999999926e-05
2.164181000000000132e+00 -2.824698000000000107e-05
2.170548999999999840e+00 -3.117378000000000157e-05
2.176603000000000065e+00 -2.766158999999999887e-05
2.182948000000000111e+00 -2.883247000000000010e-05
2.189001000000000197e+00 -2.883238000000000058e-05
2.195692000000000199e+00 -3.000305000000000067e-05
2.202066999999999997e+00 -2.649091999999999878e-05
2.208110000000000017e+00 -2.766167999999999839e-05
2.214484999999999815e+00 -2.707627999999999888e-05
2.220493999999999968e+00 -2.532021999999999997e-05
2.227228000000000208e+00 -2.590549000000000055e-05
2.232947999999999933e+00 -2.414948999999999907e-05
2.239653000000000116e+00 -2.649100000000000098e-05
2.245690000000000186e+00 -2.649086000000000135e-05
2.252073000000000214e+00 -2.532021999999999997e-05
2.258087000000000177e+00 -2.707636999999999840e-05
2.264466000000000090e+00 -2.532029999999999879e-05
2.270510999999999946e+00 -2.532027000000000008e-05
2.277194000000000162e+00 -2.473488000000000127e-05
2.283237999999999879e+00 -2.414959999999999999e-05
2.289597000000000104e+00 -2.063743999999999938e-05
2.295644999999999936e+00 -2.532027000000000008e-05
2.302010999999999807e+00 -2.356415000000000037e-05
2.308724000000000220e+00 -2.122263000000000114e-05
2.314404000000000128e+00 -2.122272000000000066e-05
2.321184000000000136e+00 -1.946661999999999896e-05
2.327208999999999861e+00 -1.946674000000000058e-05
2.333591000000000193e+00 -1.712532999999999888e-05
2.339615999999999918e+00 -1.829608999999999850e-05
2.345997999999999806e+00 -1.419851000000000037e-05
2.352021000000000139e+00 -1.302780999999999987e-05
2.358743000000000034e+00 -1.244249999999999988e-05
2.364425999999999917e+00 -8.344970000000000165e-06
2.371132999999999935e+00 -6.003624999999999630e-06
2.377174000000000120e+00 -3.076769999999999936e-06
2.383534000000000042e+00 1.606036999999999917e-06
2.389565000000000161e+00 6.874382999999999942e-06
2.395941999999999794e+00 1.389859000000000037e-05
2.402684999999999960e+00 1.916685000000000098e-05
2.408701999999999899e+00 2.736169999999999927e-05
2.415058999999999845e+00 4.082490000000000278e-05
2.421098999999999890e+00 5.077590999999999680e-05
2.427470000000000017e+00 6.716608000000000593e-05
2.433507999999999782e+00 8.706827000000000587e-05
2.440226000000000006e+00 1.052143000000000067e-04
2.445940999999999921e+00 1.297992999999999890e-04
2.452604000000000006e+00 1.608232000000000021e-04
2.458635999999999822e+00 1.965299000000000104e-04
2.465034000000000169e+00 2.404318999999999977e-04
2.471042000000000183e+00 2.872602000000000250e-04
2.477425999999999906e+00 3.487224999999999939e-04
2.483467000000000091e+00 4.154531000000000153e-04
2.490200000000000191e+00 5.032567000000000160e-04
2.495913999999999966e+00 5.910603000000000167e-04
2.502623999999999960e+00 7.139848999999999545e-04
2.508995000000000086e+00 8.433489999999999650e-04
2.515020999999999951e+00 9.844200999999999906e-04
2.521732000000000085e+00 1.158855999999999992e-03
2.527432999999999819e+00 1.327438999999999919e-03
2.534114000000000200e+00 1.547533000000000025e-03
2.540157999999999916e+00 1.762943000000000105e-03
2.546527000000000207e+00 2.015817000000000043e-03
2.552589000000000219e+00 2.271032999999999993e-03
2.558943999999999885e+00 2.566638999999999900e-03
2.564979000000000120e+00 2.864587000000000036e-03
2.571698000000000039e+00 3.218726999999999786e-03
2.577364999999999906e+00 3.532478999999999827e-03
2.584071999999999925e+00 3.929351000000000198e-03
2.590113000000000110e+00 4.295196999999999730e-03
2.596487999999999907e+00 4.707288999999999918e-03
2.602851999999999943e+00 5.138112000000000235e-03
2.608890000000000153e+00 5.557811999999999648e-03
2.615610999999999908e+00 6.043660000000000178e-03
2.621608000000000160e+00 6.490871999999999961e-03
2.628010999999999875e+00 6.983742999999999722e-03
2.634053000000000200e+00 7.464908000000000134e-03
2.640394000000000130e+00 7.982947000000000654e-03
2.646437999999999846e+00 8.490453000000000236e-03
2.653147999999999840e+00 9.059417999999999638e-03
2.658866999999999869e+00 9.560479999999999673e-03
2.665613000000000010e+00 1.016222999999999953e-02
2.671648999999999941e+00 1.071714999999999994e-02
2.678017000000000092e+00 1.130718999999999995e-02
2.684039999999999981e+00 1.188142000000000018e-02
2.690424999999999844e+00 1.249486999999999993e-02
2.696454999999999824e+00 1.309017999999999987e-02
2.703186999999999784e+00 1.376217000000000065e-02
2.709516999999999953e+00 1.440372000000000006e-02
2.715552000000000188e+00 1.502360999999999974e-02
2.721944999999999837e+00 1.569444000000000047e-02
2.727967000000000031e+00 1.633365000000000164e-02
2.734681999999999835e+00 1.705363000000000018e-02
2.740374000000000088e+00 1.767938000000000148e-02
2.747097999999999818e+00 1.841927000000000147e-02
2.753128999999999937e+00 1.909945000000000045e-02
2.759503000000000039e+00 1.982354000000000060e-02
2.765563000000000216e+00 2.052303999999999934e-02
2.771901000000000170e+00 2.125940999999999942e-02
2.777953000000000117e+00 2.197355999999999962e-02
2.784670999999999896e+00 2.277316000000000062e-02
2.790337000000000067e+00 2.346269000000000132e-02
2.797044999999999781e+00 2.428044000000000036e-02
2.803414000000000073e+00 2.506600000000000147e-02
2.809461000000000208e+00 2.582929999999999948e-02
2.815824999999999800e+00 2.663708999999999869e-02
2.821877000000000191e+00 2.741327000000000000e-02
2.828591999999999995e+00 2.828253999999999838e-02
2.834648000000000057e+00 2.907979000000000119e-02
2.841021000000000019e+00 2.992679999999999993e-02
2.847046000000000188e+00 3.074042000000000094e-02
2.853451000000000182e+00 3.161144999999999927e-02
2.859480000000000022e+00 3.243971999999999828e-02
2.866178999999999810e+00 3.337102000000000124e-02
2.871878999999999849e+00 3.417880999999999697e-02
2.878557999999999950e+00 3.512534999999999963e-02
2.884606999999999921e+00 3.599986000000000158e-02
2.890985000000000138e+00 3.692648999999999931e-02
2.897025999999999879e+00 3.782031999999999755e-02
2.903375000000000039e+00 3.876684999999999853e-02
2.910093999999999959e+00 3.977660000000000223e-02
2.916148999999999880e+00 4.070146000000000180e-02
2.922524000000000122e+00 4.168485000000000246e-02
2.928577999999999903e+00 4.263664999999999816e-02
2.934943000000000080e+00 4.364053999999999850e-02
2.940962999999999994e+00 4.460636999999999935e-02
2.947677999999999798e+00 4.568752000000000230e-02
2.953386000000000067e+00 4.662934999999999997e-02
2.960103999999999846e+00 4.773449999999999915e-02
2.966105999999999909e+00 4.874658999999999937e-02
2.972475000000000200e+00 4.982538999999999718e-02
2.978521999999999892e+00 5.086853000000000208e-02
2.984885999999999928e+00 5.197013999999999800e-02
2.990937000000000179e+00 5.304133999999999932e-02
2.997646000000000033e+00 5.422611000000000098e-02
3.004037999999999986e+00 5.538043000000000132e-02
3.010092000000000212e+00 5.648850999999999872e-02
3.016458999999999779e+00 5.766799000000000230e-02
3.022505000000000219e+00 5.880478000000000094e-02
3.028855000000000075e+00 6.000534999999999897e-02
3.034898000000000096e+00 6.116843999999999754e-02
3.041621999999999826e+00 6.246325999999999962e-02
3.047635999999999790e+00 6.365445999999999604e-02
3.054012000000000171e+00 6.492233999999999505e-02
3.060042000000000151e+00 6.614456000000000502e-02
3.066421000000000063e+00 6.744640000000000357e-02
3.072438000000000002e+00 6.869730000000000281e-02
3.079165000000000152e+00 7.009219999999999340e-02
3.084880000000000067e+00 7.132670000000000676e-02
3.091579999999999995e+00 7.275088000000000388e-02
3.097620000000000040e+00 7.407321000000000044e-02
3.103982999999999937e+00 7.547452000000000327e-02
3.110379000000000005e+00 7.689872000000000374e-02
3.116394999999999804e+00 7.827079000000000675e-02
3.123094000000000037e+00 7.979097000000000273e-02
3.129138999999999893e+00 8.120811000000000002e-02
3.135492000000000168e+00 8.269903000000000670e-02
3.141525999999999819e+00 8.415306000000000175e-02
3.147908000000000150e+00 8.568430999999999964e-02
3.153960000000000097e+00 8.717523000000000633e-02
3.160639999999999894e+00 8.881189000000000444e-02
3.166342999999999908e+00 9.027469999999999939e-02
3.173062999999999967e+00 9.195523999999999365e-02
3.179127999999999954e+00 9.353103999999999585e-02
3.185508000000000006e+00 9.518933999999999729e-02
3.191537999999999986e+00 9.679493000000000125e-02
3.197907999999999973e+00 9.849186999999999526e-02
3.204607999999999901e+00 1.002807000000000004e-01
3.210653000000000201e+00 1.019584000000000046e-01
3.217042999999999875e+00 1.037238000000000049e-01
3.223050999999999888e+00 1.054295999999999983e-01
3.229426000000000130e+00 1.072353999999999946e-01
3.235453999999999830e+00 1.089849999999999985e-01
3.241826999999999792e+00 1.108352999999999977e-01
3.247853999999999797e+00 1.126299000000000050e-01
3.254574999999999996e+00 1.146027000000000018e-01
3.260638999999999843e+00 1.164477000000000012e-01
3.267062999999999828e+00 1.183928000000000064e-01
3.273098000000000063e+00 1.202741999999999978e-01
3.279481999999999786e+00 1.222514999999999991e-01
3.285496999999999890e+00 1.241702999999999973e-01
3.292206000000000188e+00 1.262723000000000040e-01
3.297897999999999996e+00 1.281483999999999956e-01
3.304644000000000137e+00 1.302943000000000018e-01
3.310972000000000026e+00 1.323693999999999982e-01
3.317015000000000047e+00 1.343918000000000057e-01
3.323392999999999819e+00 1.365107999999999877e-01
3.329406999999999783e+00 1.385612999999999984e-01
3.336123000000000172e+00 1.408067000000000069e-01
3.342163000000000217e+00 1.428922999999999999e-01
3.348580000000000112e+00 1.450938999999999979e-01
3.354614000000000207e+00 1.472151999999999905e-01
3.360989000000000004e+00 1.494302000000000130e-01
3.367030000000000189e+00 1.515760999999999914e-01
3.373718999999999912e+00 1.539110999999999951e-01
3.379446000000000172e+00 1.559995999999999883e-01
3.386152000000000051e+00 1.583498999999999879e-01
3.392170000000000130e+00 1.605408999999999864e-01
3.398534000000000166e+00 1.628307999999999978e-01
3.404905999999999988e+00 1.651328999999999991e-01
3.410957999999999934e+00 1.673689999999999900e-01
3.417663999999999813e+00 1.697800999999999894e-01
3.423693000000000097e+00 1.720238000000000045e-01
3.430072000000000010e+00 1.743610999999999911e-01
3.436110000000000220e+00 1.766187999999999925e-01
3.442480999999999902e+00 1.789682999999999968e-01
3.448531000000000013e+00 1.812325999999999937e-01
3.454915000000000180e+00 1.835939000000000043e-01
3.460913999999999824e+00 1.858440000000000092e-01
3.467626000000000097e+00 1.882890000000000119e-01
3.473679999999999879e+00 1.905537999999999954e-01
3.480021999999999949e+00 1.928922999999999888e-01
3.486067999999999945e+00 1.951557999999999904e-01
3.492434999999999956e+00 1.975107000000000113e-01
3.498463999999999796e+00 1.997812999999999950e-01
3.505161999999999889e+00 2.022531999999999941e-01
3.511559000000000097e+00 2.046543999999999863e-01
3.517600999999999978e+00 2.069594999999999907e-01
3.524002999999999997e+00 2.093760000000000066e-01
3.530050999999999828e+00 2.117008999999999974e-01
3.536413000000000029e+00 2.141148999999999969e-01
3.542450000000000099e+00 2.164435000000000109e-01
3.549160000000000093e+00 2.189740000000000020e-01
3.555188999999999933e+00 2.213211999999999957e-01
3.561571999999999960e+00 2.237850000000000117e-01
3.567574000000000023e+00 2.261563000000000045e-01
3.573948000000000125e+00 2.286452999999999958e-01
3.580000000000000071e+00 2.310532999999999892e-01
3.586707000000000090e+00 2.336681999999999926e-01
3.592395999999999923e+00 2.359990999999999894e-01
3.599108000000000196e+00 2.386320000000000108e-01
3.605519999999999836e+00 2.411982000000000015e-01
3.611537999999999915e+00 2.436549000000000076e-01
3.617903000000000091e+00 2.462187999999999877e-01
3.623955000000000037e+00 2.487070999999999865e-01
3.630643000000000065e+00 2.513945000000000207e-01
3.636693000000000175e+00 2.538957000000000019e-01
3.643086999999999964e+00 2.564988000000000268e-01
3.649090999999999863e+00 2.589899999999999980e-01
3.655450999999999784e+00 2.615896999999999806e-01
3.661493999999999804e+00 2.640896999999999828e-01
3.667864999999999931e+00 2.666884999999999950e-01
3.673897999999999886e+00 2.691844999999999932e-01
3.680619999999999781e+00 2.718877000000000099e-01
3.686650999999999900e+00 2.743848999999999871e-01
3.693058000000000174e+00 2.769863000000000186e-01
3.699098999999999915e+00 2.794704000000000077e-01
3.705468999999999902e+00 2.820501999999999732e-01
3.712199000000000026e+00 2.847392000000000256e-01
3.718221000000000220e+00 2.872094000000000036e-01
3.724574000000000051e+00 2.897633000000000014e-01
3.730618000000000212e+00 2.922289000000000136e-01
3.736982999999999944e+00 2.947734000000000187e-01
3.743014000000000063e+00 2.972125999999999935e-01
3.749051000000000133e+00 2.997260999999999953e-01
