1.000119999999999898e+00 -2.530886999999999880e-05
1.005166000000000004e+00 -2.940660000000000065e-05
1.009821999999999997e+00 -2.530881000000000138e-05
1.014863000000000071e+00 -2.882114000000000033e-05
1.019894999999999996e+00 -2.706498999999999852e-05
1.024928000000000061e+00 -2.589420000000000019e-05
1.029941999999999913e+00 -2.589426000000000100e-05
1.035001999999999978e+00 -2.706493000000000109e-05
1.040032000000000068e+00 -2.940647999999999903e-05
1.045064999999999911e+00 -2.706484999999999889e-05
1.050103000000000009e+00 -2.823565999999999861e-05
1.055115999999999943e+00 -2.530889000000000020e-05
1.059809999999999919e+00 -2.647962999999999841e-05
1.064853000000000049e+00 -2.706489999999999900e-05
1.069882999999999917e+00 -2.647951000000000018e-05
1.074880000000000058e+00 -2.765026999999999980e-05
1.079922999999999966e+00 -2.530868999999999976e-05
1.084929000000000032e+00 -2.882109000000000022e-05
1.089985999999999899e+00 -2.765024000000000109e-05
1.095021000000000022e+00 -2.765040999999999943e-05
1.100379999999999914e+00 -2.765029999999999851e-05
1.105401000000000078e+00 -2.647959999999999970e-05
1.110448000000000102e+00 -2.940651000000000113e-05
1.115501000000000076e+00 -2.882111999999999893e-05
1.120538000000000034e+00 -2.413804999999999838e-05
1.125588999999999951e+00 -2.530877999999999928e-05
1.130605000000000082e+00 -2.823584000000000104e-05
1.135644000000000098e+00 -2.589428999999999971e-05
1.140311999999999992e+00 -2.765035999999999932e-05
1.145356000000000041e+00 -2.647977000000000143e-05
1.150387000000000048e+00 -2.765044000000000152e-05
1.155437999999999965e+00 -2.765044000000000152e-05
1.160425000000000040e+00 -2.589431999999999842e-05
1.165464999999999973e+00 -2.823575000000000152e-05
1.170484000000000080e+00 -2.882125999999999856e-05
1.175524999999999931e+00 -2.765044000000000152e-05
1.180541000000000063e+00 -2.765035999999999932e-05
1.185646999999999895e+00 -2.706511000000000013e-05
1.190606999999999971e+00 -2.706504999999999932e-05
1.195318000000000103e+00 -2.530886999999999880e-05
1.200360000000000094e+00 -2.647959999999999970e-05
1.205435999999999952e+00 -2.647957000000000099e-05
1.210468000000000099e+00 -2.589428999999999971e-05
1.215500000000000025e+00 -2.530889000000000020e-05
1.220534000000000008e+00 -2.647973999999999933e-05
1.225545000000000107e+00 -2.530886999999999880e-05
1.230587000000000097e+00 -2.765035999999999932e-05
1.235611999999999933e+00 -2.706502000000000061e-05
1.240653000000000006e+00 -2.706498999999999852e-05
1.245370000000000088e+00 -2.530889000000000020e-05
1.250350999999999990e+00 -2.882125999999999856e-05
1.255387999999999948e+00 -2.706531000000000057e-05
1.260423000000000071e+00 -2.765044000000000152e-05
1.265451000000000104e+00 -2.882109000000000022e-05
1.270459000000000005e+00 -2.706498999999999852e-05
1.275527000000000077e+00 -2.589426000000000100e-05
1.280545999999999962e+00 -2.823575000000000152e-05
1.285582999999999920e+00 -2.765053000000000104e-05
1.290645000000000042e+00 -2.647967999999999852e-05
1.295687000000000033e+00 -2.589431999999999842e-05
1.301050000000000040e+00 -2.823575000000000152e-05
1.306078999999999990e+00 -2.589426000000000100e-05
1.311120999999999981e+00 -2.765044000000000152e-05
1.316151000000000071e+00 -2.882125999999999856e-05
1.321177999999999964e+00 -2.706527999999999847e-05
1.325879999999999947e+00 -2.589442999999999934e-05
1.330888000000000071e+00 -2.765084999999999971e-05
1.335914999999999964e+00 -2.530924000000000097e-05
1.340948000000000029e+00 -2.530920999999999887e-05
1.345985999999999905e+00 -2.648000000000000058e-05
1.351020000000000110e+00 -2.706513999999999884e-05
1.356036000000000019e+00 -2.706522000000000105e-05
1.361072999999999977e+00 -2.765055999999999975e-05
1.366103999999999985e+00 -2.648002999999999929e-05
1.371135999999999910e+00 -2.530897999999999972e-05
1.376176999999999984e+00 -2.472355999999999881e-05
1.380872000000000099e+00 -2.647982999999999885e-05
1.385909000000000058e+00 -2.706498999999999852e-05
1.390938999999999925e+00 -2.530889000000000020e-05
1.395963999999999983e+00 -2.589455000000000096e-05
1.400994999999999990e+00 -2.940666000000000146e-05
1.406025000000000080e+00 -2.413819000000000140e-05
1.411057000000000006e+00 -2.647971000000000062e-05
1.416069000000000022e+00 -2.706513999999999884e-05
1.421118000000000103e+00 -2.530889000000000020e-05
1.426152000000000086e+00 -2.530895000000000101e-05
1.431167999999999996e+00 -2.765047000000000023e-05
1.435878999999999905e+00 -2.530904000000000053e-05
1.440878000000000103e+00 -2.706502000000000061e-05
1.445921000000000012e+00 -2.823580999999999894e-05
1.450949000000000044e+00 -2.706498999999999852e-05
1.455994999999999928e+00 -2.706522000000000105e-05
1.461081000000000074e+00 -2.530900999999999843e-05
1.466088999999999976e+00 -2.589451999999999886e-05
1.471117000000000008e+00 -2.647991999999999837e-05
1.476150999999999991e+00 -2.765058999999999846e-05
1.481170000000000098e+00 -2.589437999999999923e-05
1.485870000000000024e+00 -2.647967999999999852e-05
1.490907999999999900e+00 -2.530884000000000009e-05
1.495943999999999940e+00 -2.530886999999999880e-05
1.501616999999999980e+00 -2.765055999999999975e-05
1.506656999999999913e+00 -2.706504999999999932e-05
1.511346999999999996e+00 -2.530910000000000134e-05
1.516377000000000086e+00 -2.530913000000000005e-05
1.521385999999999905e+00 -2.589455000000000096e-05
1.526424999999999921e+00 -2.355293999999999883e-05
1.531474000000000002e+00 -2.355270999999999968e-05
1.536504000000000092e+00 -2.413822000000000011e-05
1.541543000000000108e+00 -2.589441000000000133e-05
1.546602000000000032e+00 -2.179670000000000088e-05
1.551614000000000049e+00 -2.765053000000000104e-05
1.556650000000000089e+00 -2.413828000000000092e-05
1.561679000000000039e+00 -2.706518999999999895e-05
1.566354999999999942e+00 -2.647971000000000062e-05
1.571399999999999908e+00 -2.355286000000000001e-05
1.576438999999999924e+00 -2.589435000000000052e-05
1.581461999999999923e+00 -2.472379000000000135e-05
1.586510000000000087e+00 -2.999220000000000060e-05
1.591504000000000030e+00 -2.530910000000000134e-05
1.596540000000000070e+00 -2.413851000000000007e-05
1.601572999999999913e+00 -2.472373000000000054e-05
1.606606999999999896e+00 -2.530910000000000134e-05
1.611626999999999921e+00 -2.589442999999999934e-05
1.616656000000000093e+00 -2.355299999999999964e-05
1.621348000000000011e+00 -2.706522000000000105e-05
1.626395000000000035e+00 -2.589451999999999886e-05
1.631456000000000017e+00 -2.647982999999999885e-05
1.636495000000000033e+00 -2.413837000000000044e-05
1.641529000000000016e+00 -2.589442999999999934e-05
1.646557999999999966e+00 -2.530924000000000097e-05
1.651604999999999990e+00 -2.355288999999999872e-05
1.656619000000000064e+00 -2.472379000000000135e-05
1.661653000000000047e+00 -2.413828000000000092e-05
1.666681999999999997e+00 -2.238221000000000131e-05
1.671383999999999981e+00 -2.472369999999999844e-05
1.676398999999999972e+00 -2.472379000000000135e-05
1.681427999999999923e+00 -2.472373000000000054e-05
1.686450999999999922e+00 -2.530904000000000053e-05
1.691489000000000020e+00 -2.472394000000000168e-05
1.696504000000000012e+00 -2.589446000000000144e-05
1.701864999999999961e+00 -2.530913000000000005e-05
1.706912999999999903e+00 -2.530897999999999972e-05
1.711937999999999960e+00 -2.589446000000000144e-05
1.716979999999999951e+00 -2.530904000000000053e-05
1.722005000000000008e+00 -2.589464000000000048e-05
1.727049000000000056e+00 -2.472394000000000168e-05
1.732072000000000056e+00 -2.706537000000000138e-05
1.737125000000000030e+00 -2.823609999999999889e-05
1.742121999999999948e+00 -2.589442999999999934e-05
1.747173000000000087e+00 -2.706517000000000094e-05
1.751857999999999915e+00 -2.472369999999999844e-05
1.756896000000000013e+00 -2.472373000000000054e-05
1.761905999999999972e+00 -2.296763999999999954e-05
1.766928999999999972e+00 -2.413851000000000007e-05
1.771957999999999922e+00 -2.530906999999999924e-05
1.776993999999999962e+00 -2.355288999999999872e-05
1.782019000000000020e+00 -2.413830999999999963e-05
1.787039000000000044e+00 -2.296770000000000034e-05
1.792081999999999953e+00 -2.647995000000000047e-05
1.797123000000000026e+00 -2.472369999999999844e-05
1.802192000000000016e+00 -2.413839999999999915e-05
1.806877000000000066e+00 -2.530920999999999887e-05
1.811913000000000107e+00 -2.647988999999999966e-05
1.816950000000000065e+00 -2.647991999999999837e-05
1.821979000000000015e+00 -2.296767000000000163e-05
1.826996000000000064e+00 -2.530910000000000134e-05
1.832030999999999965e+00 -2.413839999999999915e-05
1.837058999999999997e+00 -2.530933000000000049e-05
1.842098000000000013e+00 -2.472384999999999877e-05
1.847105999999999915e+00 -2.413851000000000007e-05
1.852139999999999898e+00 -2.355312000000000125e-05
1.857180000000000053e+00 -2.413848000000000136e-05
1.861896999999999913e+00 -2.647988999999999966e-05
1.866886999999999963e+00 -2.413848000000000136e-05
1.871925000000000061e+00 -2.413848000000000136e-05
1.876959000000000044e+00 -2.589455000000000096e-05
1.881995000000000084e+00 -2.472379000000000135e-05
1.887032000000000043e+00 -2.589464000000000048e-05
1.892117000000000049e+00 -2.413851000000000007e-05
1.897154999999999925e+00 -2.062605999999999950e-05
1.902525999999999939e+00 -2.238236000000000164e-05
1.907569999999999988e+00 -2.238230000000000083e-05
1.912574999999999914e+00 -2.413837000000000044e-05
1.917621000000000020e+00 -2.296761000000000082e-05
1.922651000000000110e+00 -2.413848000000000136e-05
1.927685000000000093e+00 -2.413868999999999911e-05
1.932689000000000101e+00 -2.179694000000000073e-05
1.937388000000000110e+00 -2.296770000000000034e-05
1.942420000000000035e+00 -2.062619999999999913e-05
1.947459999999999969e+00 -2.179699000000000084e-05
1.952479000000000076e+00 -2.472397000000000039e-05
1.957513000000000059e+00 -2.413851000000000007e-05
1.962560000000000082e+00 -2.413857000000000088e-05
1.967575999999999992e+00 -2.472397000000000039e-05
1.972630000000000106e+00 -2.121159999999999864e-05
1.977680000000000105e+00 -2.296775000000000045e-05
1.982710999999999890e+00 -2.413851000000000007e-05
1.987743999999999955e+00 -2.296777999999999916e-05
1.992450000000000054e+00 -2.179710999999999907e-05
1.997465999999999964e+00 -2.472384999999999877e-05
2.002502999999999922e+00 -2.589480999999999882e-05
2.007531999999999872e+00 -2.238250000000000127e-05
2.012569000000000052e+00 -2.413857000000000088e-05
2.017577000000000176e+00 -2.530942000000000001e-05
2.022600999999999871e+00 -2.355321000000000077e-05
2.027649999999999952e+00 -2.355321000000000077e-05
2.032684999999999853e+00 -2.179705000000000165e-05
2.037717999999999918e+00 -2.413853999999999878e-05
2.042731999999999992e+00 -2.179705000000000165e-05
2.047442999999999902e+00 -2.413851000000000007e-05
2.052464000000000066e+00 -2.355323999999999948e-05
2.057523999999999909e+00 -2.355308999999999916e-05
2.062536000000000147e+00 -2.238261999999999950e-05
2.067571000000000048e+00 -2.062634999999999946e-05
2.072589999999999932e+00 -2.179728000000000080e-05
2.077637999999999874e+00 -2.355335000000000040e-05
2.082666000000000128e+00 -2.296792999999999949e-05
2.087685000000000013e+00 -2.355321000000000077e-05
2.092722000000000193e+00 -2.238239000000000035e-05
2.097426000000000013e+00 -2.296777999999999916e-05
2.103102999999999945e+00 -2.238247999999999987e-05
2.108134000000000174e+00 -2.121185999999999989e-05
2.113182999999999812e+00 -2.238252999999999998e-05
2.118203999999999976e+00 -2.296775000000000045e-05
2.123240000000000016e+00 -2.238239000000000035e-05
2.127906999999999993e+00 -1.945538999999999941e-05
2.132937000000000083e+00 -2.238239000000000035e-05
2.137986000000000164e+00 -2.121163000000000074e-05
2.143043000000000031e+00 -2.238261999999999950e-05
2.148077999999999932e+00 -2.121177000000000037e-05
2.153113999999999972e+00 -1.887007999999999942e-05
2.158148000000000177e+00 -2.062619999999999913e-05
2.163180999999999798e+00 -2.355312000000000125e-05
2.168194999999999872e+00 -1.945550000000000033e-05
2.173242000000000118e+00 -2.062634999999999946e-05
2.177935999999999872e+00 -2.296781000000000126e-05
2.182967999999999797e+00 -1.828476999999999943e-05
2.188019000000000158e+00 -1.828474000000000071e-05
2.192987000000000020e+00 -1.945561999999999856e-05
2.198046000000000166e+00 -1.887014000000000023e-05
2.203065000000000051e+00 -2.062634999999999946e-05
2.208107000000000042e+00 -1.828489000000000104e-05
2.213102999999999820e+00 -2.062638000000000156e-05
2.218173000000000172e+00 -1.945547000000000162e-05
2.223186999999999802e+00 -1.945561999999999856e-05
2.228223999999999982e+00 -1.769947000000000013e-05
2.232949000000000073e+00 -1.594322000000000149e-05
2.237960000000000171e+00 -1.652872999999999853e-05
2.242998000000000047e+00 -1.535802999999999973e-05
2.248031999999999808e+00 -1.418715999999999920e-05
2.253051999999999833e+00 -1.477266999999999963e-05
2.258091999999999988e+00 -1.360175999999999969e-05
2.263133999999999979e+00 -1.184577999999999960e-05
2.268142000000000102e+00 -1.535820999999999877e-05
2.273203999999999780e+00 -1.184577999999999960e-05
2.278188000000000102e+00 -1.067517000000000032e-05
2.283225999999999978e+00 -7.748255000000000238e-06
2.287926999999999822e+00 -7.162946999999999878e-06
2.292962999999999862e+00 -7.748166999999999503e-06
2.297982999999999887e+00 -5.992128999999999935e-06
2.303691999999999851e+00 -1.894339000000000033e-06
2.308714999999999851e+00 1.032516999999999901e-06
2.313416000000000139e+00 -1.383305000000000091e-07
2.318484000000000211e+00 3.373920000000000131e-06
2.323510999999999882e+00 7.471535000000000286e-06
2.328533999999999882e+00 9.227398999999999709e-06
2.333585999999999938e+00 1.098361000000000003e-05
2.338626000000000094e+00 1.742289000000000150e-05
2.343633000000000077e+00 1.859351000000000149e-05
2.348666999999999838e+00 2.678867999999999845e-05
2.353702999999999879e+00 3.264254000000000070e-05
2.358741999999999894e+00 4.142322000000000148e-05
2.363399999999999945e+00 5.078917999999999676e-05
2.368438999999999961e+00 5.605747000000000117e-05
2.373463999999999796e+00 6.659407999999999853e-05
2.378505000000000091e+00 7.713070999999999729e-05
2.383522000000000141e+00 8.942375999999999981e-05
2.388561000000000156e+00 1.028873000000000000e-04
2.393587999999999827e+00 1.210338000000000066e-04
2.398632000000000097e+00 1.385950000000000105e-04
2.403662000000000187e+00 1.602538999999999938e-04
2.408703000000000038e+00 1.801562999999999949e-04
2.413734999999999964e+00 2.082542999999999959e-04
2.418413000000000146e+00 2.363522999999999969e-04
2.423456999999999972e+00 2.720600000000000210e-04
2.428468000000000071e+00 3.130362000000000032e-04
2.433507000000000087e+00 3.534267000000000224e-04
2.438530999999999782e+00 4.061102999999999935e-04
2.443582999999999839e+00 4.646477000000000203e-04
2.448585000000000012e+00 5.255261000000000437e-04
2.453613999999999962e+00 5.986974999999999849e-04
2.458635000000000126e+00 6.771372999999999585e-04
2.463681999999999928e+00 7.672851999999999971e-04
2.468700000000000117e+00 8.679691000000000446e-04
2.473393000000000175e+00 9.750921000000000284e-04
2.478439999999999976e+00 1.096849999999999908e-03
2.483464000000000116e+00 1.230898999999999925e-03
2.488513999999999893e+00 1.382512000000000020e-03
2.493557000000000023e+00 1.547001000000000105e-03
2.498596000000000039e+00 1.728465999999999900e-03
2.503967999999999972e+00 1.939785999999999984e-03
2.508999999999999897e+00 2.149934999999999954e-03
2.514015999999999806e+00 2.378813999999999929e-03
2.519051999999999847e+00 2.628769999999999891e-03
2.524087999999999887e+00 2.891602999999999968e-03
2.529123999999999928e+00 3.176093999999999966e-03
2.534124999999999961e+00 3.471707000000000091e-03
2.539149999999999796e+00 3.784881999999999830e-03
2.544192999999999927e+00 4.120882000000000191e-03
2.549220000000000041e+00 4.470934999999999666e-03
2.553904999999999870e+00 4.814549000000000432e-03
2.558952000000000115e+00 5.196799000000000210e-03
2.563988999999999852e+00 5.598950999999999581e-03
2.569023000000000057e+00 6.014565999999999836e-03
2.574053999999999842e+00 6.445984000000000089e-03
2.579050000000000065e+00 6.892037000000000163e-03
2.584074000000000204e+00 7.356241000000000342e-03
2.589113000000000220e+00 7.834489000000000036e-03
2.594145999999999841e+00 8.326783000000000795e-03
2.599171999999999816e+00 8.835472000000000464e-03
2.603867999999999849e+00 9.318995000000000056e-03
2.608893999999999824e+00 9.852270999999999251e-03
2.613939999999999930e+00 1.040076000000000021e-02
2.618942999999999799e+00 1.095921000000000048e-02
2.623975999999999864e+00 1.153170000000000063e-02
2.629005999999999954e+00 1.211707000000000062e-02
2.634049999999999780e+00 1.271650000000000037e-02
2.639079999999999870e+00 1.332352000000000015e-02
2.644090999999999969e+00 1.394284999999999969e-02
2.649129999999999985e+00 1.457562999999999914e-02
2.654167999999999861e+00 1.521955000000000009e-02
2.658870999999999984e+00 1.583125999999999978e-02
2.663930999999999827e+00 1.649799999999999878e-02
2.668969999999999843e+00 1.717234999999999942e-02
2.673998000000000097e+00 1.785547999999999996e-02
2.679031000000000162e+00 1.854913999999999868e-02
2.684039999999999981e+00 1.925160000000000066e-02
2.689080000000000137e+00 1.996807999999999916e-02
2.694110999999999922e+00 2.068926999999999919e-02
2.699148000000000103e+00 2.142215000000000091e-02
2.704493999999999954e+00 2.221006999999999842e-02
2.709516999999999953e+00 2.296402999999999986e-02
2.714560999999999780e+00 2.372735000000000122e-02
2.719597999999999960e+00 2.449536999999999895e-02
2.724635000000000140e+00 2.527449000000000015e-02
2.729640999999999984e+00 2.606007000000000115e-02
2.734682999999999975e+00 2.685792000000000040e-02
2.739367000000000107e+00 2.760837000000000013e-02
2.744413999999999909e+00 2.842495999999999912e-02
2.749451000000000089e+00 2.924857999999999972e-02
2.754475999999999924e+00 3.007922999999999847e-02
2.759506000000000014e+00 3.091806999999999889e-02
2.764543999999999890e+00 3.176744000000000095e-02
2.769569000000000170e+00 3.262090000000000128e-02
2.774595000000000145e+00 3.348492000000000135e-02
2.779637000000000135e+00 3.435712999999999961e-02
2.784667999999999921e+00 3.523811999999999778e-02
2.789378000000000135e+00 3.607226999999999656e-02
2.794364999999999988e+00 3.696085999999999816e-02
2.799398000000000053e+00 3.786525999999999781e-02
2.804431000000000118e+00 3.878020000000000078e-02
2.809470999999999830e+00 3.970156999999999853e-02
2.814478999999999953e+00 4.062406999999999824e-02
2.819513999999999854e+00 4.156304000000000248e-02
2.824565999999999910e+00 4.251313000000000314e-02
2.829596000000000000e+00 4.346785999999999706e-02
2.834656999999999982e+00 4.443372000000000294e-02
2.839681999999999817e+00 4.540485999999999828e-02
2.844374000000000180e+00 4.631920999999999955e-02
2.849416000000000171e+00 4.730615999999999988e-02
2.854436999999999891e+00 4.830070999999999670e-02
2.859477000000000046e+00 4.930110000000000048e-02
2.864508999999999972e+00 5.031203000000000064e-02
2.869539000000000062e+00 5.132881000000000249e-02
2.874582999999999888e+00 5.235965000000000064e-02
2.879579000000000111e+00 5.338405000000000233e-02
2.884609000000000201e+00 5.443009000000000042e-02
2.889644000000000101e+00 5.548204000000000330e-02
2.894677999999999862e+00 5.654274000000000105e-02
2.899360999999999855e+00 5.754022000000000303e-02
2.905076999999999909e+00 5.875310000000000255e-02
2.910102999999999884e+00 5.983546000000000004e-02
2.915144999999999875e+00 6.093068000000000095e-02
2.920180999999999916e+00 6.203237000000000334e-02
2.924870999999999999e+00 6.307139999999999969e-02
2.929914000000000129e+00 6.418477999999999684e-02
2.934944000000000219e+00 6.530751999999999391e-02
2.939979999999999816e+00 6.644197999999999771e-02
2.944999000000000144e+00 6.757699000000000344e-02
2.950039999999999996e+00 6.872844000000000175e-02
2.955058999999999880e+00 6.988042999999999338e-02
2.960109999999999797e+00 7.104765999999999859e-02
2.965094000000000118e+00 7.220846000000000209e-02
2.970131999999999994e+00 7.338562999999999337e-02
2.975165000000000060e+00 7.457276000000000182e-02
2.979862999999999928e+00 7.569547999999999555e-02
2.984891999999999879e+00 7.688908999999999327e-02
2.989914999999999878e+00 7.809494000000000158e-02
2.994953000000000198e+00 7.930958000000000452e-02
2.999992000000000214e+00 8.053364000000000356e-02
