1.499964000000000075e+00 -3.294212999999999964e-05
1.506634000000000029e+00 -3.294204000000000012e-05
1.512337999999999960e+00 -3.411282999999999845e-05
1.519047999999999954e+00 -3.411282999999999845e-05
1.525074000000000041e+00 -3.469831000000000017e-05
1.531460000000000043e+00 -3.235671000000000212e-05
1.537490999999999941e+00 -3.294212999999999964e-05
1.543860000000000010e+00 -3.235682000000000304e-05
1.549927999999999972e+00 -3.235668000000000002e-05
1.556629000000000040e+00 -3.294216000000000174e-05
1.562673999999999896e+00 -3.235688000000000046e-05
1.569028000000000089e+00 -3.469828999999999877e-05
1.575075000000000003e+00 -3.528348000000000053e-05
1.581455000000000055e+00 -3.586893000000000015e-05
1.587471000000000076e+00 -3.469814000000000183e-05
1.593839999999999923e+00 -3.528364999999999887e-05
1.600552999999999892e+00 -3.528350000000000193e-05
1.606684000000000001e+00 -3.352737999999999883e-05
1.612953999999999999e+00 -3.411282999999999845e-05
1.619008000000000003e+00 -3.469807999999999763e-05
1.625372999999999957e+00 -3.352737999999999883e-05
1.631440999999999919e+00 -3.469810999999999973e-05
1.638163000000000036e+00 -3.469816999999999715e-05
1.644187999999999983e+00 -3.411291999999999797e-05
1.650586000000000109e+00 -3.294212999999999964e-05
1.656603999999999965e+00 -3.411280000000000312e-05
1.662968000000000002e+00 -3.528359000000000145e-05
1.669014999999999915e+00 -3.294218999999999706e-05
1.675362999999999936e+00 -3.352753000000000254e-05
1.681418000000000079e+00 -3.352744000000000302e-05
1.688134000000000023e+00 -3.352746999999999835e-05
1.694172000000000011e+00 -3.352750000000000044e-05
1.700518999999999892e+00 -3.294204000000000012e-05
1.706763000000000030e+00 -3.294204000000000012e-05
1.712944999999999940e+00 -3.235679000000000094e-05
1.719641999999999893e+00 -3.469823000000000135e-05
1.725346000000000046e+00 -3.411282999999999845e-05
1.732056999999999958e+00 -3.528352999999999725e-05
1.738085000000000102e+00 -3.762499999999999975e-05
1.744464999999999932e+00 -3.294221999999999916e-05
1.750493999999999994e+00 -3.352757999999999926e-05
1.756899999999999906e+00 -3.294228000000000336e-05
1.762883999999999896e+00 -3.352757999999999926e-05
1.769641000000000020e+00 -3.528342000000000311e-05
1.775636999999999910e+00 -3.411282999999999845e-05
1.781997000000000053e+00 -3.586918999999999801e-05
1.788043000000000049e+00 -3.294238999999999750e-05
1.794426000000000077e+00 -3.469828999999999877e-05
1.801131999999999955e+00 -3.294228000000000336e-05
1.806867000000000001e+00 -3.235688000000000046e-05
1.813566000000000011e+00 -3.352795999999999874e-05
1.819620999999999933e+00 -3.411307000000000168e-05
1.825976000000000043e+00 -3.411282999999999845e-05
1.832028999999999908e+00 -3.235691000000000256e-05
1.838397999999999977e+00 -3.235682000000000304e-05
1.844451000000000063e+00 -3.294204000000000012e-05
1.851123000000000074e+00 -3.352741000000000092e-05
1.857156000000000029e+00 -3.294209999999999754e-05
1.863536000000000081e+00 -3.177152000000000036e-05
1.869566000000000061e+00 -3.177143000000000084e-05
1.875942999999999916e+00 -3.294204000000000012e-05
1.881976000000000093e+00 -3.235679000000000094e-05
1.888417999999999930e+00 -3.352753000000000254e-05
1.894455000000000000e+00 -3.294218999999999706e-05
1.901178999999999952e+00 -3.177152000000000036e-05
1.907561999999999980e+00 -3.411277000000000103e-05
1.913580999999999976e+00 -3.469814000000000183e-05
1.919972000000000012e+00 -3.352746999999999835e-05
1.925998000000000099e+00 -3.235668000000000002e-05
1.932671999999999946e+00 -3.294204000000000012e-05
1.938382000000000049e+00 -3.352741000000000092e-05
1.945100999999999969e+00 -3.469819999999999925e-05
1.951151999999999997e+00 -3.294212999999999964e-05
1.957484000000000002e+00 -3.177152000000000036e-05
1.963538000000000006e+00 -3.528361999999999677e-05
1.969916999999999918e+00 -3.411280000000000312e-05
1.975977000000000094e+00 -3.411271999999999753e-05
1.982710999999999890e+00 -2.943002999999999985e-05
1.988731000000000027e+00 -3.528352999999999725e-05
1.995117999999999947e+00 -3.294228000000000336e-05
2.001469999999999860e+00 -3.177136999999999664e-05
2.007524000000000086e+00 -3.411282999999999845e-05
2.014237000000000055e+00 -3.177186999999999774e-05
2.019912000000000152e+00 -3.235684999999999836e-05
2.026609000000000105e+00 -3.352779000000000040e-05
2.032652000000000125e+00 -3.586904000000000107e-05
2.039055999999999980e+00 -3.235693999999999788e-05
2.045058000000000042e+00 -3.528350000000000193e-05
2.051433999999999980e+00 -3.294209999999999754e-05
2.057482999999999951e+00 -3.177163000000000128e-05
2.064185000000000159e+00 -3.352753000000000254e-05
2.070183999999999802e+00 -3.294225000000000126e-05
2.076604999999999812e+00 -3.294228000000000336e-05
2.082634999999999792e+00 -3.411282999999999845e-05
2.089011000000000173e+00 -3.352750000000000044e-05
2.095042999999999989e+00 -3.469828999999999877e-05
2.101430999999999827e+00 -3.411286000000000055e-05
2.108115000000000183e+00 -3.177139999999999874e-05
2.114136999999999933e+00 -3.177148999999999826e-05
2.120525999999999911e+00 -3.294221999999999916e-05
2.126546999999999965e+00 -3.469816999999999715e-05
2.132924000000000042e+00 -3.235671000000000212e-05
2.138971000000000178e+00 -3.352770000000000088e-05
2.145718000000000014e+00 -3.411280000000000312e-05
2.151412000000000102e+00 -3.060078999999999946e-05
2.158119999999999816e+00 -3.235693999999999788e-05
2.164158000000000026e+00 -3.352757999999999926e-05
2.170548999999999840e+00 -3.294209999999999754e-05
2.176575000000000149e+00 -3.235700000000000208e-05
2.182951999999999781e+00 -3.177155000000000246e-05
2.188954999999999984e+00 -3.352761000000000136e-05
2.195653000000000077e+00 -3.352757999999999926e-05
2.202039000000000080e+00 -3.118623999999999908e-05
2.208080999999999960e+00 -3.177152000000000036e-05
2.214437000000000211e+00 -3.235684999999999836e-05
2.220482000000000067e+00 -3.118611999999999746e-05
2.227195000000000036e+00 -3.235679000000000094e-05
2.232912999999999926e+00 -3.352761000000000136e-05
2.239625999999999895e+00 -3.060078999999999946e-05
2.245649999999999924e+00 -3.060086999999999828e-05
2.252041999999999877e+00 -2.943002999999999985e-05
2.258045000000000080e+00 -2.884484000000000147e-05
2.264425999999999828e+00 -3.001561999999999910e-05
2.270481999999999889e+00 -3.001551000000000157e-05
2.277169000000000221e+00 -2.825958999999999890e-05
2.283205999999999847e+00 -2.591820999999999931e-05
2.289576999999999973e+00 -2.591818000000000060e-05
2.295631000000000199e+00 -2.533278999999999840e-05
2.301982999999999890e+00 -2.299153000000000042e-05
2.308710000000000040e+00 -2.416216999999999841e-05
2.314404000000000128e+00 -2.240601999999999999e-05
2.321130999999999833e+00 -2.182097999999999856e-05
2.327180999999999944e+00 -1.772347999999999925e-05
2.333560999999999996e+00 -1.772359000000000017e-05
2.339551999999999854e+00 -1.479668000000000044e-05
2.345956999999999848e+00 -1.245532999999999955e-05
2.351992999999999778e+00 -1.069949999999999980e-05
2.358715000000000117e+00 -3.675347999999999831e-06
2.364380999999999844e+00 -3.090069999999999876e-06
2.371102000000000043e+00 1.592649000000000089e-06
2.377136000000000138e+00 9.787473000000000201e-06
2.383496000000000059e+00 1.505558999999999962e-05
2.389543000000000195e+00 2.266481000000000095e-05
2.395913999999999877e+00 3.027433000000000123e-05
2.402648999999999813e+00 4.549301000000000034e-05
2.408672000000000146e+00 5.544376000000000328e-05
2.415027999999999953e+00 7.124795000000000282e-05
2.421072999999999809e+00 9.173484000000000412e-05
2.427435000000000009e+00 1.151484999999999971e-04
2.433472000000000079e+00 1.397325000000000043e-04
2.440189999999999859e+00 1.730967999999999992e-04
2.445908999999999889e+00 2.058756999999999981e-04
2.452573999999999810e+00 2.550440999999999863e-04
2.458613000000000159e+00 3.077250000000000124e-04
2.465006999999999948e+00 3.709413999999999854e-04
2.471010999999999846e+00 4.364993000000000171e-04
2.477390000000000203e+00 5.260561999999999660e-04
2.483432000000000084e+00 6.191249999999999922e-04
2.490172999999999970e+00 7.426315999999999863e-04
2.495880000000000098e+00 8.614551000000000456e-04
2.502588999999999952e+00 1.020082000000000063e-03
2.508969000000000005e+00 1.191585999999999904e-03
2.514987000000000084e+00 1.371285000000000082e-03
2.521700000000000053e+00 1.601909000000000102e-03
2.527410999999999852e+00 1.817899999999999898e-03
2.534088000000000118e+00 2.087739999999999822e-03
2.540137000000000089e+00 2.363435000000000102e-03
2.546495999999999871e+00 2.671906999999999841e-03
2.552554999999999907e+00 2.990332000000000059e-03
2.558924999999999894e+00 3.346216999999999855e-03
2.564947999999999784e+00 3.704442000000000065e-03
2.571663000000000032e+00 4.131741999999999880e-03
2.577341000000000104e+00 4.513968000000000147e-03
2.584051999999999794e+00 4.983409000000000276e-03
2.590090000000000003e+00 5.425336999999999694e-03
2.596462999999999965e+00 5.912923999999999958e-03
2.602831000000000117e+00 6.421002999999999780e-03
2.608871000000000162e+00 6.918541999999999748e-03
2.615585999999999967e+00 7.493927000000000054e-03
2.621595999999999815e+00 8.025414999999999285e-03
2.627982999999999958e+00 8.608414999999999470e-03
2.634017000000000053e+00 9.171508000000000091e-03
2.640369999999999884e+00 9.781430000000000680e-03
2.646408999999999789e+00 1.037906000000000072e-02
2.653124000000000038e+00 1.105102999999999988e-02
2.658847999999999878e+00 1.164222000000000000e-02
2.665582999999999814e+00 1.235165000000000048e-02
2.671631000000000089e+00 1.299961999999999993e-02
2.677993999999999986e+00 1.369618000000000051e-02
2.684019000000000155e+00 1.436989999999999969e-02
2.690404000000000018e+00 1.509220000000000006e-02
2.696433999999999997e+00 1.579227000000000061e-02
2.703157000000000032e+00 1.658072000000000018e-02
2.709490000000000176e+00 1.733521999999999841e-02
2.715530000000000221e+00 1.806806999999999858e-02
2.721918000000000060e+00 1.885418000000000163e-02
2.727949999999999875e+00 1.960399999999999990e-02
2.734663999999999984e+00 2.045566000000000051e-02
2.740356999999999932e+00 2.118967999999999893e-02
2.747075000000000156e+00 2.206183999999999923e-02
2.753105000000000135e+00 2.285964999999999872e-02
2.759478000000000097e+00 2.370956000000000105e-02
2.765538999999999970e+00 2.453137999999999846e-02
2.771886999999999990e+00 2.540119999999999878e-02
2.777928000000000175e+00 2.624231999999999954e-02
2.784638999999999864e+00 2.718119000000000091e-02
2.790318000000000076e+00 2.799542000000000003e-02
2.797032000000000185e+00 2.895829000000000111e-02
2.803393999999999942e+00 2.988899000000000070e-02
2.809441000000000077e+00 3.078279000000000085e-02
2.815800999999999998e+00 3.172869999999999857e-02
2.821851000000000109e+00 3.264592000000000188e-02
2.828565999999999914e+00 3.366910000000000042e-02
2.834630000000000205e+00 3.460740000000000344e-02
2.840997999999999912e+00 3.560013000000000066e-02
2.847036000000000122e+00 3.656125999999999820e-02
2.853425999999999796e+00 3.757971999999999702e-02
2.859453999999999940e+00 3.855668000000000289e-02
2.866153999999999868e+00 3.965068000000000065e-02
2.871860999999999997e+00 4.060008999999999840e-02
2.878531999999999869e+00 4.171048000000000117e-02
2.884589000000000070e+00 4.273658000000000318e-02
2.890963999999999867e+00 4.383000000000000090e-02
2.897000999999999937e+00 4.487424999999999747e-02
2.903351999999999933e+00 4.598286000000000040e-02
2.910071999999999992e+00 4.716640999999999889e-02
2.916122000000000103e+00 4.825220999999999677e-02
2.922502999999999851e+00 4.940883000000000080e-02
2.928551000000000126e+00 5.051747000000000182e-02
2.934924000000000088e+00 5.169344000000000022e-02
2.940942999999999863e+00 5.282603999999999772e-02
2.947651000000000021e+00 5.408745000000000219e-02
2.953371000000000191e+00 5.519431999999999811e-02
2.960087999999999830e+00 5.648498999999999881e-02
2.966092000000000173e+00 5.766738999999999893e-02
2.972450999999999954e+00 5.892526000000000014e-02
2.978501000000000065e+00 6.013985000000000164e-02
2.984868000000000077e+00 6.142759999999999887e-02
2.990915999999999908e+00 6.266794000000000531e-02
2.997624000000000066e+00 6.404640999999999806e-02
3.004018999999999995e+00 6.538391000000000342e-02
3.010067999999999966e+00 6.667167000000000232e-02
3.016437999999999953e+00 6.803373000000000059e-02
3.022476999999999858e+00 6.934722999999999582e-02
3.028833999999999804e+00 7.073625000000000052e-02
3.034877999999999965e+00 7.208077999999999708e-02
3.041599000000000164e+00 7.357046000000000419e-02
3.047613999999999823e+00 7.494248000000000576e-02
3.053989000000000065e+00 7.639704999999999413e-02
3.060020999999999880e+00 7.780186999999999520e-02
3.066400999999999932e+00 7.929155999999999704e-02
3.072414000000000200e+00 8.072387000000000312e-02
3.079146999999999856e+00 8.231539999999999691e-02
3.084861000000000075e+00 8.371966999999999604e-02
3.091562000000000143e+00 8.533928000000000347e-02
3.097593999999999959e+00 8.684414000000000022e-02
3.103968000000000060e+00 8.842748999999999748e-02
3.110357000000000038e+00 9.003543999999999436e-02
3.116369999999999862e+00 9.157956000000000429e-02
3.123073000000000210e+00 9.328992999999999314e-02
3.129126999999999992e+00 9.487969000000000264e-02
3.135460999999999832e+00 9.654087999999999559e-02
3.141506999999999827e+00 9.815869000000000677e-02
3.147886000000000184e+00 9.986027000000000098e-02
3.153935000000000155e+00 1.015110000000000040e-01
3.160625000000000018e+00 1.033213999999999938e-01
3.166323000000000221e+00 1.049259000000000025e-01
3.173045000000000115e+00 1.067696999999999952e-01
3.179107999999999823e+00 1.084900000000000031e-01
3.185490999999999850e+00 1.102975000000000066e-01
3.191521999999999970e+00 1.120388999999999968e-01
3.197887000000000146e+00 1.138687000000000032e-01
3.204587000000000074e+00 1.157944000000000057e-01
3.210637000000000185e+00 1.175872000000000028e-01
3.217029999999999834e+00 1.194637999999999950e-01
3.223027999999999782e+00 1.212672000000000055e-01
3.229408999999999974e+00 1.231702999999999965e-01
3.235437000000000118e+00 1.250005999999999895e-01
3.241802999999999990e+00 1.269251999999999880e-01
3.247844000000000175e+00 1.287801000000000085e-01
3.254567000000000210e+00 1.308130000000000126e-01
3.260623999999999967e+00 1.326954999999999940e-01
3.267043999999999837e+00 1.346779999999999922e-01
3.273073999999999817e+00 1.365697999999999912e-01
3.279459999999999820e+00 1.385570000000000135e-01
3.285476000000000063e+00 1.404670000000000085e-01
3.292196000000000122e+00 1.425542999999999949e-01
3.297883999999999816e+00 1.443905000000000050e-01
3.304622000000000170e+00 1.464959000000000122e-01
3.310947000000000084e+00 1.485105999999999926e-01
3.316984999999999850e+00 1.504446000000000117e-01
3.323366000000000042e+00 1.524781000000000053e-01
3.329396000000000022e+00 1.544214999999999893e-01
3.336106000000000016e+00 1.565532000000000035e-01
3.342147999999999897e+00 1.585089000000000081e-01
3.348564000000000096e+00 1.605721999999999983e-01
3.354591000000000101e+00 1.625348000000000070e-01
3.360968000000000178e+00 1.645951999999999971e-01
3.367018999999999984e+00 1.665764999999999885e-01
3.373698000000000086e+00 1.687270999999999910e-01
3.379413000000000000e+00 1.706166000000000071e-01
3.386127000000000109e+00 1.727730000000000099e-01
3.392144000000000048e+00 1.747560999999999976e-01
3.398509999999999920e+00 1.768353000000000008e-01
3.404875999999999792e+00 1.789353999999999945e-01
3.410938999999999943e+00 1.809601000000000126e-01
3.417638999999999871e+00 1.831785999999999970e-01
3.423674000000000106e+00 1.852260000000000018e-01
3.430051000000000183e+00 1.873824000000000045e-01
3.436090000000000089e+00 1.894573999999999980e-01
3.442457999999999796e+00 1.916448000000000040e-01
3.448500999999999816e+00 1.937567000000000039e-01
3.454893000000000214e+00 1.959740000000000093e-01
3.460894999999999833e+00 1.981016999999999917e-01
3.467607000000000106e+00 2.004406999999999994e-01
3.473660999999999888e+00 2.026152999999999982e-01
3.480004999999999793e+00 2.048816999999999999e-01
3.486054000000000208e+00 2.070720000000000061e-01
3.492414999999999825e+00 2.093700000000000006e-01
3.498445999999999945e+00 2.115837000000000134e-01
3.505142999999999898e+00 2.140057999999999960e-01
3.511531999999999876e+00 2.163583000000000034e-01
3.517574999999999896e+00 2.186178000000000010e-01
3.523975000000000080e+00 2.209867000000000081e-01
3.530031999999999837e+00 2.232706000000000135e-01
3.536398999999999848e+00 2.256524000000000030e-01
3.542428000000000132e+00 2.279509999999999870e-01
3.549141000000000101e+00 2.304592000000000029e-01
3.555163999999999991e+00 2.327781999999999907e-01
3.561555999999999944e+00 2.352009999999999934e-01
3.567555000000000032e+00 2.375183999999999906e-01
3.573933999999999944e+00 2.399527999999999939e-01
3.579981000000000080e+00 2.422847999999999946e-01
3.586681000000000008e+00 2.448228000000000071e-01
3.592381000000000046e+00 2.470616999999999952e-01
3.599083999999999950e+00 2.496066999999999869e-01
3.605490999999999779e+00 2.520622000000000140e-01
3.611515999999999948e+00 2.544019000000000141e-01
3.617881000000000125e+00 2.568432999999999966e-01
3.623925999999999981e+00 2.591886999999999941e-01
3.630614000000000008e+00 2.617272999999999961e-01
3.636664999999999814e+00 2.640752000000000099e-01
3.643056000000000072e+00 2.665217999999999754e-01
3.649059999999999970e+00 2.688491000000000075e-01
3.655422999999999867e+00 2.712818000000000174e-01
3.661462999999999912e+00 2.736143999999999799e-01
3.667841999999999825e+00 2.760446999999999762e-01
3.673865000000000158e+00 2.783661000000000052e-01
3.680594000000000143e+00 2.808941999999999828e-01
3.686633000000000049e+00 2.832162999999999764e-01
3.693026000000000142e+00 2.856312999999999769e-01
3.699068000000000023e+00 2.879387999999999947e-01
3.705435000000000034e+00 2.903419999999999890e-01
3.712165999999999855e+00 2.928520000000000012e-01
3.718193999999999999e+00 2.951418000000000097e-01
3.724549000000000110e+00 2.975225000000000231e-01
3.730186999999999919e+00 2.997432999999999903e-01
