1.000137999999999971e+00 -2.295210000000000002e-05
1.005171999999999954e+00 -2.178134000000000041e-05
1.009845000000000104e+00 -2.353752000000000093e-05
1.014888000000000012e+00 -2.412290999999999974e-05
1.019916999999999963e+00 -2.353763999999999916e-05
1.024963000000000068e+00 -2.353768999999999927e-05
1.029984000000000011e+00 -2.353768999999999927e-05
1.035022000000000109e+00 -2.529375999999999887e-05
1.040051999999999977e+00 -2.587924000000000059e-05
1.045090000000000074e+00 -2.529379000000000097e-05
1.050127000000000033e+00 -2.295221000000000094e-05
1.055137999999999909e+00 -2.705006000000000101e-05
1.059839999999999893e+00 -2.178139000000000052e-05
1.064867999999999926e+00 -2.295215000000000013e-05
1.069903999999999966e+00 -2.295217999999999884e-05
1.074910000000000032e+00 -2.353757999999999835e-05
1.079944000000000015e+00 -2.412293999999999845e-05
1.084972000000000047e+00 -2.295226999999999836e-05
1.090008000000000088e+00 -2.295230000000000046e-05
1.095021999999999940e+00 -2.470850999999999969e-05
1.100395000000000012e+00 -2.646477999999999973e-05
1.105426000000000020e+00 -2.295223999999999965e-05
1.110462999999999978e+00 -2.470839999999999877e-05
1.115523000000000042e+00 -2.646455000000000058e-05
1.120565999999999951e+00 -2.295215000000000013e-05
1.125602999999999909e+00 -2.529390999999999920e-05
1.130627999999999966e+00 -2.587924000000000059e-05
1.135666000000000064e+00 -2.587920999999999849e-05
1.140339999999999909e+00 -2.295212000000000142e-05
1.145385000000000097e+00 -2.412297000000000055e-05
1.150406000000000040e+00 -2.178148000000000004e-05
1.155456000000000039e+00 -2.412306000000000007e-05
1.160455999999999932e+00 -2.470857000000000050e-05
1.165483000000000047e+00 -2.470868999999999873e-05
1.170515999999999890e+00 -2.470853999999999840e-05
1.175553000000000070e+00 -2.470842000000000017e-05
1.180563000000000029e+00 -2.236690000000000095e-05
1.185608999999999913e+00 -2.412318000000000169e-05
1.190631999999999913e+00 -2.470857000000000050e-05
1.195330999999999921e+00 -2.353768999999999927e-05
1.200385999999999953e+00 -2.236690000000000095e-05
1.205443999999999960e+00 -2.587948000000000044e-05
1.210490000000000066e+00 -2.412314999999999959e-05
1.215521999999999991e+00 -2.353772000000000137e-05
1.220558000000000032e+00 -2.529390999999999920e-05
1.225559999999999983e+00 -2.295226999999999836e-05
1.230606000000000089e+00 -2.412318000000000169e-05
1.235632000000000064e+00 -2.470853999999999840e-05
1.240674999999999972e+00 -2.412319999999999970e-05
1.245346999999999982e+00 -2.236687999999999955e-05
1.250380000000000047e+00 -2.353763999999999916e-05
1.255409999999999915e+00 -2.353777999999999879e-05
1.260445000000000038e+00 -2.295261999999999913e-05
1.265454000000000079e+00 -2.353783999999999960e-05
1.270499000000000045e+00 -2.470863000000000131e-05
1.275544999999999929e+00 -2.295246999999999880e-05
1.280564000000000036e+00 -2.412328999999999922e-05
1.285611999999999977e+00 -2.236705000000000128e-05
1.290669999999999984e+00 -2.412319999999999970e-05
1.295708000000000082e+00 -2.412328999999999922e-05
1.301072000000000006e+00 -2.236690000000000095e-05
1.306116000000000055e+00 -2.236699000000000047e-05
1.311128999999999989e+00 -2.470859999999999921e-05
1.316170000000000062e+00 -2.178160000000000165e-05
1.321201999999999988e+00 -2.295236000000000127e-05
1.325901999999999914e+00 -2.236701999999999918e-05
1.330902999999999947e+00 -2.236690000000000095e-05
1.335936000000000012e+00 -2.295241999999999869e-05
1.340964000000000045e+00 -2.587944999999999834e-05
1.346003999999999978e+00 -2.470877000000000094e-05
1.351051000000000002e+00 -2.119619999999999876e-05
1.356060999999999961e+00 -2.061078000000000123e-05
1.361097999999999919e+00 -2.353777999999999879e-05
1.366130000000000067e+00 -2.295246999999999880e-05
1.371172000000000057e+00 -2.236690000000000095e-05
1.376201999999999925e+00 -2.295238999999999998e-05
1.380905999999999967e+00 -2.412332000000000132e-05
1.385931000000000024e+00 -2.295238999999999998e-05
1.390965000000000007e+00 -2.295250000000000090e-05
1.395976000000000106e+00 -2.587948000000000044e-05
1.401024999999999965e+00 -2.295236000000000127e-05
1.406047000000000047e+00 -2.470859999999999921e-05
1.411086999999999980e+00 -2.236716999999999951e-05
1.416101000000000054e+00 -2.470873999999999884e-05
1.421124999999999972e+00 -2.412357999999999918e-05
1.426163000000000070e+00 -2.353801000000000133e-05
1.431195999999999913e+00 -2.236714000000000080e-05
1.435899999999999954e+00 -2.236714000000000080e-05
1.440900999999999987e+00 -2.470873999999999884e-05
1.445953000000000044e+00 -2.412332000000000132e-05
1.450973999999999986e+00 -2.412335000000000003e-05
1.456015999999999977e+00 -2.353786999999999831e-05
1.461070000000000091e+00 -2.295246999999999880e-05
1.466110000000000024e+00 -2.353804000000000004e-05
1.471135999999999999e+00 -2.412328999999999922e-05
1.476189999999999891e+00 -2.295246999999999880e-05
1.481195999999999957e+00 -2.061089999999999946e-05
1.485891000000000073e+00 -2.295252999999999961e-05
1.490931000000000006e+00 -2.587974000000000169e-05
1.495969000000000104e+00 -2.002562000000000157e-05
1.501646000000000036e+00 -2.236716999999999951e-05
1.506682999999999995e+00 -2.178179999999999870e-05
1.511373999999999995e+00 -2.178179999999999870e-05
1.516404000000000085e+00 -2.061083999999999865e-05
1.521441000000000043e+00 -2.178165999999999908e-05
1.526453000000000060e+00 -2.236716999999999951e-05
1.531487999999999960e+00 -2.353790000000000041e-05
1.536537999999999959e+00 -2.295259000000000042e-05
1.541563999999999934e+00 -2.236716999999999951e-05
1.546597999999999917e+00 -2.353783999999999960e-05
1.551638000000000073e+00 -2.295265000000000123e-05
1.556667000000000023e+00 -2.178189000000000161e-05
1.561703000000000063e+00 -2.061101000000000038e-05
1.566392999999999924e+00 -2.529417000000000045e-05
1.571428000000000047e+00 -2.061098000000000167e-05
1.576462999999999948e+00 -2.236716999999999951e-05
1.581493999999999955e+00 -2.587948000000000044e-05
1.586537000000000086e+00 -2.178170999999999919e-05
1.591533000000000087e+00 -2.412332000000000132e-05
1.596575999999999995e+00 -2.236714000000000080e-05
1.601599999999999913e+00 -2.295259000000000042e-05
1.606635000000000035e+00 -2.295259000000000042e-05
1.611655000000000060e+00 -2.119638000000000118e-05
1.616689000000000043e+00 -2.002552999999999866e-05
1.621377999999999986e+00 -2.295261999999999913e-05
1.626428999999999903e+00 -2.353810000000000085e-05
1.631483000000000017e+00 -2.119643999999999860e-05
1.636514999999999942e+00 -2.178183000000000080e-05
1.641556999999999933e+00 -2.236724999999999833e-05
1.646597000000000088e+00 -2.119638000000000118e-05
1.651629999999999932e+00 -2.119648999999999871e-05
1.656649999999999956e+00 -2.412347000000000165e-05
1.661675000000000013e+00 -2.119647000000000070e-05
1.666711999999999971e+00 -2.119647000000000070e-05
1.671413000000000038e+00 -2.178198000000000113e-05
1.676412000000000013e+00 -2.119652000000000081e-05
1.681446999999999914e+00 -2.119648999999999871e-05
1.686479000000000061e+00 -2.119647000000000070e-05
1.691527000000000003e+00 -2.236728000000000042e-05
1.696533000000000069e+00 -2.295279000000000085e-05
1.701905000000000001e+00 -2.119663999999999904e-05
1.706939999999999902e+00 -2.412357999999999918e-05
1.711994000000000016e+00 -2.178189000000000161e-05
1.717006999999999950e+00 -2.470901000000000079e-05
1.722045000000000048e+00 -2.002567999999999899e-05
1.727077999999999891e+00 -2.353819000000000037e-05
1.732099999999999973e+00 -2.119658000000000162e-05
1.737166999999999906e+00 -2.119652000000000081e-05
1.742123000000000088e+00 -2.002576000000000120e-05
1.747198000000000029e+00 -2.353806999999999875e-05
1.751883000000000079e+00 -2.236728000000000042e-05
1.756926999999999905e+00 -2.178183000000000080e-05
1.761932000000000054e+00 -2.002572999999999910e-05
1.766963999999999979e+00 -2.061109999999999990e-05
1.772000999999999937e+00 -2.119647000000000070e-05
1.777034000000000002e+00 -2.178192000000000032e-05
1.782054000000000027e+00 -2.061112999999999861e-05
1.787077000000000027e+00 -2.295267999999999994e-05
1.792119000000000018e+00 -2.002581999999999862e-05
1.797152000000000083e+00 -2.178205999999999995e-05
1.802224000000000048e+00 -1.885505999999999901e-05
1.806909000000000098e+00 -2.236763000000000119e-05
1.811949000000000032e+00 -2.119658000000000162e-05
1.816983999999999932e+00 -1.944045999999999852e-05
1.822013000000000105e+00 -2.061122000000000152e-05
1.827029999999999932e+00 -2.353830000000000128e-05
1.832062000000000079e+00 -2.178203000000000124e-05
1.837094999999999922e+00 -2.295288000000000037e-05
1.842130999999999963e+00 -2.236743000000000075e-05
1.847129999999999939e+00 -2.119663999999999904e-05
1.852168999999999954e+00 -2.412366999999999870e-05
1.857207000000000052e+00 -2.002591000000000153e-05
1.861904999999999921e+00 -2.061116000000000071e-05
1.866924999999999946e+00 -2.236743000000000075e-05
1.871968000000000076e+00 -2.178194999999999903e-05
1.876986999999999961e+00 -2.236749000000000156e-05
1.882026999999999894e+00 -2.061127000000000163e-05
1.887067000000000050e+00 -2.178232999999999851e-05
1.892161999999999900e+00 -2.002591000000000153e-05
1.897205999999999948e+00 -2.119661000000000033e-05
1.902558999999999889e+00 -2.061136000000000115e-05
1.907599999999999962e+00 -2.061136000000000115e-05
1.912611000000000061e+00 -2.061130000000000034e-05
1.917653000000000052e+00 -2.353830000000000128e-05
1.922673000000000076e+00 -2.236752000000000027e-05
1.927726000000000051e+00 -1.944045999999999852e-05
1.932714000000000043e+00 -2.412370000000000080e-05
1.937418000000000085e+00 -2.353830000000000128e-05
1.942452000000000067e+00 -1.885511999999999982e-05
1.947488000000000108e+00 -1.885514999999999853e-05
1.952523999999999926e+00 -1.826960999999999939e-05
1.957543000000000033e+00 -2.061130000000000034e-05
1.962582999999999966e+00 -2.119669999999999985e-05
1.967610999999999999e+00 -2.236752000000000027e-05
1.972658999999999940e+00 -1.944054000000000073e-05
1.977708999999999939e+00 -2.178232999999999851e-05
1.982741000000000087e+00 -2.002591000000000153e-05
1.987772000000000094e+00 -2.236757000000000038e-05
1.992477999999999971e+00 -2.178229999999999980e-05
1.997495000000000021e+00 -1.944054000000000073e-05
2.002529000000000003e+00 -2.061136000000000115e-05
2.007557999999999954e+00 -2.119683999999999948e-05
2.012589999999999879e+00 -2.236754999999999898e-05
2.017605000000000093e+00 -2.178221000000000028e-05
2.022638999999999854e+00 -2.002600000000000105e-05
2.027673000000000059e+00 -1.885524000000000144e-05
2.032699000000000034e+00 -2.061136000000000115e-05
2.037748000000000115e+00 -2.002600000000000105e-05
2.042750999999999983e+00 -1.944056999999999944e-05
2.047457999999999778e+00 -2.119676000000000066e-05
2.052478999999999942e+00 -2.178214999999999947e-05
2.057513000000000147e+00 -2.061138999999999986e-05
2.062562999999999924e+00 -1.944060000000000154e-05
2.067598999999999965e+00 -1.944054000000000073e-05
2.072623000000000104e+00 -2.178212000000000076e-05
2.077665999999999791e+00 -2.119676000000000066e-05
2.082701000000000136e+00 -1.826978000000000112e-05
2.087711000000000094e+00 -2.061151000000000148e-05
2.092743000000000020e+00 -2.119687000000000158e-05
2.097456000000000209e+00 -2.002605000000000116e-05
2.103121999999999936e+00 -2.236768999999999861e-05
2.108159999999999812e+00 -2.002605000000000116e-05
2.113198000000000132e+00 -1.885532000000000026e-05
2.118230000000000057e+00 -1.651360000000000059e-05
2.123264999999999958e+00 -1.768436000000000021e-05
2.127939000000000025e+00 -1.944069000000000106e-05
2.132976000000000205e+00 -1.944071999999999977e-05
2.138008999999999826e+00 -1.826983999999999854e-05
2.143053999999999792e+00 -1.944069000000000106e-05
2.148101000000000038e+00 -2.061141999999999857e-05
2.153137000000000079e+00 -1.885529000000000155e-05
2.158166000000000029e+00 -1.885534999999999897e-05
2.163203000000000209e+00 -1.651362999999999930e-05
2.168219999999999814e+00 -1.944071999999999977e-05
2.173254000000000019e+00 -2.119683999999999948e-05
2.177961999999999954e+00 -1.651371999999999882e-05
2.182992000000000044e+00 -1.885547000000000058e-05
2.188037000000000010e+00 -2.061176999999999934e-05
2.193032000000000092e+00 -1.826989999999999935e-05
2.198066999999999993e+00 -1.885534999999999897e-05
2.203094000000000108e+00 -1.768453999999999924e-05
2.208136999999999794e+00 -1.709926000000000135e-05
2.213141999999999943e+00 -1.944080999999999929e-05
2.218192999999999859e+00 -1.709920000000000054e-05
2.223214000000000024e+00 -1.651380000000000103e-05
2.228263999999999800e+00 -1.417214000000000048e-05
2.232972000000000179e+00 -1.534304000000000142e-05
2.237994000000000039e+00 -1.709926000000000135e-05
2.243027000000000104e+00 -1.709926000000000135e-05
2.248062000000000005e+00 -1.358692000000000001e-05
2.253085000000000004e+00 -1.417236999999999963e-05
2.258112000000000119e+00 -1.475767999999999962e-05
2.263154000000000110e+00 -1.007441000000000033e-05
2.268149999999999888e+00 -1.183061999999999956e-05
2.273226999999999887e+00 -1.124530999999999957e-05
2.278217000000000159e+00 -1.007463999999999948e-05
2.283252000000000059e+00 -9.489128999999999658e-06
2.287954000000000043e+00 -1.007446999999999945e-05
2.292984999999999829e+00 -8.318310999999999715e-06
2.298004000000000158e+00 -8.903908999999999186e-06
2.303707999999999867e+00 -5.391484999999999762e-06
2.308742000000000072e+00 -1.879175999999999912e-06
2.313447000000000031e+00 -2.464453999999999868e-06
2.318505000000000038e+00 1.047737999999999929e-06
2.323541000000000079e+00 1.047853999999999954e-06
2.328570000000000029e+00 2.218817999999999904e-06
2.333612000000000020e+00 6.316404000000000316e-06
2.338651000000000035e+00 9.243406000000000045e-06
2.343659000000000159e+00 1.451204000000000040e-05
2.348695000000000199e+00 1.860974999999999915e-05
2.353728999999999960e+00 2.212211000000000020e-05
2.358759000000000050e+00 2.563436000000000032e-05
2.363421000000000216e+00 3.090283000000000038e-05
2.368465000000000042e+00 3.792746999999999688e-05
2.373488000000000042e+00 4.202526000000000292e-05
2.378531000000000173e+00 5.256257000000000182e-05
2.383544999999999803e+00 6.192901999999999749e-05
2.388583000000000123e+00 7.070970999999999897e-05
2.393612000000000073e+00 8.124668999999999511e-05
2.398655000000000204e+00 9.646676999999999390e-05
2.403687999999999825e+00 1.099308000000000013e-04
2.408725000000000005e+00 1.274927000000000135e-04
2.413756999999999930e+00 1.485670000000000024e-04
2.418439999999999923e+00 1.696411000000000045e-04
2.423490000000000144e+00 1.936418000000000134e-04
2.428488000000000202e+00 2.223266000000000001e-04
2.433532000000000028e+00 2.580355999999999796e-04
2.438559999999999839e+00 2.955006000000000147e-04
2.443611000000000200e+00 3.388194999999999770e-04
2.448602000000000167e+00 3.891637999999999890e-04
2.453644000000000158e+00 4.430198999999999899e-04
2.458667999999999854e+00 5.068279999999999660e-04
2.463718000000000075e+00 5.770748999999999931e-04
2.468726000000000198e+00 6.607866000000000000e-04
2.473421999999999787e+00 7.409854999999999480e-04
2.478455999999999992e+00 8.387460000000000228e-04
2.483486999999999778e+00 9.499705999999999472e-04
2.488542999999999950e+00 1.074660000000000068e-03
2.493589000000000055e+00 1.209301000000000082e-03
2.498629000000000211e+00 1.362673999999999917e-03
2.503991000000000078e+00 1.536534999999999897e-03
2.509025999999999978e+00 1.710981999999999998e-03
2.514035999999999937e+00 1.907674000000000045e-03
2.519070000000000142e+00 2.120757999999999931e-03
2.524116999999999944e+00 2.347305000000000051e-03
2.529132000000000158e+00 2.591999000000000213e-03
2.534143999999999952e+00 2.852499000000000094e-03
2.539172999999999902e+00 3.128806000000000035e-03
2.544214000000000198e+00 3.422088000000000213e-03
2.549237000000000197e+00 3.731176000000000111e-03
2.553941000000000017e+00 4.034995000000000422e-03
2.558975000000000222e+00 4.377449999999999744e-03
2.564003000000000032e+00 4.733954999999999760e-03
2.569039000000000073e+00 5.109192000000000247e-03
2.574081000000000063e+00 5.499065000000000029e-03
2.579073000000000171e+00 5.900642999999999687e-03
2.584111000000000047e+00 6.320952999999999815e-03
2.589128000000000096e+00 6.752975999999999944e-03
2.594168999999999947e+00 7.201387000000000066e-03
2.599190999999999807e+00 7.660921000000000224e-03
2.603886000000000145e+00 8.102893999999999375e-03
2.608915000000000095e+00 8.588772999999999200e-03
2.613967000000000152e+00 9.089280999999999403e-03
2.618961999999999790e+00 9.596818000000000015e-03
2.623990000000000045e+00 1.012249999999999955e-02
2.629023999999999806e+00 1.065872000000000000e-02
2.634062999999999821e+00 1.120372000000000035e-02
2.639097000000000026e+00 1.176570000000000046e-02
2.644120000000000026e+00 1.233470000000000052e-02
2.649146000000000001e+00 1.291423000000000050e-02
2.654176000000000091e+00 1.350724000000000022e-02
2.658888999999999836e+00 1.407039000000000033e-02
2.663946000000000147e+00 1.468446999999999981e-02
2.668985999999999859e+00 1.530966999999999918e-02
2.674017999999999784e+00 1.594013000000000027e-02
2.679053999999999824e+00 1.658056000000000113e-02
2.684060999999999808e+00 1.722858999999999849e-02
2.689097999999999988e+00 1.788657000000000094e-02
2.694125999999999799e+00 1.855510000000000145e-02
2.699167999999999790e+00 1.923238999999999851e-02
2.704508999999999830e+00 1.996764999999999998e-02
2.709534999999999805e+00 2.065958000000000030e-02
2.714582000000000050e+00 2.136673999999999865e-02
2.719612000000000140e+00 2.207740000000000050e-02
2.724657000000000107e+00 2.280271000000000034e-02
2.729661999999999811e+00 2.353034999999999849e-02
2.734710000000000196e+00 2.427262999999999990e-02
2.739393000000000189e+00 2.496924000000000018e-02
2.744435999999999876e+00 2.572614999999999971e-02
2.749479000000000006e+00 2.648893000000000081e-02
2.754496000000000056e+00 2.725930000000000020e-02
2.759530999999999956e+00 2.804022000000000112e-02
2.764566999999999997e+00 2.883167000000000021e-02
2.769587000000000021e+00 2.962777999999999939e-02
2.774617000000000111e+00 3.043095999999999995e-02
2.779653999999999847e+00 3.124582000000000054e-02
2.784692999999999863e+00 3.206595999999999752e-02
2.789401999999999937e+00 3.284511999999999848e-02
2.794391000000000069e+00 3.367697000000000052e-02
2.799422999999999995e+00 3.451991000000000087e-02
2.804460999999999871e+00 3.537401999999999908e-02
2.809493999999999936e+00 3.623571999999999904e-02
2.814509999999999845e+00 3.710150999999999727e-02
2.819550000000000001e+00 3.798137000000000041e-02
2.824591999999999992e+00 3.886822999999999667e-02
2.829617999999999967e+00 3.976153000000000326e-02
2.834684000000000204e+00 4.066830999999999918e-02
2.839713999999999849e+00 4.157919999999999672e-02
2.844411000000000023e+00 4.243972000000000022e-02
2.849447000000000063e+00 4.336757000000000112e-02
2.854464000000000112e+00 4.430242999999999681e-02
2.859497000000000178e+00 4.524551000000000267e-02
2.864536999999999889e+00 4.619676000000000338e-02
2.869561000000000028e+00 4.715561000000000058e-02
2.874603000000000019e+00 4.812678000000000095e-02
2.879610000000000003e+00 4.910031000000000118e-02
2.884631999999999863e+00 5.008552000000000143e-02
2.889663000000000093e+00 5.107716000000000339e-02
2.894699000000000133e+00 5.208522000000000152e-02
2.899379999999999846e+00 5.303180999999999867e-02
2.905098000000000180e+00 5.417799000000000226e-02
2.910120000000000040e+00 5.520768000000000203e-02
2.915160999999999891e+00 5.625087000000000143e-02
2.920201000000000047e+00 5.729872999999999911e-02
2.924892999999999965e+00 5.829216999999999732e-02
2.929931999999999981e+00 5.935636999999999858e-02
2.934966000000000186e+00 6.043056000000000122e-02
2.939999999999999947e+00 6.151120000000000199e-02
2.945012999999999881e+00 6.259828000000000614e-02
2.950056000000000012e+00 6.370056999999999803e-02
2.955080999999999847e+00 6.480872999999999495e-02
2.960135000000000183e+00 6.592858999999999525e-02
2.965119000000000060e+00 6.704846000000000417e-02
2.970152999999999821e+00 6.818411000000000610e-02
2.975181000000000076e+00 6.932679999999999398e-02
2.979890000000000150e+00 7.041442000000000534e-02
2.984907000000000199e+00 7.157062000000000146e-02
2.989939000000000124e+00 7.274081999999999770e-02
2.994979999999999976e+00 7.391860999999999571e-02
3.000011000000000205e+00 7.510698000000000374e-02
