1.000080999999999998e+00 -3.235556999999999691e-05
1.005120000000000013e+00 -3.411144000000000285e-05
1.009798999999999891e+00 -3.177009000000000197e-05
1.014836000000000071e+00 -3.469673999999999876e-05
1.019870999999999972e+00 -3.469670999999999666e-05
1.024912999999999963e+00 -3.528234000000000209e-05
1.029921000000000086e+00 -3.177014999999999939e-05
1.034966999999999970e+00 -3.352598000000000253e-05
1.040002000000000093e+00 -3.528205000000000214e-05
1.045036999999999994e+00 -3.469677000000000086e-05
1.050076999999999927e+00 -3.294073000000000335e-05
1.055098000000000091e+00 -3.469677000000000086e-05
1.059787000000000035e+00 -3.469677000000000086e-05
1.064761000000000069e+00 -3.235534000000000115e-05
1.069855000000000000e+00 -3.645275000000000094e-05
1.074853999999999976e+00 -3.352618999999999689e-05
1.079890000000000017e+00 -3.411144000000000285e-05
1.084942999999999991e+00 -3.352612999999999947e-05
1.089963999999999933e+00 -3.528222000000000048e-05
1.094975000000000032e+00 -3.528214000000000166e-05
1.100348000000000104e+00 -3.352607000000000205e-05
1.105380000000000029e+00 -3.411148999999999957e-05
1.110317999999999916e+00 -3.703823000000000266e-05
1.115485999999999978e+00 -3.352612999999999947e-05
1.120508999999999977e+00 -3.528216999999999698e-05
1.125547999999999993e+00 -3.469691999999999780e-05
1.130576000000000025e+00 -3.235539999999999857e-05
1.135615999999999959e+00 -3.469662999999999784e-05
1.140282000000000018e+00 -3.528219999999999908e-05
1.145340999999999942e+00 -3.352607000000000205e-05
1.150365000000000082e+00 -3.352603999999999995e-05
1.155408999999999908e+00 -3.645287000000000256e-05
1.160395999999999983e+00 -3.177009000000000197e-05
1.165431000000000106e+00 -3.469677000000000086e-05
1.170484999999999998e+00 -3.059929999999999687e-05
1.175515000000000088e+00 -3.001410999999999850e-05
1.180506000000000055e+00 -3.294084999999999819e-05
1.185551999999999939e+00 -3.177029000000000241e-05
1.190579000000000054e+00 -3.294084999999999819e-05
1.195275000000000087e+00 -3.235534000000000115e-05
1.200321999999999889e+00 -3.645292999999999998e-05
1.205413000000000068e+00 -3.235543000000000067e-05
1.210450999999999944e+00 -3.177009000000000197e-05
1.215473000000000026e+00 -3.294067999999999985e-05
1.220514000000000099e+00 -3.411125999999999704e-05
1.225524999999999975e+00 -3.118469999999999977e-05
1.230569999999999942e+00 -3.059939000000000316e-05
1.235611000000000015e+00 -3.059932999999999897e-05
1.240634000000000015e+00 -3.235534000000000115e-05
1.245274999999999910e+00 -3.235539999999999857e-05
1.250339000000000089e+00 -3.235543000000000067e-05
1.255371999999999932e+00 -3.411145999999999748e-05
1.260410999999999948e+00 -3.294073000000000335e-05
1.265424000000000104e+00 -3.294084999999999819e-05
1.270464000000000038e+00 -3.001414000000000059e-05
1.275497000000000103e+00 -3.118473000000000187e-05
1.280523999999999996e+00 -3.177011999999999729e-05
1.285571999999999937e+00 -3.411141000000000075e-05
1.290621999999999936e+00 -3.235534000000000115e-05
1.295663000000000009e+00 -3.118469999999999977e-05
1.301072000000000006e+00 -3.294070000000000125e-05
1.306095000000000006e+00 -3.235539999999999857e-05
1.311091000000000006e+00 -3.352612999999999947e-05
1.316127999999999965e+00 -3.294073000000000335e-05
1.321158999999999972e+00 -3.177002999999999777e-05
1.325866999999999907e+00 -3.411145999999999748e-05
1.330853999999999981e+00 -3.235577999999999805e-05
1.335895999999999972e+00 -3.059956000000000150e-05
1.340926999999999980e+00 -3.177018000000000149e-05
1.345965999999999996e+00 -3.469682999999999828e-05
1.350965999999999889e+00 -3.528219999999999908e-05
1.356011000000000077e+00 -3.352618999999999689e-05
1.361048000000000036e+00 -3.352618999999999689e-05
1.366093000000000002e+00 -3.469677000000000086e-05
1.371127999999999902e+00 -3.294070000000000125e-05
1.376149999999999984e+00 -3.177011999999999729e-05
1.380854000000000026e+00 -3.469682999999999828e-05
1.385885999999999951e+00 -3.352618999999999689e-05
1.390906999999999893e+00 -3.411164000000000329e-05
1.395922000000000107e+00 -3.294088000000000029e-05
1.400965999999999934e+00 -3.528222000000000048e-05
1.405993000000000048e+00 -3.528219999999999908e-05
1.411094999999999988e+00 -3.235559999999999901e-05
1.416044999999999998e+00 -3.001399000000000027e-05
1.421081999999999956e+00 -3.411161000000000119e-05
1.426120999999999972e+00 -3.118481000000000069e-05
1.431154000000000037e+00 -3.235543000000000067e-05
1.435850999999999988e+00 -3.469691999999999780e-05
1.440857000000000054e+00 -3.235546000000000277e-05
1.445896000000000070e+00 -3.294113999999999815e-05
1.450917999999999930e+00 -3.411157999999999909e-05
1.455961000000000061e+00 -3.352607000000000205e-05
1.460923999999999889e+00 -3.294091000000000239e-05
1.466053999999999968e+00 -3.352624000000000039e-05
1.471100999999999992e+00 -3.352627000000000249e-05
1.476129999999999942e+00 -3.235543000000000067e-05
1.481146000000000074e+00 -3.177005999999999987e-05
1.485846999999999918e+00 -3.352603999999999995e-05
1.490884000000000098e+00 -3.352598000000000253e-05
1.495910999999999991e+00 -3.411135000000000333e-05
1.501592000000000038e+00 -3.528216999999999698e-05
1.506628999999999996e+00 -3.177002999999999777e-05
1.511320999999999914e+00 -3.235554000000000159e-05
1.516329000000000038e+00 -3.235546000000000277e-05
1.521325999999999956e+00 -3.177009000000000197e-05
1.526410999999999962e+00 -3.177011999999999729e-05
1.531438000000000077e+00 -3.411144000000000285e-05
1.536481999999999903e+00 -3.118475000000000327e-05
1.541522999999999977e+00 -3.059941999999999849e-05
1.546553999999999984e+00 -3.352603999999999995e-05
1.551584999999999992e+00 -3.352616000000000157e-05
1.556623000000000090e+00 -3.177005999999999987e-05
1.561652999999999958e+00 -3.177011999999999729e-05
1.566232999999999986e+00 -3.352632999999999991e-05
1.571379000000000081e+00 -3.177011999999999729e-05
1.576406999999999892e+00 -3.294082000000000287e-05
1.581439999999999957e+00 -3.469682999999999828e-05
1.586481000000000030e+00 -3.352624000000000039e-05
1.591472999999999915e+00 -3.177031999999999773e-05
1.596511000000000013e+00 -3.118495999999999763e-05
1.601534999999999931e+00 -3.235548999999999809e-05
1.606578000000000062e+00 -3.177031999999999773e-05
1.611595000000000111e+00 -3.235554000000000159e-05
1.616624000000000061e+00 -3.411148999999999957e-05
1.621323000000000070e+00 -3.294091000000000239e-05
1.626357999999999970e+00 -3.177027000000000101e-05
1.631423000000000068e+00 -2.884340999999999969e-05
1.636479999999999935e+00 -3.235546000000000277e-05
1.641488999999999976e+00 -2.942874999999999839e-05
1.646541999999999950e+00 -3.059956000000000150e-05
1.651621000000000006e+00 -3.177023999999999891e-05
1.656590999999999925e+00 -3.001414000000000059e-05
1.661621000000000015e+00 -3.235556999999999691e-05
1.666651000000000105e+00 -2.884363999999999884e-05
1.671354000000000006e+00 -3.059948000000000268e-05
1.676355000000000040e+00 -3.059945000000000059e-05
1.681394000000000055e+00 -3.001394000000000016e-05
1.686420000000000030e+00 -3.294082000000000287e-05
1.691473999999999922e+00 -3.118481000000000069e-05
1.696482999999999963e+00 -3.118481000000000069e-05
1.701853000000000060e+00 -3.294088000000000029e-05
1.706889000000000101e+00 -3.177014999999999939e-05
1.711931000000000092e+00 -3.235539999999999857e-05
1.716949000000000058e+00 -3.118473000000000187e-05
1.721973999999999894e+00 -3.352627000000000249e-05
1.727017999999999942e+00 -3.235546000000000277e-05
1.732051999999999925e+00 -2.942874999999999839e-05
1.737101999999999924e+00 -2.884334999999999888e-05
1.742105999999999932e+00 -3.294084999999999819e-05
1.747152999999999956e+00 -3.118473000000000187e-05
1.751829000000000081e+00 -3.118486999999999811e-05
1.756950000000000012e+00 -3.235546000000000277e-05
1.761879999999999891e+00 -3.177027000000000101e-05
1.766904000000000030e+00 -3.118481000000000069e-05
1.771949999999999914e+00 -3.001401999999999898e-05
1.776969000000000021e+00 -3.177018000000000149e-05
1.781991000000000103e+00 -3.059950999999999801e-05
1.787017000000000078e+00 -2.825809999999999970e-05
1.792046000000000028e+00 -2.942871999999999968e-05
1.797099999999999920e+00 -3.001414000000000059e-05
1.802157999999999927e+00 -3.118473000000000187e-05
1.806851999999999903e+00 -2.942883000000000060e-05
1.811890999999999918e+00 -2.942883000000000060e-05
1.816940000000000000e+00 -3.059968000000000312e-05
1.821952000000000016e+00 -2.825812999999999841e-05
1.826969000000000065e+00 -2.825801000000000018e-05
1.832003000000000048e+00 -3.177011999999999729e-05
1.837037999999999949e+00 -2.942898000000000093e-05
1.842070000000000096e+00 -2.884353000000000131e-05
1.847080999999999973e+00 -3.001414000000000059e-05
1.852111000000000063e+00 -3.059958999999999683e-05
1.857142999999999988e+00 -3.118490000000000021e-05
1.861847000000000030e+00 -2.942885999999999931e-05
1.866900999999999922e+00 -2.942894999999999883e-05
1.871906000000000070e+00 -3.118502000000000182e-05
1.876965999999999912e+00 -2.825803999999999889e-05
1.881969000000000003e+00 -3.001410999999999850e-05
1.887015000000000109e+00 -3.352618999999999689e-05
1.892093999999999943e+00 -3.352627000000000249e-05
1.897134000000000098e+00 -3.059948000000000268e-05
1.902498999999999940e+00 -3.118481000000000069e-05
1.907542000000000071e+00 -3.059932999999999897e-05
1.912549999999999972e+00 -2.708742999999999961e-05
1.917596999999999996e+00 -3.059948000000000268e-05
1.922624000000000111e+00 -3.118484000000000279e-05
1.927675000000000027e+00 -2.884340999999999969e-05
1.932658999999999905e+00 -3.118484000000000279e-05
1.937356000000000078e+00 -2.825807000000000099e-05
1.942393999999999954e+00 -3.177031999999999773e-05
1.947427999999999937e+00 -2.942889000000000141e-05
1.952453999999999912e+00 -2.825803999999999889e-05
1.957470999999999961e+00 -2.884349999999999921e-05
1.962522000000000100e+00 -3.235554000000000159e-05
1.967551999999999968e+00 -3.059948000000000268e-05
1.972507000000000010e+00 -2.708740000000000090e-05
1.977653000000000105e+00 -2.884340999999999969e-05
1.982680999999999916e+00 -2.942874999999999839e-05
1.987689999999999957e+00 -2.767280000000000041e-05
1.992417000000000105e+00 -3.001416999999999930e-05
1.997506999999999922e+00 -2.884343999999999840e-05
2.002470000000000194e+00 -3.118484000000000279e-05
2.007502999999999815e+00 -2.942879999999999850e-05
2.012544000000000111e+00 -3.001420000000000140e-05
2.017552999999999930e+00 -2.884361000000000013e-05
2.022578000000000209e+00 -2.767300000000000085e-05
2.027619000000000060e+00 -2.884343999999999840e-05
2.032633999999999830e+00 -2.884340999999999969e-05
2.037688999999999862e+00 -2.708745999999999832e-05
2.042711000000000165e+00 -2.884343999999999840e-05
2.047403000000000084e+00 -2.942883000000000060e-05
2.052430999999999894e+00 -2.884343999999999840e-05
2.057462999999999820e+00 -2.825816000000000051e-05
2.062504999999999811e+00 -2.708769000000000086e-05
2.067537999999999876e+00 -2.825825000000000003e-05
2.072576999999999892e+00 -2.767291000000000133e-05
2.077602000000000171e+00 -2.474606000000000071e-05
2.082622000000000195e+00 -2.767276999999999831e-05
2.087654999999999816e+00 -2.357526999999999900e-05
2.092675999999999981e+00 -2.942892000000000012e-05
2.097392999999999841e+00 -2.708745999999999832e-05
2.103069000000000077e+00 -2.416081000000000153e-05
2.108065999999999995e+00 -2.591675999999999952e-05
2.113135999999999903e+00 -2.357526999999999900e-05
2.118168999999999969e+00 -2.533136000000000000e-05
2.123199000000000058e+00 -2.533159999999999985e-05
2.127873000000000125e+00 -2.474617000000000163e-05
2.132925999999999878e+00 -2.416077999999999943e-05
2.137939999999999952e+00 -2.591693000000000124e-05
2.142992000000000008e+00 -2.357540999999999863e-05
2.148039999999999949e+00 -2.357546999999999944e-05
2.153067000000000064e+00 -2.299013000000000074e-05
2.158097999999999850e+00 -2.416097999999999987e-05
2.163190000000000168e+00 -2.123395000000000021e-05
2.168182999999999971e+00 -2.064881999999999926e-05
2.173188999999999815e+00 -2.299028000000000107e-05
2.177904999999999980e+00 -1.713694999999999861e-05
2.182935000000000070e+00 -1.772201999999999876e-05
2.187983000000000011e+00 -1.713660000000000123e-05
2.192973999999999979e+00 -1.713662999999999995e-05
2.198008999999999880e+00 -1.362454999999999985e-05
2.203034000000000159e+00 -1.362458000000000026e-05
2.208070000000000199e+00 -1.245401999999999939e-05
2.213080999999999854e+00 -1.011262000000000009e-05
2.218122000000000149e+00 -1.128344000000000051e-05
2.223148000000000124e+00 -7.771101000000000256e-06
2.228193000000000090e+00 -6.600690999999999717e-06
2.232895000000000074e+00 -5.429931000000000105e-06
2.237925999999999860e+00 -1.917883999999999864e-06
2.242958999999999925e+00 -1.917942000000000195e-06
2.247993999999999826e+00 3.350141999999999798e-06
2.253032000000000146e+00 3.935391000000000011e-06
2.258049000000000195e+00 7.447496000000000159e-06
2.263091999999999882e+00 1.213019000000000049e-05
2.268114000000000186e+00 1.622731000000000032e-05
2.273163999999999962e+00 2.032494999999999926e-05
2.278157000000000210e+00 2.559311999999999866e-05
2.283198000000000061e+00 3.086123999999999796e-05
2.287892999999999954e+00 3.495838999999999989e-05
2.292930000000000135e+00 4.549479000000000289e-05
2.297947000000000184e+00 5.427482999999999955e-05
2.303653000000000173e+00 6.012843000000000056e-05
2.308683999999999958e+00 7.183508999999999869e-05
2.313384000000000107e+00 7.593233000000000014e-05
2.318443999999999949e+00 9.115135999999999324e-05
2.323481000000000130e+00 1.063702000000000001e-04
2.328514000000000195e+00 1.180770999999999947e-04
2.333555000000000046e+00 1.327105000000000027e-04
2.338591000000000086e+00 1.491000999999999991e-04
2.343602000000000185e+00 1.690015000000000115e-04
2.348638999999999921e+00 1.912445999999999883e-04
2.353671999999999986e+00 2.158287999999999960e-04
2.358700999999999937e+00 2.421691999999999920e-04
2.363360999999999823e+00 2.708507999999999988e-04
2.368402999999999814e+00 3.059709000000000083e-04
2.373428000000000093e+00 3.405058999999999885e-04
2.378474999999999895e+00 3.844065999999999933e-04
2.383484000000000158e+00 4.329898999999999792e-04
2.388526000000000149e+00 4.839147000000000240e-04
2.393553999999999959e+00 5.418635000000000205e-04
2.398598999999999926e+00 6.097631999999999965e-04
2.403629000000000016e+00 6.805892999999999925e-04
2.408656000000000130e+00 7.596095000000000191e-04
2.413696999999999981e+00 8.491675000000000178e-04
2.418378000000000139e+00 9.393097999999999899e-04
2.423421999999999965e+00 1.047013000000000067e-03
2.428427999999999809e+00 1.165837000000000080e-03
2.433462000000000014e+00 1.295780999999999973e-03
2.438492000000000104e+00 1.435677999999999911e-03
2.443541000000000185e+00 1.591378999999999971e-03
2.448539999999999939e+00 1.762883000000000028e-03
2.453573000000000004e+00 1.945508999999999997e-03
2.458600999999999814e+00 2.148623000000000113e-03
2.463642000000000110e+00 2.362859000000000140e-03
2.468649000000000093e+00 2.596409000000000043e-03
2.473342999999999847e+00 2.827030999999999815e-03
2.478397999999999879e+00 3.099802000000000026e-03
2.483426000000000133e+00 3.384278000000000113e-03
2.488466999999999985e+00 3.689824999999999876e-03
2.493511999999999951e+00 4.014689000000000105e-03
2.498556000000000221e+00 4.354771000000000336e-03
2.503927000000000014e+00 4.744024000000000331e-03
2.508961999999999914e+00 5.125666000000000076e-03
2.513973000000000013e+00 5.529550999999999737e-03
2.519006000000000078e+00 5.948656000000000083e-03
2.524045000000000094e+00 6.389416999999999666e-03
2.529078000000000159e+00 6.847736000000000101e-03
2.534076999999999913e+00 7.324202999999999616e-03
2.539104000000000028e+00 7.817060000000000675e-03
2.544141999999999904e+00 8.332745000000000776e-03
2.549174999999999969e+00 8.866575999999999277e-03
2.553863000000000216e+00 9.378749000000000460e-03
2.558907000000000043e+00 9.947113000000000482e-03
2.563937999999999828e+00 1.052953000000000049e-02
2.568970000000000198e+00 1.113126000000000046e-02
2.574015000000000164e+00 1.174704000000000026e-02
2.579010999999999942e+00 1.237685999999999995e-02
2.584038000000000057e+00 1.302307999999999938e-02
2.589065999999999867e+00 1.369036000000000038e-02
2.594104999999999883e+00 1.436584999999999945e-02
2.599130000000000162e+00 1.505714000000000011e-02
2.603829000000000171e+00 1.571799000000000113e-02
2.608862999999999932e+00 1.643796000000000146e-02
2.613900999999999808e+00 1.717079999999999995e-02
2.618898999999999866e+00 1.791125999999999829e-02
2.623940000000000161e+00 1.867219999999999991e-02
2.628966999999999832e+00 1.944310000000000135e-02
2.634011000000000102e+00 2.022803999999999922e-02
2.639051999999999953e+00 2.102644000000000041e-02
2.644058999999999937e+00 2.182896000000000142e-02
2.649096000000000117e+00 2.264959000000000069e-02
2.654122000000000092e+00 2.348193999999999976e-02
2.658834000000000142e+00 2.426864000000000104e-02
2.663889000000000173e+00 2.512500000000000150e-02
2.668931000000000164e+00 2.598953999999999848e-02
2.673956000000000000e+00 2.686051999999999884e-02
2.678990999999999900e+00 2.774145000000000083e-02
2.684009000000000089e+00 2.863703999999999902e-02
2.689048999999999801e+00 2.954021000000000077e-02
2.694071999999999800e+00 3.045217000000000063e-02
2.699110999999999816e+00 3.137700000000000211e-02
2.704457999999999807e+00 3.236332000000000098e-02
2.709486000000000061e+00 3.330571000000000226e-02
2.714535999999999838e+00 3.425982000000000333e-02
2.719558999999999838e+00 3.521625999999999923e-02
2.724606999999999779e+00 3.618735000000000007e-02
2.729601000000000166e+00 3.715899999999999759e-02
2.734652000000000083e+00 3.814706000000000347e-02
2.739336999999999911e+00 3.907482000000000316e-02
2.744381000000000181e+00 4.007808000000000204e-02
2.749420000000000197e+00 4.108661999999999731e-02
2.754449000000000147e+00 4.210803999999999936e-02
2.759479999999999933e+00 4.313005999999999784e-02
2.764505999999999908e+00 4.415966999999999809e-02
2.769535999999999998e+00 4.519690999999999986e-02
2.774563999999999808e+00 4.624642999999999810e-02
2.779605000000000103e+00 4.730179999999999801e-02
2.784635000000000193e+00 4.836475999999999970e-02
2.789343999999999824e+00 4.936978999999999673e-02
2.794329999999999981e+00 5.043452999999999825e-02
2.799367000000000161e+00 5.151623000000000313e-02
2.804399000000000086e+00 5.260204999999999742e-02
2.809442000000000217e+00 5.369957000000000202e-02
2.814452000000000176e+00 5.479649000000000325e-02
2.819488000000000216e+00 5.590511000000000091e-02
2.824529000000000067e+00 5.702134999999999843e-02
2.829568000000000083e+00 5.814286999999999928e-02
2.834630000000000205e+00 5.927315999999999835e-02
2.839646999999999810e+00 6.040053000000000089e-02
2.844345999999999819e+00 6.146232000000000084e-02
2.849388999999999950e+00 6.260490999999999973e-02
2.854407000000000139e+00 6.374401999999999846e-02
2.859446999999999850e+00 6.489654999999999729e-02
2.864479999999999915e+00 6.605083999999999955e-02
2.869502999999999915e+00 6.720687000000000189e-02
2.874547000000000185e+00 6.837282999999999555e-02
2.879544000000000104e+00 6.953418000000000099e-02
2.884573000000000054e+00 7.071130999999999944e-02
2.889612000000000069e+00 7.189075000000000326e-02
2.894649999999999945e+00 7.307549000000000683e-02
2.899328000000000127e+00 7.418821999999999917e-02
2.905041999999999902e+00 7.553743000000000263e-02
2.910064000000000206e+00 7.673910999999999927e-02
2.915109999999999868e+00 7.795077999999999729e-02
2.920148000000000188e+00 7.917003000000000235e-02
2.924840999999999802e+00 8.030972000000000111e-02
2.929876000000000147e+00 8.153246999999999578e-02
2.934912999999999883e+00 8.276638999999999524e-02
2.939941999999999833e+00 8.400378000000000012e-02
2.944957000000000047e+00 8.524642999999999804e-02
2.949997000000000202e+00 8.649442000000000241e-02
2.955020000000000202e+00 8.774529999999999830e-02
2.960074999999999790e+00 8.900961000000000289e-02
2.965053999999999856e+00 9.026394000000000084e-02
2.970094000000000012e+00 9.153767000000000154e-02
2.975118000000000151e+00 9.281259000000000037e-02
2.979827999999999921e+00 9.401777000000000051e-02
2.984847999999999946e+00 9.530199999999999783e-02
2.989876000000000200e+00 9.659505000000000174e-02
2.994920000000000027e+00 9.790152000000000576e-02
2.999954999999999927e+00 9.920508000000000104e-02
