1.000110000000000054e+00 -2.942942000000000122e-05
1.005128999999999939e+00 -3.411219000000000111e-05
1.009795999999999916e+00 -3.235614999999999683e-05
1.014831999999999956e+00 -3.177076000000000140e-05
1.019864000000000104e+00 -3.352683000000000101e-05
1.024915000000000020e+00 -3.177085000000000092e-05
1.029932999999999987e+00 -3.528285999999999781e-05
1.034969000000000028e+00 -3.528288999999999991e-05
1.040005999999999986e+00 -3.411219000000000111e-05
1.045044000000000084e+00 -3.352676999999999681e-05
1.050084000000000017e+00 -3.352688999999999843e-05
1.055087000000000108e+00 -3.352686000000000311e-05
1.059789000000000092e+00 -3.177088000000000302e-05
1.064816999999999902e+00 -3.235614999999999683e-05
1.069860000000000033e+00 -3.411222000000000321e-05
1.074804000000000093e+00 -3.469758999999999723e-05
1.079893999999999910e+00 -3.528292000000000201e-05
1.084929000000000032e+00 -3.411248000000000107e-05
1.089971999999999941e+00 -3.294158000000000183e-05
1.094980999999999982e+00 -3.469756000000000191e-05
1.100360999999999922e+00 -3.118544999999999802e-05
1.105347000000000079e+00 -3.528303999999999685e-05
1.110422000000000020e+00 -3.177085000000000092e-05
1.115477999999999970e+00 -3.528285999999999781e-05
1.120527000000000051e+00 -3.528292000000000201e-05
1.125553000000000026e+00 -3.820972000000000252e-05
1.130565999999999960e+00 -3.235610000000000011e-05
1.135617000000000099e+00 -3.352688999999999843e-05
1.140293000000000001e+00 -3.411228000000000063e-05
1.145335999999999910e+00 -3.411242999999999757e-05
1.150360999999999967e+00 -3.528323999999999729e-05
1.155481999999999898e+00 -3.177096000000000184e-05
1.160406000000000049e+00 -3.352705999999999677e-05
1.165440999999999949e+00 -3.118571000000000266e-05
1.170458999999999916e+00 -3.352683000000000101e-05
1.175502999999999965e+00 -3.411228000000000063e-05
1.180533999999999972e+00 -3.294146000000000021e-05
1.185550000000000104e+00 -3.586831999999999813e-05
1.190579999999999972e+00 -3.294160999999999715e-05
1.195287999999999906e+00 -3.528288999999999991e-05
1.200331000000000037e+00 -3.528313000000000315e-05
1.205405000000000060e+00 -3.352696999999999725e-05
1.210445999999999911e+00 -3.177067000000000188e-05
1.215460999999999903e+00 -3.235610000000000011e-05
1.220517999999999992e+00 -3.118536999999999920e-05
1.225527999999999951e+00 -3.235624000000000312e-05
1.230566999999999966e+00 -3.352686000000000311e-05
1.235595999999999917e+00 -3.294142999999999811e-05
1.240656999999999899e+00 -3.352686000000000311e-05
1.245303000000000049e+00 -3.294158000000000183e-05
1.250342000000000064e+00 -3.294140000000000279e-05
1.255365000000000064e+00 -3.235621000000000102e-05
1.260415000000000063e+00 -3.469758999999999723e-05
1.265465000000000062e+00 -3.352683000000000101e-05
1.270461999999999980e+00 -3.294146000000000021e-05
1.275509000000000004e+00 -3.352686000000000311e-05
1.280534000000000061e+00 -3.352686000000000311e-05
1.285576999999999970e+00 -3.235626999999999845e-05
1.290629000000000026e+00 -3.177098999999999717e-05
1.295660999999999952e+00 -3.001481000000000003e-05
1.301028000000000073e+00 -3.352696999999999725e-05
1.306073999999999957e+00 -3.177085000000000092e-05
1.311090000000000089e+00 -3.411231000000000273e-05
1.316132000000000080e+00 -3.177088000000000302e-05
1.321215999999999946e+00 -3.001494999999999966e-05
1.325830999999999982e+00 -3.235614999999999683e-05
1.330853000000000064e+00 -3.352699999999999935e-05
1.335890000000000022e+00 -3.177085000000000092e-05
1.340921999999999947e+00 -3.294158000000000183e-05
1.345939999999999914e+00 -3.177123000000000040e-05
1.351007000000000069e+00 -3.177096000000000184e-05
1.356012999999999913e+00 -3.177085000000000092e-05
1.361059000000000019e+00 -3.235624000000000312e-05
1.366085999999999911e+00 -3.177092999999999974e-05
1.371112000000000108e+00 -3.060019999999999884e-05
1.376155000000000017e+00 -3.235624000000000312e-05
1.380840000000000067e+00 -3.235621000000000102e-05
1.385877000000000026e+00 -3.235653000000000308e-05
1.390913000000000066e+00 -3.294163999999999925e-05
1.395928000000000058e+00 -3.235626999999999845e-05
1.400967000000000073e+00 -3.177085000000000092e-05
1.405991999999999909e+00 -3.060015000000000212e-05
1.411041999999999907e+00 -3.001489999999999955e-05
1.416050999999999949e+00 -3.001493000000000165e-05
1.421030999999999933e+00 -3.118553999999999754e-05
1.426121999999999890e+00 -3.118562999999999706e-05
1.431167000000000078e+00 -3.177088000000000302e-05
1.435848000000000013e+00 -3.060019999999999884e-05
1.440849999999999964e+00 -3.235626999999999845e-05
1.445875999999999939e+00 -3.060019999999999884e-05
1.450922999999999963e+00 -3.118553999999999754e-05
1.455962999999999896e+00 -3.352690999999999983e-05
1.461019000000000068e+00 -3.118562999999999706e-05
1.466058000000000083e+00 -3.586846000000000115e-05
1.471084000000000058e+00 -3.352696999999999725e-05
1.476126999999999967e+00 -3.177092999999999974e-05
1.481147999999999909e+00 -3.235613000000000220e-05
1.485842000000000107e+00 -3.001494999999999966e-05
1.490874000000000033e+00 -3.352696999999999725e-05
1.495907000000000098e+00 -3.235644999999999749e-05
1.501582999999999890e+00 -3.352696999999999725e-05
1.506615999999999955e+00 -3.177092999999999974e-05
1.511317000000000021e+00 -3.001481000000000003e-05
1.516340000000000021e+00 -3.177110999999999878e-05
1.521390999999999938e+00 -2.767338000000000033e-05
1.526469999999999994e+00 -3.001478000000000132e-05
1.531441000000000052e+00 -3.177088000000000302e-05
1.536470999999999920e+00 -3.060026000000000304e-05
1.541504999999999903e+00 -3.235624000000000312e-05
1.546543999999999919e+00 -3.001483999999999874e-05
1.551587999999999967e+00 -3.177088000000000302e-05
1.556605000000000016e+00 -3.352703000000000145e-05
1.561649999999999983e+00 -3.235626999999999845e-05
1.566333999999999893e+00 -3.177088000000000302e-05
1.571368000000000098e+00 -3.118553999999999754e-05
1.576418000000000097e+00 -3.235630000000000054e-05
1.581441000000000097e+00 -3.060026000000000304e-05
1.586484000000000005e+00 -3.001494999999999966e-05
1.591482999999999981e+00 -3.001494999999999966e-05
1.596518000000000104e+00 -3.060023000000000094e-05
1.601475999999999900e+00 -3.177123000000000040e-05
1.606584999999999930e+00 -3.177107999999999668e-05
1.611607000000000012e+00 -3.235626999999999845e-05
1.616630999999999929e+00 -3.235621000000000102e-05
1.621336000000000110e+00 -3.177085000000000092e-05
1.626379000000000019e+00 -3.352696999999999725e-05
1.631434999999999969e+00 -3.411244999999999897e-05
1.636455999999999911e+00 -3.060040999999999998e-05
1.641502000000000017e+00 -3.060026000000000304e-05
1.646541999999999950e+00 -2.942962000000000166e-05
1.651594000000000007e+00 -2.825885999999999866e-05
1.656601999999999908e+00 -3.060015000000000212e-05
1.661631000000000080e+00 -2.884434000000000038e-05
1.666663999999999923e+00 -3.060026000000000304e-05
1.671353000000000089e+00 -3.352690999999999983e-05
1.676350999999999924e+00 -3.235630000000000054e-05
1.681313999999999975e+00 -3.118569000000000126e-05
1.686428000000000038e+00 -3.118577000000000008e-05
1.691454000000000013e+00 -3.001497999999999837e-05
1.696449000000000096e+00 -2.942950000000000004e-05
1.701851999999999920e+00 -3.294163999999999925e-05
1.706882000000000010e+00 -2.708818999999999856e-05
1.711912000000000100e+00 -3.177114000000000088e-05
1.716914999999999969e+00 -3.352696999999999725e-05
1.721978000000000009e+00 -3.294169000000000274e-05
1.727017000000000024e+00 -3.001493000000000165e-05
1.732045999999999975e+00 -3.235642000000000216e-05
1.737090000000000023e+00 -3.060026000000000304e-05
1.742091000000000056e+00 -3.060023000000000094e-05
1.747152000000000038e+00 -2.942952999999999875e-05
1.751829999999999998e+00 -3.294163999999999925e-05
1.756874999999999964e+00 -3.118551000000000222e-05
1.761878000000000055e+00 -3.060026000000000304e-05
1.766904000000000030e+00 -3.177092999999999974e-05
1.771938000000000013e+00 -2.942962000000000166e-05
1.776968000000000103e+00 -3.118556999999999964e-05
1.782002000000000086e+00 -3.411228000000000063e-05
1.787023999999999946e+00 -2.942956000000000085e-05
1.792073000000000027e+00 -3.177085000000000092e-05
1.797101000000000059e+00 -3.177081999999999883e-05
1.802186999999999983e+00 -2.942956000000000085e-05
1.806861999999999968e+00 -3.118562999999999706e-05
1.811903999999999959e+00 -3.060019999999999884e-05
1.817002000000000006e+00 -3.060040999999999998e-05
1.821954999999999991e+00 -2.884421999999999876e-05
1.826966000000000090e+00 -2.942965000000000037e-05
1.832005000000000106e+00 -3.060026000000000304e-05
1.837042000000000064e+00 -3.177101999999999926e-05
1.842079999999999940e+00 -2.884425000000000086e-05
1.847078999999999915e+00 -2.767354999999999867e-05
1.852103000000000055e+00 -3.118553999999999754e-05
1.857143999999999906e+00 -2.942950000000000004e-05
1.861839999999999939e+00 -2.942967999999999908e-05
1.866867000000000054e+00 -2.825920999999999942e-05
1.871982000000000035e+00 -2.708833000000000158e-05
1.876948999999999979e+00 -2.884420000000000075e-05
1.881972999999999896e+00 -2.884420000000000075e-05
1.887008999999999936e+00 -2.884416999999999865e-05
1.892096000000000000e+00 -3.352703000000000145e-05
1.897115000000000107e+00 -2.942967999999999908e-05
1.902514999999999956e+00 -3.060019999999999884e-05
1.907529999999999948e+00 -2.825876999999999914e-05
1.912555000000000005e+00 -2.650276000000000034e-05
1.917589999999999906e+00 -2.942979000000000000e-05
1.922625999999999946e+00 -2.650302000000000159e-05
1.927658000000000094e+00 -2.591753999999999987e-05
1.932668000000000053e+00 -2.708813000000000114e-05
1.937362999999999946e+00 -2.825889000000000076e-05
1.942390000000000061e+00 -2.708815999999999985e-05
1.947427000000000019e+00 -2.942976000000000129e-05
1.952452999999999994e+00 -2.650297000000000148e-05
1.957465999999999928e+00 -3.118565999999999916e-05
1.962531000000000025e+00 -2.767351999999999995e-05
1.967543999999999960e+00 -2.942952999999999875e-05
1.972509000000000068e+00 -2.825891999999999947e-05
1.977651000000000048e+00 -2.942965000000000037e-05
1.982696999999999932e+00 -2.767369999999999899e-05
1.987702000000000080e+00 -3.177127999999999712e-05
1.992432999999999899e+00 -2.825903000000000038e-05
1.997400999999999982e+00 -2.767373000000000109e-05
2.002469000000000054e+00 -2.825889000000000076e-05
2.007512999999999881e+00 -2.767369999999999899e-05
2.012541999999999831e+00 -2.884425000000000086e-05
2.017542000000000169e+00 -3.001497999999999837e-05
2.022577000000000069e+00 -2.884420000000000075e-05
2.027559999999999807e+00 -3.060040999999999998e-05
2.032633000000000134e+00 -2.708818999999999856e-05
2.037679999999999936e+00 -2.708822000000000066e-05
2.042688000000000059e+00 -2.767369999999999899e-05
2.047391000000000183e+00 -2.884421999999999876e-05
2.052391000000000076e+00 -2.474707000000000022e-05
2.057465999999999795e+00 -2.357633999999999931e-05
2.062501999999999835e+00 -2.533238000000000021e-05
2.067530999999999786e+00 -2.533235000000000150e-05
2.072553000000000090e+00 -2.650297000000000148e-05
2.077653000000000194e+00 -2.650316999999999853e-05
2.082618000000000080e+00 -2.533217999999999977e-05
2.087648000000000170e+00 -2.591753999999999987e-05
2.092675999999999981e+00 -2.533211999999999896e-05
2.097385000000000055e+00 -2.416150999999999968e-05
2.103085999999999789e+00 -2.240546999999999878e-05
2.108099000000000167e+00 -2.240546999999999878e-05
2.113131999999999788e+00 -2.357619999999999969e-05
2.118158999999999903e+00 -2.123479000000000138e-05
2.123196000000000083e+00 -2.474693000000000059e-05
2.127885000000000026e+00 -2.299091999999999840e-05
2.132913999999999977e+00 -1.830816999999999991e-05
2.137936999999999976e+00 -2.006437999999999915e-05
2.142993000000000148e+00 -1.830814000000000120e-05
2.148033999999999999e+00 -1.830823000000000072e-05
2.153067000000000064e+00 -1.655216000000000112e-05
2.158084999999999809e+00 -1.772283999999999852e-05
2.163139999999999841e+00 -1.713762000000000144e-05
2.168146999999999824e+00 -1.655234000000000016e-05
2.173188999999999815e+00 -1.362548000000000054e-05
2.177896000000000054e+00 -1.362548000000000054e-05
2.182933999999999930e+00 -1.245483999999999915e-05
2.187987000000000126e+00 -1.069874000000000084e-05
2.192957999999999963e+00 -1.186936000000000082e-05
2.198001000000000094e+00 -9.528157999999999788e-06
2.203017000000000003e+00 -6.601447000000000257e-06
2.208060000000000134e+00 -2.504005999999999824e-06
2.213077000000000183e+00 -3.089284000000000202e-06
2.218116999999999894e+00 2.178741999999999883e-06
2.223145000000000149e+00 2.764049000000000004e-06
2.228183000000000025e+00 2.763903000000000209e-06
2.232868999999999993e+00 9.202806000000000807e-06
2.237924000000000024e+00 1.037329999999999943e-05
2.242954000000000114e+00 1.622684000000000133e-05
2.247987999999999875e+00 1.739745000000000061e-05
2.253010999999999875e+00 2.032398999999999987e-05
2.258048000000000055e+00 2.968978000000000020e-05
2.263084999999999791e+00 3.086033000000000206e-05
2.268107000000000095e+00 3.671366999999999843e-05
2.273159999999999847e+00 4.666450000000000020e-05
2.278144000000000169e+00 4.724978000000000148e-05
2.283186000000000160e+00 5.895665000000000074e-05
2.287882999999999889e+00 6.598032999999999784e-05
2.292914000000000119e+00 7.768717000000000179e-05
2.297935999999999979e+00 8.880844999999999842e-05
2.303640999999999828e+00 1.022715000000000050e-04
2.308669000000000082e+00 1.139785000000000066e-04
2.313375000000000181e+00 1.233437000000000097e-04
2.318439999999999834e+00 1.450014999999999974e-04
2.323469999999999924e+00 1.608055999999999906e-04
2.328500000000000014e+00 1.842191999999999929e-04
2.333543999999999841e+00 2.064621999999999898e-04
2.338581000000000021e+00 2.292905000000000030e-04
2.343592000000000120e+00 2.591426999999999880e-04
2.348625000000000185e+00 2.860683999999999731e-04
2.353667000000000176e+00 3.229446999999999982e-04
2.358703999999999912e+00 3.592358000000000140e-04
2.363356000000000012e+00 3.978680999999999863e-04
2.368399999999999839e+00 4.476222000000000187e-04
2.373426999999999953e+00 4.967905000000000541e-04
2.378462999999999994e+00 5.576657999999999962e-04
2.383472999999999953e+00 6.197118999999999848e-04
2.388517999999999919e+00 6.887815999999999514e-04
2.393546000000000173e+00 7.683879999999999487e-04
2.398591999999999835e+00 8.544330000000000371e-04
2.403615999999999975e+00 9.492577999999999563e-04
2.408649000000000040e+00 1.054618000000000005e-03
2.413682999999999801e+00 1.169930999999999922e-03
2.418366999999999933e+00 1.285242000000000025e-03
2.423420000000000130e+00 1.426895000000000073e-03
2.428418999999999883e+00 1.574400000000000105e-03
2.433462000000000014e+00 1.739466000000000059e-03
2.438486000000000153e+00 1.916825000000000039e-03
2.443544000000000160e+00 2.109400999999999898e-03
2.448533999999999988e+00 2.314268999999999875e-03
2.453570000000000029e+00 2.546065000000000134e-03
2.458596000000000004e+00 2.785468000000000145e-03
2.463640999999999970e+00 3.043016999999999857e-03
2.468649000000000093e+00 3.319297000000000133e-03
2.473348000000000102e+00 3.596747999999999872e-03
2.478394000000000208e+00 3.911076999999999783e-03
2.483426999999999829e+00 4.241792999999999779e-03
2.488466999999999985e+00 4.593581999999999700e-03
2.493517000000000206e+00 4.964101999999999751e-03
2.498562000000000172e+00 5.359204999999999698e-03
2.503925000000000178e+00 5.795869000000000368e-03
2.508950000000000014e+00 6.220821999999999984e-03
2.513965999999999923e+00 6.672705000000000129e-03
2.518997999999999848e+00 7.143316000000000249e-03
2.524033999999999889e+00 7.629733999999999995e-03
2.529071000000000069e+00 8.139567999999999803e-03
2.534072999999999798e+00 8.659349000000000213e-03
2.539102999999999888e+00 9.201957999999999666e-03
2.544143000000000043e+00 9.765644999999999881e-03
2.549173999999999829e+00 1.034336999999999930e-02
2.553866000000000192e+00 1.089943999999999982e-02
2.558907000000000043e+00 1.151345999999999967e-02
2.563941999999999943e+00 1.214386999999999932e-02
2.568972000000000033e+00 1.278775000000000051e-02
2.574011000000000049e+00 1.344682999999999989e-02
2.579004999999999992e+00 1.411764000000000074e-02
2.584042000000000172e+00 1.481185999999999961e-02
2.589067000000000007e+00 1.551660000000000018e-02
2.594104999999999883e+00 1.624008000000000049e-02
2.599127999999999883e+00 1.697175000000000072e-02
2.603829000000000171e+00 1.766948000000000130e-02
2.608858999999999817e+00 1.843159000000000117e-02
2.613907000000000203e+00 1.920656999999999920e-02
2.618904000000000121e+00 1.999035000000000048e-02
2.623937000000000186e+00 2.078757999999999995e-02
2.628970999999999947e+00 2.160296000000000091e-02
2.634012999999999938e+00 2.242769999999999833e-02
2.639050000000000118e+00 2.326297999999999908e-02
2.644057999999999797e+00 2.410821000000000144e-02
2.649094999999999978e+00 2.496632000000000018e-02
2.654128000000000043e+00 2.583670999999999884e-02
2.658837999999999813e+00 2.665560000000000151e-02
2.663892000000000149e+00 2.755176000000000153e-02
2.668934999999999835e+00 2.845202000000000148e-02
2.673951000000000189e+00 2.936280999999999961e-02
2.678990999999999900e+00 3.028470999999999941e-02
2.684009000000000089e+00 3.121014000000000080e-02
2.689039999999999875e+00 3.215135999999999689e-02
2.694068999999999825e+00 3.310020999999999797e-02
2.699107999999999841e+00 3.406191000000000080e-02
2.704455999999999971e+00 3.508742000000000111e-02
2.709480000000000111e+00 3.606258999999999854e-02
2.714526000000000217e+00 3.704889000000000099e-02
2.719555000000000167e+00 3.804162999999999989e-02
2.724598999999999993e+00 3.904314999999999869e-02
2.729598999999999887e+00 4.004699999999999926e-02
2.734649999999999803e+00 4.106491000000000308e-02
2.739335000000000075e+00 4.202427999999999719e-02
2.744374000000000091e+00 4.305620999999999754e-02
2.749410000000000132e+00 4.409224999999999950e-02
2.754440999999999917e+00 4.513828000000000285e-02
2.759466999999999892e+00 4.619071999999999761e-02
2.764508000000000187e+00 4.725195000000000090e-02
2.769534999999999858e+00 4.831550999999999901e-02
2.774557999999999858e+00 4.938433999999999879e-02
2.779599000000000153e+00 5.046487999999999668e-02
2.784632000000000218e+00 5.155008999999999980e-02
2.789349000000000078e+00 5.257267999999999664e-02
2.794331000000000120e+00 5.365790000000000143e-02
2.799364000000000186e+00 5.476067999999999908e-02
2.804393000000000136e+00 5.586872999999999839e-02
2.809425000000000061e+00 5.698438000000000114e-02
2.814440999999999971e+00 5.810470999999999692e-02
2.819481999999999822e+00 5.923148999999999775e-02
2.824520000000000142e+00 6.036409999999999693e-02
2.829568999999999779e+00 6.150433999999999762e-02
2.834617999999999860e+00 6.265571000000000335e-02
2.839646000000000114e+00 6.380476999999999677e-02
2.844341000000000008e+00 6.488354999999999817e-02
2.849380000000000024e+00 6.604662000000000033e-02
2.854398999999999909e+00 6.721024999999999916e-02
2.859449999999999825e+00 6.838737000000000288e-02
2.864472999999999825e+00 6.956333000000000655e-02
2.869498000000000104e+00 7.074922000000000155e-02
2.874538999999999955e+00 7.194214000000000164e-02
2.879539999999999988e+00 7.312979000000000007e-02
2.884568999999999939e+00 7.433262000000000203e-02
2.889606999999999815e+00 7.554197999999999469e-02
2.894638000000000044e+00 7.675890000000000490e-02
2.899319999999999897e+00 7.789854999999999696e-02
2.905031000000000141e+00 7.928287000000000528e-02
2.910057000000000116e+00 8.051795999999999953e-02
2.915099999999999802e+00 8.176295000000000091e-02
2.920150000000000023e+00 8.301324000000000203e-02
2.924835999999999991e+00 8.418452999999999353e-02
2.929873999999999867e+00 8.544358000000000508e-02
2.934898000000000007e+00 8.670381000000000615e-02
2.939941000000000138e+00 8.797165999999999320e-02
2.944962999999999997e+00 8.924593999999999583e-02
2.950010999999999939e+00 9.052140000000000186e-02
2.955023000000000177e+00 9.180386000000000102e-02
2.960072999999999954e+00 9.309863000000000166e-02
2.965054999999999996e+00 9.438051000000000079e-02
2.970101000000000102e+00 9.568116000000000121e-02
2.975118999999999847e+00 9.698819999999999664e-02
2.979843999999999937e+00 9.822153000000000134e-02
2.984844999999999970e+00 9.952676000000000578e-02
2.989876999999999896e+00 1.008460999999999941e-01
2.994915000000000216e+00 1.021713000000000066e-01
2.999950000000000117e+00 1.035000999999999977e-01
