-2.142240000000000008e-04 -2.530986000000000029e-05
7.520833999999999679e-03 -2.648064000000000131e-05
1.490545000000000064e-02 -2.765136999999999882e-05
2.226337999999999928e-02 -2.765140000000000092e-05
3.000192000000000137e-02 -2.530988000000000169e-05
3.737725000000000075e-02 -2.589530999999999992e-05
4.506125999999999882e-02 -2.530979999999999949e-05
5.244238999999999845e-02 -2.648060999999999921e-05
5.983977000000000046e-02 -2.589522000000000040e-05
6.753766999999999410e-02 -2.882222000000000134e-05
7.490839000000000525e-02 -2.706595000000000130e-05
8.229764999999999997e-02 -2.530986000000000029e-05
9.004312999999999900e-02 -2.765136999999999882e-05
9.740456999999999588e-02 -2.589519000000000169e-05
1.055085999999999941e-01 -2.765136999999999882e-05
1.128525999999999974e-01 -2.648073000000000083e-05
1.205702000000000024e-01 -2.589533999999999863e-05
1.279270000000000129e-01 -2.940749999999999923e-05
1.353360000000000118e-01 -2.648055999999999910e-05
1.430176999999999976e-01 -2.648060999999999921e-05
1.503896000000000122e-01 -2.589522000000000040e-05
1.577787999999999968e-01 -2.706606999999999953e-05
1.654905999999999877e-01 -2.589533999999999863e-05
1.728879000000000110e-01 -2.823696999999999877e-05
1.802981999999999918e-01 -2.648060999999999921e-05
1.879949999999999954e-01 -2.530983000000000158e-05
1.953644999999999965e-01 -2.648067000000000002e-05
2.030797000000000019e-01 -2.648079000000000164e-05
2.104689999999999894e-01 -2.823694000000000006e-05
2.177898000000000056e-01 -2.589533999999999863e-05
2.255272000000000110e-01 -2.706610000000000163e-05
2.329304000000000097e-01 -2.648067000000000002e-05
2.402906999999999960e-01 -2.589522000000000040e-05
2.480107000000000006e-01 -2.530986000000000029e-05
2.553974999999999995e-01 -2.648075999999999954e-05
2.628146000000000093e-01 -2.823694000000000006e-05
2.705195000000000238e-01 -2.589539999999999944e-05
2.778982999999999870e-01 -2.940756000000000004e-05
2.856287000000000131e-01 -2.765151999999999915e-05
2.929994000000000209e-01 -2.648073000000000083e-05
3.010361999999999760e-01 -2.589524999999999911e-05
3.084196000000000160e-01 -2.765151999999999915e-05
3.157880000000000131e-01 -2.706606999999999953e-05
3.234858999999999929e-01 -2.589537000000000072e-05
3.308890999999999916e-01 -2.706606999999999953e-05
3.386031999999999931e-01 -2.648075999999999954e-05
3.459494000000000180e-01 -2.765166999999999948e-05
3.533630999999999855e-01 -2.765155000000000125e-05
3.610749999999999793e-01 -2.531006000000000073e-05
3.684411000000000214e-01 -2.589533999999999863e-05
3.758245000000000058e-01 -2.589539999999999944e-05
3.835480000000000000e-01 -2.648075999999999954e-05
3.908929999999999905e-01 -2.706626999999999997e-05
3.982812000000000019e-01 -2.589542000000000083e-05
4.060105999999999993e-01 -2.648067000000000002e-05
4.133614999999999928e-01 -2.765149000000000044e-05
4.207519000000000120e-01 -2.413921000000000160e-05
4.285089000000000259e-01 -2.648075999999999954e-05
4.358797999999999839e-01 -2.589530999999999992e-05
4.436054999999999859e-01 -2.530999999999999992e-05
4.509715000000000251e-01 -2.413921000000000160e-05
4.583572000000000202e-01 -2.531008999999999944e-05
4.660655000000000214e-01 -2.648082000000000035e-05
4.734037999999999857e-01 -2.472468999999999993e-05
4.808162999999999743e-01 -2.530999999999999992e-05
4.885234999999999994e-01 -2.706613000000000034e-05
4.958917999999999937e-01 -2.940767000000000096e-05
5.039436000000000471e-01 -2.531006000000000073e-05
5.113434000000000035e-01 -2.706613000000000034e-05
5.190934999999999855e-01 -2.706610000000000163e-05
5.264921000000000184e-01 -2.413926999999999902e-05
5.338857999999999659e-01 -2.531006000000000073e-05
5.415803000000000145e-01 -2.472468999999999993e-05
5.489349000000000034e-01 -2.472457999999999901e-05
5.563506000000000284e-01 -2.531008999999999944e-05
5.640462000000000531e-01 -2.589548000000000164e-05
5.714181999999999872e-01 -2.765151999999999915e-05
5.791252999999999540e-01 -2.589544999999999954e-05
5.865179999999999838e-01 -2.472468999999999993e-05
5.938875999999999600e-01 -2.589544999999999954e-05
6.016538999999999637e-01 -2.589548000000000164e-05
6.090373999999999510e-01 -2.589544999999999954e-05
6.164218999999999671e-01 -2.472477999999999945e-05
6.241141000000000050e-01 -2.765160999999999867e-05
6.315197999999999645e-01 -2.765149000000000044e-05
6.388939000000000146e-01 -2.706613000000000034e-05
6.465756000000000281e-01 -2.413926999999999902e-05
6.539587999999999512e-01 -2.648093999999999858e-05
6.613504000000000049e-01 -2.648093999999999858e-05
6.690517000000000269e-01 -2.589557000000000116e-05
6.764075999999999977e-01 -2.531006000000000073e-05
6.841623999999999484e-01 -2.531002999999999863e-05
6.915305000000000479e-01 -2.355408000000000065e-05
6.989163000000000459e-01 -2.531020000000000036e-05
7.069763999999999493e-01 -2.531008999999999944e-05
7.143640999999999464e-01 -2.589572000000000149e-05
7.220564999999999900e-01 -2.589551000000000035e-05
7.294157000000000002e-01 -2.765157999999999996e-05
7.371356000000000019e-01 -2.472475000000000074e-05
7.445222999999999702e-01 -2.648098999999999869e-05
7.518837000000000437e-01 -2.472486999999999897e-05
7.596224999999999783e-01 -2.706624000000000126e-05
7.669850999999999752e-01 -2.355395999999999903e-05
7.743929000000000507e-01 -2.296859999999999893e-05
7.821291999999999689e-01 -2.589539999999999944e-05
7.895005000000000495e-01 -2.648108000000000159e-05
7.968526999999999694e-01 -2.413953000000000027e-05
8.045856000000000119e-01 -2.472484000000000026e-05
8.119739000000000262e-01 -2.648088000000000115e-05
8.193234000000000350e-01 -2.765175000000000169e-05
8.270389000000000213e-01 -2.706626999999999997e-05
8.344260000000000010e-01 -2.589542000000000083e-05
8.421376000000000417e-01 -2.179797999999999895e-05
8.494928000000000479e-01 -2.589573999999999950e-05
8.568974999999999786e-01 -2.648095999999999997e-05
8.646219000000000543e-01 -2.472490000000000107e-05
8.719974000000000336e-01 -2.706635999999999949e-05
8.793471999999999955e-01 -2.589559999999999987e-05
8.870917000000000385e-01 -2.472477999999999945e-05
8.944710000000000161e-01 -2.472510000000000151e-05
9.024919000000000135e-01 -2.706639000000000158e-05
9.098838000000000203e-01 -2.472475000000000074e-05
9.176033000000000106e-01 -2.589572000000000149e-05
9.249406999999999490e-01 -2.472477999999999945e-05
9.323833999999999733e-01 -2.706626999999999997e-05
9.400754999999999528e-01 -2.589551000000000035e-05
9.474909000000000248e-01 -2.472504000000000070e-05
9.548634000000000288e-01 -2.648088000000000115e-05
9.626065000000000316e-01 -2.648088000000000115e-05
9.699524000000000479e-01 -2.706639000000000158e-05
9.776723000000000496e-01 -2.648108000000000159e-05
9.850775999999999977e-01 -2.589577000000000160e-05
9.924150000000000471e-01 -2.706639000000000158e-05
1.000143000000000004e+00 -2.472500999999999860e-05
1.007535999999999987e+00 -2.589573999999999950e-05
1.014880999999999922e+00 -2.355424999999999899e-05
1.022596000000000060e+00 -2.531046999999999892e-05
1.029978000000000060e+00 -2.472500999999999860e-05
1.037363000000000035e+00 -2.589559999999999987e-05
1.045101999999999975e+00 -2.648090999999999987e-05
1.052446999999999910e+00 -2.706639000000000158e-05
1.059835000000000083e+00 -2.472484000000000026e-05
1.067552000000000056e+00 -2.765171999999999959e-05
1.074902999999999942e+00 -2.472495999999999849e-05
1.082634000000000096e+00 -2.648093999999999858e-05
1.090036000000000005e+00 -2.413946999999999946e-05
1.097355999999999998e+00 -2.706635999999999949e-05
1.105425000000000102e+00 -2.413944000000000075e-05
1.112818000000000085e+00 -2.472490000000000107e-05
1.120560000000000000e+00 -2.472484000000000026e-05
1.127911000000000108e+00 -2.472504000000000070e-05
1.135686999999999891e+00 -2.531044000000000021e-05
1.143024000000000040e+00 -2.706648000000000110e-05
1.150404999999999900e+00 -2.589559999999999987e-05
1.158112999999999948e+00 -2.472484000000000026e-05
1.165488000000000079e+00 -2.413968000000000060e-05
1.172847999999999891e+00 -2.413953000000000027e-05
1.180566000000000004e+00 -2.355424999999999899e-05
1.187948000000000004e+00 -2.413964999999999850e-05
1.195327000000000028e+00 -2.472495999999999849e-05
1.203094000000000108e+00 -2.472495999999999849e-05
1.210503000000000107e+00 -2.472521999999999974e-05
1.218205999999999900e+00 -2.238341000000000056e-05
1.225578000000000056e+00 -2.648104999999999949e-05
1.232968999999999982e+00 -2.531035000000000069e-05
1.240679000000000087e+00 -2.531028999999999988e-05
1.248035000000000005e+00 -2.355417000000000017e-05
1.255397000000000096e+00 -2.472497999999999989e-05
1.263138000000000094e+00 -2.531037999999999940e-05
1.270520000000000094e+00 -2.706648000000000110e-05
1.277884999999999938e+00 -2.355428000000000109e-05
1.285617999999999927e+00 -2.472486999999999897e-05
1.293034000000000017e+00 -2.648102000000000078e-05
1.301063000000000081e+00 -2.589562999999999858e-05
1.308449999999999891e+00 -2.472497999999999989e-05
1.316184000000000021e+00 -2.413968000000000060e-05
1.323544000000000054e+00 -2.765193000000000073e-05
1.330896000000000079e+00 -2.472500999999999860e-05
1.338632000000000044e+00 -2.472495999999999849e-05
1.346009000000000011e+00 -2.589557000000000116e-05
1.353372999999999937e+00 -2.413968000000000060e-05
1.361099999999999977e+00 -2.472504000000000070e-05
1.368484000000000034e+00 -2.472495999999999849e-05
1.376179999999999959e+00 -2.472495999999999849e-05
1.383607999999999949e+00 -2.531026000000000117e-05
1.390970000000000040e+00 -2.355422000000000028e-05
1.398663999999999907e+00 -2.648117000000000111e-05
1.406047999999999965e+00 -2.238341000000000056e-05
1.413475000000000037e+00 -2.531055000000000113e-05
1.421140999999999988e+00 -2.296886000000000018e-05
1.428514999999999979e+00 -2.472497999999999989e-05
1.435909000000000102e+00 -2.413979000000000152e-05
1.443594000000000044e+00 -2.238348999999999938e-05
1.450979999999999936e+00 -2.355424999999999899e-05
1.458380000000000010e+00 -2.706653000000000121e-05
1.466110000000000024e+00 -2.472539000000000147e-05
1.473494999999999999e+00 -2.472528000000000055e-05
1.481192000000000064e+00 -2.355428000000000109e-05
1.488582999999999990e+00 -2.413968000000000060e-05
1.495983000000000063e+00 -2.355424999999999899e-05
1.503981000000000012e+00 -2.472504000000000070e-05
1.511373999999999995e+00 -2.589577000000000160e-05
1.519092000000000109e+00 -2.355414000000000146e-05
1.526456999999999953e+00 -2.296894999999999970e-05
1.534176999999999902e+00 -2.355439999999999932e-05
1.541584999999999983e+00 -2.413970999999999931e-05
1.548942999999999959e+00 -2.589588999999999983e-05
1.556667000000000023e+00 -2.413982000000000023e-05
1.564048000000000105e+00 -2.589591999999999854e-05
1.571418999999999899e+00 -2.472510000000000151e-05
1.579109000000000096e+00 -2.238355000000000019e-05
1.586519999999999930e+00 -2.413974000000000141e-05
1.593877999999999906e+00 -2.472500999999999860e-05
1.601583999999999897e+00 -2.531046999999999892e-05
1.608958000000000110e+00 -2.296897999999999841e-05
1.616684000000000010e+00 -2.296902999999999852e-05
1.624073000000000100e+00 -2.296894999999999970e-05
1.631461999999999968e+00 -2.413964999999999850e-05
1.639200999999999908e+00 -2.413974000000000141e-05
1.646587999999999941e+00 -2.706671000000000025e-05
1.653947000000000056e+00 -2.355437000000000061e-05
1.661639000000000088e+00 -2.472521999999999974e-05
1.669032999999999989e+00 -2.589586000000000112e-05
1.676395999999999997e+00 -2.238363999999999971e-05
1.684121999999999897e+00 -2.296883000000000147e-05
1.691502999999999979e+00 -2.648122999999999853e-05
1.698876999999999970e+00 -2.179821999999999880e-05
1.706911000000000067e+00 -2.238363999999999971e-05
1.714650999999999925e+00 -2.472544999999999889e-05
1.722020000000000106e+00 -2.355457000000000105e-05
1.729413000000000089e+00 -2.355433999999999851e-05
1.737138000000000071e+00 -2.472510000000000151e-05
1.744515000000000038e+00 -2.296902999999999852e-05
1.751878000000000046e+00 -2.472533000000000066e-05
1.759563999999999906e+00 -2.472513000000000022e-05
1.766955000000000053e+00 -2.238355000000000019e-05
1.774667999999999912e+00 -2.413968000000000060e-05
1.782030000000000003e+00 -2.648119999999999982e-05
1.789396999999999904e+00 -2.472510000000000151e-05
1.797150999999999943e+00 -2.355437000000000061e-05
1.804548999999999959e+00 -2.296892000000000099e-05
1.811935999999999991e+00 -2.238361000000000099e-05
1.819649000000000072e+00 -2.472510000000000151e-05
1.827031999999999989e+00 -2.531064000000000065e-05
1.834389000000000047e+00 -2.531064000000000065e-05
1.842117999999999922e+00 -2.355452000000000094e-05
1.849472999999999923e+00 -2.531051999999999903e-05
1.857188000000000061e+00 -2.706677000000000106e-05
1.864575000000000093e+00 -2.413990999999999975e-05
1.871957000000000093e+00 -2.472528000000000055e-05
1.879647000000000068e+00 -2.472535999999999937e-05
1.887043999999999944e+00 -2.765207000000000035e-05
1.894481999999999999e+00 -2.531060999999999855e-05
1.902538999999999980e+00 -2.472524999999999845e-05
1.910231000000000012e+00 -2.531055000000000113e-05
1.917637999999999954e+00 -2.413979000000000152e-05
1.925016999999999978e+00 -2.472510000000000151e-05
1.932692999999999994e+00 -2.472515999999999893e-05
1.940077999999999969e+00 -2.472510000000000151e-05
1.947462999999999944e+00 -2.238366999999999842e-05
1.955186000000000091e+00 -2.413997000000000056e-05
1.962549000000000099e+00 -2.472521999999999974e-05
1.969945999999999975e+00 -2.413988000000000104e-05
1.977689999999999948e+00 -2.296902999999999852e-05
1.985068999999999972e+00 -2.589597999999999935e-05
1.992431000000000063e+00 -2.414003000000000137e-05
2.000169999999999781e+00 -2.472528000000000055e-05
2.007544000000000217e+00 -2.472528000000000055e-05
2.015268999999999977e+00 -2.413988000000000104e-05
2.022618000000000027e+00 -2.472521999999999974e-05
2.029992000000000019e+00 -2.472528000000000055e-05
2.037704000000000182e+00 -2.589609000000000027e-05
2.045090000000000074e+00 -2.531051999999999903e-05
2.052465000000000206e+00 -2.648133999999999945e-05
2.060191000000000106e+00 -2.589597999999999935e-05
2.067574000000000023e+00 -2.355448999999999884e-05
2.074981999999999882e+00 -2.296908999999999933e-05
2.082673000000000219e+00 -2.648133999999999945e-05
2.090041999999999955e+00 -2.355466000000000057e-05
2.097442000000000029e+00 -2.472535999999999937e-05
2.105452999999999797e+00 -2.531075999999999888e-05
2.113172000000000050e+00 -2.355459999999999976e-05
2.120531999999999861e+00 -2.121314000000000134e-05
2.127923000000000009e+00 -2.589604000000000016e-05
2.135644000000000098e+00 -2.355452000000000094e-05
2.143031000000000130e+00 -2.648151999999999849e-05
2.150433000000000039e+00 -2.765233999999999891e-05
2.158150000000000013e+00 -2.472528000000000055e-05
2.165516000000000219e+00 -2.589604000000000016e-05
2.173255000000000159e+00 -2.531066999999999936e-05
2.180629999999999846e+00 -2.648146000000000107e-05
2.188019999999999854e+00 -2.589615000000000108e-05
2.195692999999999895e+00 -2.413988000000000104e-05
2.203085999999999878e+00 -2.531060999999999855e-05
2.210443000000000158e+00 -2.472528000000000055e-05
2.218169000000000057e+00 -2.179845000000000133e-05
2.225556000000000090e+00 -2.296921000000000094e-05
2.232940000000000147e+00 -2.589609000000000027e-05
2.240660000000000096e+00 -2.238376000000000132e-05
2.248024000000000022e+00 -2.413993999999999846e-05
2.255743999999999971e+00 -2.296926999999999837e-05
2.263129999999999864e+00 -2.296935000000000057e-05
2.270513999999999921e+00 -2.121317000000000005e-05
2.278194000000000052e+00 -2.355459999999999976e-05
2.285594000000000126e+00 -2.179848000000000004e-05
2.292965000000000142e+00 -2.296930000000000046e-05
2.301010999999999918e+00 -2.004243999999999915e-05
2.308727000000000196e+00 -1.887174000000000035e-05
2.316127999999999965e+00 -1.828611000000000169e-05
2.323525000000000063e+00 -1.711549999999999901e-05
2.331252000000000102e+00 -1.535942999999999941e-05
2.338626999999999789e+00 -1.594487999999999903e-05
2.345988999999999880e+00 -1.535942999999999941e-05
2.353718000000000199e+00 -8.920236999999999277e-06
2.361063000000000134e+00 -8.920381999999999257e-06
2.368437000000000126e+00 -5.993642999999999799e-06
2.376161999999999885e+00 -5.408218999999999626e-06
2.383531000000000066e+00 1.030974000000000084e-06
2.390915999999999819e+00 6.884424000000000343e-06
2.398639000000000188e+00 1.273839999999999988e-05
2.406026000000000220e+00 2.386051000000000036e-05
2.413737999999999939e+00 3.029947000000000147e-05
2.421117999999999881e+00 4.376304999999999768e-05
2.428471000000000046e+00 5.664085999999999898e-05
2.436195000000000110e+00 7.888520000000000156e-05
2.443592999999999904e+00 9.995823999999999725e-05
2.450940000000000119e+00 1.286414000000000047e-04
2.458648000000000167e+00 1.649344999999999978e-04
2.466047000000000100e+00 2.123496000000000107e-04
2.473400999999999961e+00 2.650330000000000220e-04
2.481132999999999811e+00 3.346924000000000145e-04
2.488519000000000148e+00 4.137171000000000034e-04
2.495919999999999916e+00 5.103030999999999626e-04
2.503972999999999782e+00 6.425969000000000342e-04
2.511667000000000094e+00 7.860128999999999770e-04
2.519054000000000126e+00 9.499168000000000325e-04
2.526438999999999879e+00 1.141333000000000018e-03
2.534127999999999936e+00 1.368457000000000007e-03
2.541517999999999944e+00 1.612556999999999923e-03
2.549227000000000132e+00 1.898217999999999911e-03
2.556592000000000198e+00 2.197342000000000132e-03
2.563992999999999967e+00 2.528661000000000190e-03
2.571717000000000031e+00 2.899201000000000122e-03
2.579047999999999785e+00 3.279691999999999850e-03
2.586425000000000196e+00 3.686524000000000051e-03
2.594154000000000071e+00 4.139015000000000229e-03
2.601516999999999857e+00 4.592093999999999690e-03
2.608900999999999915e+00 5.069169999999999579e-03
2.616642999999999830e+00 5.590732000000000167e-03
2.623979999999999979e+00 6.105857000000000125e-03
2.631367000000000012e+00 6.643228999999999627e-03
2.639089999999999936e+00 7.222158999999999697e-03
2.646440000000000126e+00 7.793480999999999673e-03
2.654170999999999836e+00 8.409295000000000658e-03
2.661602999999999941e+00 9.015735999999999889e-03
2.668968000000000007e+00 9.633298000000000208e-03
2.676687999999999956e+00 1.029593999999999995e-02
2.684050000000000047e+00 1.094569999999999918e-02
2.691429999999999989e+00 1.160950999999999997e-02
2.699155000000000193e+00 1.231781000000000022e-02
2.707190000000000207e+00 1.306649999999999999e-02
2.714571999999999985e+00 1.377187000000000029e-02
2.721937000000000051e+00 1.448719000000000048e-02
2.729640999999999984e+00 1.524701000000000008e-02
2.737025000000000041e+00 1.598984000000000169e-02
2.744416999999999884e+00 1.674555000000000141e-02
2.752155000000000129e+00 1.754282999999999884e-02
2.759513000000000105e+00 1.832019999999999829e-02
2.766909000000000063e+00 1.911045000000000105e-02
2.774596999999999980e+00 1.994109000000000159e-02
2.781981000000000037e+00 2.075826999999999881e-02
2.789388999999999896e+00 2.158246999999999943e-02
2.797070999999999863e+00 2.245292000000000121e-02
2.804447999999999830e+00 2.330228999999999981e-02
2.812138000000000027e+00 2.419732000000000133e-02
2.819529999999999870e+00 2.506952999999999959e-02
2.826916999999999902e+00 2.595752999999999949e-02
2.834664000000000073e+00 2.689354000000000050e-02
2.842073000000000071e+00 2.780730000000000007e-02
2.849426999999999932e+00 2.872867999999999949e-02
2.857127000000000194e+00 2.970155000000000017e-02
2.864517000000000202e+00 3.065160999999999927e-02
2.871891999999999889e+00 3.161222000000000337e-02
2.879593999999999987e+00 3.261846000000000190e-02
2.886979999999999880e+00 3.360948999999999881e-02
2.894686999999999788e+00 3.464909000000000044e-02
2.902394999999999836e+00 3.570744000000000001e-02
2.910111999999999810e+00 3.677927000000000279e-02
2.917502999999999957e+00 3.782355999999999913e-02
2.924882000000000204e+00 3.887721999999999706e-02
2.932599999999999874e+00 3.999525999999999776e-02
2.939986999999999906e+00 4.108404999999999696e-02
2.947690000000000143e+00 4.223082000000000225e-02
2.955067999999999806e+00 4.334886000000000295e-02
2.962422000000000111e+00 4.447804000000000341e-02
2.970139000000000085e+00 4.567452999999999791e-02
2.977536999999999878e+00 4.684351999999999960e-02
2.984903999999999780e+00 4.802424000000000276e-02
2.992624000000000173e+00 4.927282999999999663e-02
3.000001000000000140e+00 5.048977999999999799e-02
