1.000084999999999891e+00 -3.059686000000000236e-05
1.005125000000000046e+00 -3.235301000000000078e-05
1.009779999999999900e+00 -3.235301000000000078e-05
1.014836999999999989e+00 -3.293831999999999739e-05
1.019870999999999972e+00 -3.293831999999999739e-05
1.024925000000000086e+00 -3.410899000000000087e-05
1.029935000000000045e+00 -3.293825999999999997e-05
1.034972999999999921e+00 -3.293838000000000159e-05
1.040003000000000011e+00 -3.176769999999999740e-05
1.045044000000000084e+00 -3.352392000000000073e-05
1.050075000000000092e+00 -3.235304000000000288e-05
1.055077999999999960e+00 -3.235301000000000078e-05
1.059792000000000067e+00 -3.293829000000000207e-05
1.064816999999999902e+00 -3.176769999999999740e-05
1.069855000000000000e+00 -3.410921999999999663e-05
1.074851999999999919e+00 -3.176769999999999740e-05
1.079887000000000041e+00 -3.352388999999999863e-05
1.084923999999999999e+00 -3.410902000000000297e-05
1.089957000000000065e+00 -3.176769999999999740e-05
1.094978000000000007e+00 -3.410913999999999781e-05
1.100360999999999922e+00 -3.410902000000000297e-05
1.105374000000000079e+00 -3.235301000000000078e-05
1.110411999999999955e+00 -3.352386000000000330e-05
1.115461999999999954e+00 -3.235318999999999982e-05
1.120502000000000109e+00 -3.410911000000000249e-05
1.125542999999999960e+00 -3.352379999999999911e-05
1.130582999999999894e+00 -3.469444000000000049e-05
1.135605999999999893e+00 -3.410904999999999829e-05
1.140271999999999952e+00 -3.293849000000000250e-05
1.145329999999999959e+00 -3.001158000000000108e-05
1.150252000000000052e+00 -3.293846000000000041e-05
1.155399999999999983e+00 -3.410911000000000249e-05
1.160403000000000073e+00 -3.235304000000000288e-05
1.165426000000000073e+00 -3.293854999999999993e-05
1.170452000000000048e+00 -3.293849000000000250e-05
1.175505999999999940e+00 -3.118227999999999988e-05
1.180514000000000063e+00 -3.118222000000000246e-05
1.185545000000000071e+00 -3.352359999999999867e-05
1.190588999999999897e+00 -3.293825999999999997e-05
1.195268999999999915e+00 -3.293840999999999691e-05
1.200336000000000070e+00 -3.118224999999999778e-05
1.205405000000000060e+00 -3.235310000000000030e-05
1.210444000000000075e+00 -3.176785000000000112e-05
1.215475000000000083e+00 -3.293851999999999783e-05
1.220520000000000049e+00 -3.352386000000000330e-05
1.225516999999999967e+00 -3.235306999999999821e-05
1.230568000000000106e+00 -3.118219000000000036e-05
1.235597999999999974e+00 -3.118236999999999940e-05
1.240633000000000097e+00 -3.176785000000000112e-05
1.245292999999999983e+00 -3.118236999999999940e-05
1.250345000000000040e+00 -3.176765000000000068e-05
1.255363999999999924e+00 -3.410921999999999663e-05
1.260389999999999899e+00 -3.235321000000000122e-05
1.265425000000000022e+00 -3.235306999999999821e-05
1.270445999999999964e+00 -3.469438999999999699e-05
1.275524000000000102e+00 -3.235304000000000288e-05
1.280529999999999946e+00 -3.352376999999999701e-05
1.285565000000000069e+00 -3.118227999999999988e-05
1.290608999999999895e+00 -3.469449999999999791e-05
1.295668000000000042e+00 -3.235313000000000240e-05
1.301023000000000041e+00 -3.235301000000000078e-05
1.306051999999999991e+00 -3.293834999999999949e-05
1.311091000000000006e+00 -3.118240000000000150e-05
1.316121000000000096e+00 -3.001167000000000060e-05
1.321156999999999915e+00 -3.059691999999999978e-05
1.325857999999999981e+00 -3.059712000000000022e-05
1.330848999999999949e+00 -3.410913999999999781e-05
1.335890999999999940e+00 -3.001163999999999850e-05
1.340921999999999947e+00 -3.352376999999999701e-05
1.345930999999999989e+00 -3.293851999999999783e-05
1.351000999999999896e+00 -3.352386000000000330e-05
1.356001000000000012e+00 -3.118256999999999984e-05
1.361050000000000093e+00 -3.176772999999999950e-05
1.366079999999999961e+00 -3.293840999999999691e-05
1.371096000000000092e+00 -3.001181000000000023e-05
1.376152999999999960e+00 -3.059699999999999860e-05
1.380848999999999993e+00 -3.118240000000000150e-05
1.385877999999999943e+00 -2.825574000000000062e-05
1.390908999999999951e+00 -3.176781999999999902e-05
1.395931999999999951e+00 -3.235321000000000122e-05
1.400938999999999934e+00 -3.410919000000000131e-05
1.405961999999999934e+00 -3.176778999999999692e-05
1.411030000000000006e+00 -3.293846000000000041e-05
1.416039999999999965e+00 -3.235313000000000240e-05
1.421075000000000088e+00 -3.118233999999999730e-05
1.426121999999999890e+00 -3.352383000000000121e-05
1.431149999999999922e+00 -3.176769999999999740e-05
1.435853000000000046e+00 -3.410911000000000249e-05
1.440852000000000022e+00 -3.235306999999999821e-05
1.445894999999999930e+00 -3.176769999999999740e-05
1.450925999999999938e+00 -3.235304000000000288e-05
1.455975000000000019e+00 -3.001167000000000060e-05
1.461022000000000043e+00 -3.059712000000000022e-05
1.466070999999999902e+00 -2.942627000000000109e-05
1.471087999999999951e+00 -2.942627000000000109e-05
1.476132999999999917e+00 -3.118242999999999682e-05
1.481141999999999959e+00 -3.293860999999999735e-05
1.485843999999999943e+00 -3.410940000000000245e-05
1.490890000000000049e+00 -3.235301000000000078e-05
1.495916999999999941e+00 -3.176776000000000160e-05
1.501594000000000095e+00 -2.942638999999999932e-05
1.506618000000000013e+00 -3.118240000000000150e-05
1.511403000000000052e+00 -3.118248000000000032e-05
1.516356999999999955e+00 -3.059708999999999812e-05
1.521389000000000102e+00 -2.884096000000000110e-05
1.526404000000000094e+00 -3.059715000000000232e-05
1.531447000000000003e+00 -3.176785000000000112e-05
1.536472999999999978e+00 -3.235324000000000332e-05
1.541517999999999944e+00 -3.001163999999999850e-05
1.546559000000000017e+00 -3.059712000000000022e-05
1.551585999999999910e+00 -3.059699999999999860e-05
1.556623000000000090e+00 -3.059706000000000280e-05
1.561650999999999900e+00 -3.118248000000000032e-05
1.566330999999999918e+00 -3.001181000000000023e-05
1.571371000000000073e+00 -3.118256999999999984e-05
1.576416000000000039e+00 -3.059708999999999812e-05
1.581442999999999932e+00 -3.235313000000000240e-05
1.586484000000000005e+00 -3.118240000000000150e-05
1.591488999999999931e+00 -3.118242999999999682e-05
1.596494999999999997e+00 -3.118248000000000032e-05
1.601544000000000079e+00 -3.235318999999999982e-05
1.606610000000000094e+00 -3.352386000000000330e-05
1.611599999999999921e+00 -3.410916999999999991e-05
1.616635999999999962e+00 -3.352408999999999907e-05
1.621323999999999987e+00 -3.235321000000000122e-05
1.626376999999999962e+00 -3.235313000000000240e-05
1.631431000000000076e+00 -3.293849000000000250e-05
1.636468000000000034e+00 -3.235313000000000240e-05
1.641485000000000083e+00 -3.176785000000000112e-05
1.646541000000000032e+00 -3.176776000000000160e-05
1.651575000000000015e+00 -3.293849000000000250e-05
1.656619000000000064e+00 -3.235321000000000122e-05
1.661623999999999990e+00 -3.235321000000000122e-05
1.666662000000000088e+00 -3.235324000000000332e-05
1.671364000000000072e+00 -3.001163999999999850e-05
1.676352000000000064e+00 -3.293846000000000041e-05
1.681526999999999994e+00 -3.118236999999999940e-05
1.686425000000000063e+00 -3.235351000000000188e-05
1.691462999999999939e+00 -3.118256999999999984e-05
1.696476000000000095e+00 -3.176797000000000274e-05
1.701853999999999978e+00 -3.059712000000000022e-05
1.706882999999999928e+00 -3.235318999999999982e-05
1.711918000000000051e+00 -3.352386000000000330e-05
1.716941000000000050e+00 -3.059712000000000022e-05
1.721977000000000091e+00 -3.118233999999999730e-05
1.727008000000000099e+00 -3.352408999999999907e-05
1.732039000000000106e+00 -3.293872999999999896e-05
1.737085999999999908e+00 -3.235318999999999982e-05
1.742089999999999916e+00 -3.001178000000000152e-05
1.747125999999999957e+00 -3.293846000000000041e-05
1.751841999999999899e+00 -3.118242999999999682e-05
1.756869999999999932e+00 -2.942629999999999980e-05
1.761921000000000070e+00 -3.293849000000000250e-05
1.766901000000000055e+00 -3.118240000000000150e-05
1.771946000000000021e+00 -3.059706000000000280e-05
1.776982000000000061e+00 -3.001154999999999898e-05
1.781989999999999963e+00 -3.118251000000000242e-05
1.787017000000000078e+00 -3.176794000000000064e-05
1.792054000000000036e+00 -3.059726000000000324e-05
1.797093000000000051e+00 -2.708507000000000053e-05
1.802165000000000017e+00 -3.118262999999999726e-05
1.806856000000000018e+00 -3.059708999999999812e-05
1.811879999999999935e+00 -3.059708999999999812e-05
1.816918000000000033e+00 -2.884122999999999966e-05
1.821955999999999909e+00 -2.942642000000000142e-05
1.826956000000000024e+00 -2.942650000000000024e-05
1.831976000000000049e+00 -2.825569000000000051e-05
1.837035999999999891e+00 -3.001178000000000152e-05
1.842065000000000063e+00 -2.942667999999999928e-05
1.846983000000000041e+00 -2.942652999999999895e-05
1.852109000000000005e+00 -3.235324000000000332e-05
1.857135999999999898e+00 -2.942667999999999928e-05
1.861841000000000079e+00 -3.176776000000000160e-05
1.866856000000000071e+00 -3.059712000000000022e-05
1.871893999999999947e+00 -2.942652999999999895e-05
1.876937999999999995e+00 -3.001183999999999894e-05
1.881961999999999913e+00 -3.118248000000000032e-05
1.887000999999999928e+00 -3.059724000000000184e-05
1.892080999999999902e+00 -2.708516000000000005e-05
1.897132999999999958e+00 -3.059715000000000232e-05
1.902495999999999965e+00 -2.884101999999999852e-05
1.907629000000000019e+00 -2.942636000000000061e-05
1.912555999999999923e+00 -2.767025999999999891e-05
1.917581999999999898e+00 -3.059712000000000022e-05
1.922624000000000111e+00 -2.825589000000000095e-05
1.927651000000000003e+00 -3.059728999999999856e-05
1.932660000000000045e+00 -2.942667999999999928e-05
1.937365000000000004e+00 -2.825571999999999923e-05
1.942393000000000036e+00 -3.059720999999999974e-05
1.947427000000000019e+00 -2.884107999999999933e-05
1.952450000000000019e+00 -2.825574000000000062e-05
1.957486999999999977e+00 -2.884101999999999852e-05
1.962523000000000017e+00 -3.001196000000000056e-05
1.967513000000000067e+00 -3.176797000000000274e-05
1.972596999999999934e+00 -3.001181000000000023e-05
1.977659000000000056e+00 -3.001172000000000071e-05
1.982687000000000088e+00 -2.884111000000000143e-05
1.987708999999999948e+00 -2.649987999999999877e-05
1.992394999999999916e+00 -2.767031999999999971e-05
1.997433999999999932e+00 -2.825580000000000143e-05
2.002473999999999865e+00 -2.884116999999999885e-05
2.007499000000000144e+00 -3.118251000000000242e-05
2.012535999999999881e+00 -2.884125999999999837e-05
2.017536999999999914e+00 -3.059715000000000232e-05
2.022578000000000209e+00 -2.767029000000000100e-05
2.027622000000000035e+00 -2.942636000000000061e-05
2.032650999999999986e+00 -3.001189999999999975e-05
2.037692999999999977e+00 -2.884116999999999885e-05
2.042695999999999845e+00 -2.767038000000000052e-05
2.047385999999999928e+00 -3.059720999999999974e-05
2.052449999999999886e+00 -3.001178000000000152e-05
2.057463999999999960e+00 -3.001192999999999846e-05
2.062500000000000000e+00 -2.825585999999999885e-05
2.067527999999999810e+00 -2.825569000000000051e-05
2.072557999999999900e+00 -3.001181000000000023e-05
2.077596999999999916e+00 -2.591446000000000125e-05
2.082618000000000080e+00 -2.708516000000000005e-05
2.087619999999999809e+00 -2.474370000000000164e-05
2.092684000000000211e+00 -2.649985000000000006e-05
2.097379000000000104e+00 -2.942665000000000057e-05
2.103057000000000176e+00 -2.591436999999999834e-05
2.108098000000000027e+00 -2.532905999999999835e-05
2.113135999999999903e+00 -2.708507000000000053e-05
2.118158999999999903e+00 -2.532901000000000163e-05
2.123200000000000198e+00 -2.532905999999999835e-05
2.127871999999999986e+00 -2.532930000000000159e-05
2.132925999999999878e+00 -2.591462999999999959e-05
2.137948000000000182e+00 -2.591436999999999834e-05
2.142994999999999983e+00 -2.357297000000000073e-05
2.148045000000000204e+00 -2.357288000000000121e-05
2.153077000000000130e+00 -2.006101000000000057e-05
2.158103999999999800e+00 -2.357319999999999988e-05
2.163138000000000005e+00 -2.298775000000000026e-05
2.168155000000000054e+00 -2.298762999999999864e-05
2.173201000000000160e+00 -2.123164999999999856e-05
2.177913000000000210e+00 -2.357308000000000165e-05
2.182958000000000176e+00 -2.357304999999999955e-05
2.187975999999999921e+00 -1.889025000000000095e-05
2.192963999999999913e+00 -1.889030999999999837e-05
2.198007000000000044e+00 -1.889039000000000058e-05
2.203027000000000069e+00 -1.654898999999999959e-05
2.208082999999999796e+00 -1.771958000000000086e-05
2.213083000000000133e+00 -1.654887000000000136e-05
2.218142999999999976e+00 -1.596362999999999949e-05
2.223148000000000124e+00 -1.596351000000000126e-05
2.228193999999999786e+00 -8.939357999999999598e-06
2.232901000000000025e+00 -9.524781000000000379e-06
2.237925999999999860e+00 -1.011020999999999921e-05
2.242960000000000065e+00 -6.012764000000000120e-06
2.247989000000000015e+00 -5.427893000000000176e-06
2.253012000000000015e+00 -4.257075000000000233e-06
2.258042000000000105e+00 -2.500746999999999860e-06
2.263081999999999816e+00 1.011444999999999936e-06
2.268107999999999791e+00 2.767309000000000206e-06
2.273160999999999987e+00 6.864691000000000070e-06
2.278151999999999955e+00 1.388902000000000005e-05
2.283189000000000135e+00 1.623038999999999895e-05
2.287892999999999954e+00 1.740100999999999893e-05
2.292928999999999995e+00 2.383997000000000004e-05
2.297947999999999880e+00 2.735186999999999940e-05
2.303646000000000083e+00 3.496121000000000065e-05
2.308672000000000057e+00 4.198529999999999932e-05
2.313385999999999942e+00 4.900939999999999870e-05
2.318439999999999834e+00 5.896046000000000300e-05
2.323475000000000179e+00 6.598440999999999866e-05
2.328511000000000220e+00 7.944748999999999377e-05
2.333550999999999931e+00 8.822771000000000302e-05
2.338597000000000037e+00 1.040319999999999960e-04
2.343599999999999905e+00 1.145680000000000049e-04
2.348632999999999971e+00 1.332991000000000059e-04
2.353670000000000151e+00 1.537861000000000013e-04
2.358715000000000117e+00 1.748584999999999929e-04
2.363358999999999988e+00 1.982722000000000022e-04
2.368405999999999789e+00 2.193444000000000069e-04
2.373432999999999904e+00 2.509532000000000082e-04
2.378470000000000084e+00 2.808058000000000212e-04
2.383478999999999903e+00 3.200238999999999905e-04
2.388538000000000050e+00 3.615833000000000046e-04
2.393556999999999935e+00 4.025572000000000156e-04
2.398603000000000041e+00 4.581648999999999813e-04
2.403620999999999786e+00 5.108452999999999996e-04
2.408660999999999941e+00 5.781604000000000083e-04
2.413694000000000006e+00 6.513286000000000509e-04
2.418379999999999974e+00 7.244963999999999571e-04
2.423418999999999990e+00 8.099567000000000442e-04
2.428420000000000023e+00 9.041970000000000302e-04
2.433462000000000014e+00 1.014242000000000051e-03
2.438492000000000104e+00 1.131311000000000079e-03
2.443540000000000045e+00 1.261841999999999998e-03
2.448533999999999988e+00 1.403495000000000046e-03
2.453573000000000004e+00 1.558025999999999899e-03
2.458598999999999979e+00 1.730703000000000102e-03
2.463636999999999855e+00 1.915084000000000057e-03
2.468647999999999954e+00 2.114101000000000175e-03
2.473346999999999962e+00 2.316629000000000171e-03
2.478400999999999854e+00 2.554279999999999919e-03
2.483417999999999903e+00 2.803637999999999790e-03
2.488468999999999820e+00 3.071724000000000069e-03
2.493516000000000066e+00 3.359715000000000097e-03
2.498558000000000057e+00 3.664680000000000021e-03
2.503912000000000138e+00 4.008862000000000189e-03
2.508954999999999824e+00 4.356556000000000144e-03
2.513970000000000038e+00 4.720639999999999906e-03
2.519000999999999824e+00 5.102869999999999802e-03
2.524040999999999979e+00 5.502660999999999837e-03
2.529074000000000044e+00 5.921766999999999656e-03
2.534075000000000077e+00 6.359604999999999946e-03
2.539102000000000192e+00 6.815584999999999873e-03
2.544138999999999928e+00 7.290302000000000240e-03
2.549169000000000018e+00 7.781989999999999914e-03
2.553863000000000216e+00 8.256117000000000317e-03
2.558905999999999903e+00 8.784096999999999392e-03
2.563934999999999853e+00 9.327293999999999863e-03
2.568972000000000033e+00 9.890984999999999708e-03
2.574011000000000049e+00 1.046521000000000083e-02
2.579007999999999967e+00 1.105464999999999920e-02
2.584035000000000082e+00 1.166048000000000084e-02
2.589062999999999892e+00 1.228211000000000060e-02
2.594104999999999883e+00 1.292365000000000007e-02
2.599127999999999883e+00 1.357337999999999947e-02
2.603816999999999826e+00 1.419559999999999919e-02
2.608855000000000146e+00 1.487460999999999992e-02
2.613898999999999972e+00 1.556941000000000054e-02
2.618897000000000030e+00 1.627123000000000111e-02
2.623927000000000120e+00 1.698944000000000148e-02
2.628956000000000071e+00 1.771995000000000167e-02
2.634005000000000152e+00 1.846510000000000165e-02
2.639046000000000003e+00 1.922195000000000153e-02
2.644050000000000011e+00 1.998698999999999962e-02
2.649090000000000167e+00 2.076491999999999921e-02
2.654123999999999928e+00 2.155452999999999883e-02
2.658833000000000002e+00 2.230553999999999870e-02
2.663891000000000009e+00 2.312385000000000135e-02
2.668927000000000049e+00 2.394392000000000048e-02
2.673950000000000049e+00 2.477276999999999951e-02
2.678990999999999900e+00 2.561741999999999839e-02
2.684009000000000089e+00 2.646909999999999888e-02
2.689041000000000015e+00 2.733481000000000105e-02
2.694066999999999990e+00 2.820405000000000134e-02
2.699107000000000145e+00 2.908907999999999980e-02
2.704441999999999791e+00 3.003441000000000097e-02
2.709475999999999996e+00 3.093467999999999912e-02
2.714526999999999912e+00 3.184957000000000066e-02
2.719549000000000216e+00 3.276268999999999709e-02
2.724594000000000182e+00 3.369749999999999829e-02
2.729598000000000191e+00 3.462526999999999966e-02
2.734642000000000017e+00 3.557296000000000069e-02
2.739329999999999821e+00 3.646383999999999737e-02
2.744380000000000042e+00 3.742381999999999653e-02
2.749413000000000107e+00 3.839606999999999742e-02
2.754436000000000107e+00 3.937418000000000168e-02
2.759468000000000032e+00 4.035873000000000238e-02
2.764501999999999793e+00 4.134738000000000302e-02
2.769528999999999908e+00 4.234890000000000182e-02
2.774554999999999882e+00 4.335804000000000047e-02
2.779586999999999808e+00 4.437419000000000086e-02
2.784629999999999939e+00 4.539912000000000114e-02
2.789341999999999988e+00 4.636607999999999702e-02
2.794328000000000145e+00 4.739630000000000232e-02
2.799361999999999906e+00 4.843763999999999709e-02
2.804397999999999946e+00 4.949243999999999866e-02
2.809433999999999987e+00 5.055190999999999851e-02
2.814448000000000061e+00 5.161314000000000179e-02
2.819482999999999961e+00 5.268489999999999979e-02
2.824530999999999903e+00 5.377247000000000277e-02
2.829562000000000133e+00 5.485770000000000229e-02
2.834617000000000164e+00 5.595461999999999658e-02
2.839643999999999835e+00 5.705506999999999940e-02
2.844341000000000008e+00 5.809229999999999949e-02
2.849368000000000123e+00 5.920504000000000044e-02
2.854391000000000123e+00 6.031602999999999964e-02
2.859436999999999784e+00 6.144220999999999711e-02
2.864472999999999825e+00 6.257076999999999778e-02
2.869498000000000104e+00 6.370106000000000379e-02
2.874544999999999906e+00 6.484541000000000610e-02
2.879544000000000104e+00 6.598329999999999473e-02
2.884567999999999799e+00 6.712880999999999709e-02
2.889596000000000053e+00 6.827959999999999585e-02
2.894638000000000044e+00 6.944036000000000652e-02
2.899319999999999897e+00 7.052561000000000246e-02
2.905034999999999812e+00 7.184379999999999933e-02
2.910057999999999812e+00 7.301565000000000139e-02
2.915100999999999942e+00 7.419567999999999997e-02
2.920135999999999843e+00 7.537634000000000001e-02
2.924834000000000156e+00 7.648438999999999932e-02
2.929873999999999867e+00 7.767321000000000641e-02
2.934903999999999957e+00 7.886790000000000467e-02
2.939944999999999808e+00 8.007021000000000277e-02
2.944958000000000187e+00 8.127014999999999934e-02
2.950000999999999873e+00 8.248121999999999399e-02
2.955013000000000112e+00 8.369113999999999720e-02
2.960071999999999814e+00 8.491859000000000213e-02
2.965060999999999947e+00 8.608638000000000401e-02
2.970094000000000012e+00 8.717569999999999486e-02
2.975119999999999987e+00 8.842479000000000311e-02
2.979827999999999921e+00 8.956095999999999502e-02
2.984853000000000200e+00 9.089964000000000377e-02
2.989885000000000126e+00 9.202581999999999429e-02
2.994923000000000002e+00 9.348451000000000677e-02
2.999957999999999902e+00 9.479862000000000011e-02
