1.000094999999999956e+00 -2.941916999999999907e-05
1.005134999999999890e+00 -3.000476999999999902e-05
1.009806999999999899e+00 -3.234607999999999711e-05
1.014855000000000063e+00 -3.058990000000000336e-05
1.019875000000000087e+00 -3.117529999999999949e-05
1.024907000000000012e+00 -3.293133000000000307e-05
1.029937000000000102e+00 -3.058980999999999707e-05
1.034968000000000110e+00 -3.293135999999999839e-05
1.040005000000000068e+00 -3.117549999999999992e-05
1.045047999999999977e+00 -3.058996000000000078e-05
1.050078999999999985e+00 -3.293133000000000307e-05
1.055093999999999976e+00 -3.000438999999999954e-05
1.059798000000000018e+00 -3.176062999999999749e-05
1.064831000000000083e+00 -3.176065999999999959e-05
1.069865000000000066e+00 -3.117524000000000206e-05
1.074877000000000082e+00 -3.293130000000000097e-05
1.079901999999999918e+00 -3.234597000000000297e-05
1.084934000000000065e+00 -3.176065999999999959e-05
1.089966999999999908e+00 -3.117535000000000298e-05
1.094989999999999908e+00 -3.234607999999999711e-05
1.100360999999999922e+00 -3.117535000000000298e-05
1.105396000000000045e+00 -3.058999000000000288e-05
1.110438000000000036e+00 -3.351698999999999705e-05
1.115485999999999978e+00 -3.058999000000000288e-05
1.120527000000000051e+00 -3.117526999999999739e-05
1.125577999999999967e+00 -3.176057000000000007e-05
1.130592000000000041e+00 -3.058996000000000078e-05
1.135634999999999950e+00 -3.234590999999999877e-05
1.140303000000000067e+00 -3.117535000000000298e-05
1.145337999999999967e+00 -3.234603000000000039e-05
1.150366999999999917e+00 -3.351692999999999963e-05
1.155407000000000073e+00 -3.293153999999999743e-05
1.160403000000000073e+00 -3.176060000000000217e-05
1.165461000000000080e+00 -3.234597000000000297e-05
1.170477999999999907e+00 -3.176062999999999749e-05
1.175510999999999973e+00 -3.234603000000000039e-05
1.180522000000000071e+00 -2.941914000000000036e-05
1.185556000000000054e+00 -3.293153999999999743e-05
1.190588999999999897e+00 -3.176065999999999959e-05
1.195295999999999914e+00 -3.117520999999999997e-05
1.200341000000000102e+00 -3.058987000000000126e-05
1.205410000000000093e+00 -3.176062999999999749e-05
1.210449000000000108e+00 -3.000467999999999950e-05
1.215476999999999919e+00 -3.117535000000000298e-05
1.220526000000000000e+00 -3.234607999999999711e-05
1.225530999999999926e+00 -3.410237999999999925e-05
1.230569000000000024e+00 -3.234623000000000083e-05
1.235600000000000032e+00 -3.293142000000000259e-05
1.240639000000000047e+00 -3.117555999999999734e-05
1.245300000000000074e+00 -3.176074999999999911e-05
1.250334999999999974e+00 -3.117526999999999739e-05
1.255373999999999990e+00 -3.176062999999999749e-05
1.260410000000000030e+00 -3.234599999999999829e-05
1.265427000000000080e+00 -3.234607999999999711e-05
1.270464999999999955e+00 -3.468757000000000101e-05
1.275506999999999946e+00 -3.234603000000000039e-05
1.280542999999999987e+00 -3.059005000000000030e-05
1.285582999999999920e+00 -2.883398000000000070e-05
1.290629999999999944e+00 -3.000485999999999854e-05
1.295668000000000042e+00 -2.883380999999999897e-05
1.301042000000000032e+00 -2.883385999999999908e-05
1.306075000000000097e+00 -2.883391999999999989e-05
1.311077000000000048e+00 -3.117537999999999831e-05
1.316132000000000080e+00 -3.117529999999999949e-05
1.321158999999999972e+00 -3.293148000000000001e-05
1.325865999999999989e+00 -2.766318999999999899e-05
1.330858000000000096e+00 -3.059012999999999912e-05
1.335890999999999940e+00 -3.234603000000000039e-05
1.340924000000000005e+00 -3.351679000000000339e-05
1.345971000000000029e+00 -3.234610999999999921e-05
1.351012000000000102e+00 -3.176074999999999911e-05
1.356016000000000110e+00 -3.059005000000000030e-05
1.361059999999999937e+00 -2.941936999999999951e-05
1.366093999999999919e+00 -3.000458999999999998e-05
1.371126999999999985e+00 -3.234610999999999921e-05
1.376157999999999992e+00 -3.117535000000000298e-05
1.380865000000000009e+00 -3.117529999999999949e-05
1.385872999999999911e+00 -2.941922999999999988e-05
1.390919000000000016e+00 -3.234616999999999663e-05
1.395936999999999983e+00 -3.176081000000000330e-05
1.400978000000000057e+00 -3.059009999999999702e-05
1.406004000000000032e+00 -2.883391999999999989e-05
1.411024999999999974e+00 -3.059016000000000122e-05
1.416045999999999916e+00 -3.176071999999999701e-05
1.421091000000000104e+00 -3.234599999999999829e-05
1.426123999999999947e+00 -3.000474000000000031e-05
1.431154999999999955e+00 -3.117537999999999831e-05
1.435896999999999979e+00 -2.883385999999999908e-05
1.440860999999999947e+00 -3.058990000000000336e-05
1.445902999999999938e+00 -2.883389000000000118e-05
1.450936999999999921e+00 -3.234607999999999711e-05
1.455978999999999912e+00 -2.883391999999999989e-05
1.461033000000000026e+00 -2.883385999999999908e-05
1.466069000000000067e+00 -2.824853000000000108e-05
1.471095000000000041e+00 -2.824855999999999979e-05
1.476135999999999893e+00 -3.293142000000000259e-05
1.481154000000000082e+00 -3.058996000000000078e-05
1.485854000000000008e+00 -3.000458999999999998e-05
1.490888999999999909e+00 -3.000467999999999950e-05
1.495937999999999990e+00 -3.000461999999999869e-05
1.501598999999999906e+00 -3.117549999999999992e-05
1.506637000000000004e+00 -2.941936999999999951e-05
1.511335000000000095e+00 -2.941922999999999988e-05
1.516353000000000062e+00 -3.117553000000000202e-05
1.521398999999999946e+00 -2.707791000000000110e-05
1.526415999999999995e+00 -2.766316000000000028e-05
1.531450999999999896e+00 -3.000465000000000079e-05
1.536483000000000043e+00 -3.117537999999999831e-05
1.541565999999999992e+00 -3.058996000000000078e-05
1.546567999999999943e+00 -3.117535000000000298e-05
1.551595000000000057e+00 -2.824855999999999979e-05
1.556621999999999950e+00 -3.234623000000000083e-05
1.561663000000000023e+00 -2.941943000000000032e-05
1.566343000000000041e+00 -2.941936999999999951e-05
1.571377999999999941e+00 -3.058996000000000078e-05
1.576416000000000039e+00 -3.117553000000000202e-05
1.581447999999999965e+00 -3.059005000000000030e-05
1.586492000000000013e+00 -2.766327999999999851e-05
1.591480999999999923e+00 -3.234619999999999873e-05
1.596524999999999972e+00 -2.941943000000000032e-05
1.601555000000000062e+00 -3.000494000000000075e-05
1.606584999999999930e+00 -3.117553000000000202e-05
1.611610999999999905e+00 -2.824867000000000071e-05
1.616641999999999912e+00 -2.824860999999999990e-05
1.621340000000000003e+00 -2.883389000000000118e-05
1.626354000000000077e+00 -3.000467999999999950e-05
1.631450000000000067e+00 -3.117529999999999949e-05
1.636476999999999959e+00 -3.000474000000000031e-05
1.641507000000000049e+00 -3.117546999999999783e-05
1.646559000000000106e+00 -2.824869999999999942e-05
1.651558999999999999e+00 -3.059016000000000122e-05
1.656595000000000040e+00 -3.351692999999999963e-05
1.661637999999999948e+00 -3.059005000000000030e-05
1.666660000000000030e+00 -3.117537999999999831e-05
1.671370999999999940e+00 -3.000474000000000031e-05
1.676368000000000080e+00 -2.824878999999999894e-05
1.681400000000000006e+00 -2.941949000000000113e-05
1.686417000000000055e+00 -2.766324999999999980e-05
1.691475000000000062e+00 -3.000467999999999950e-05
1.696493000000000029e+00 -2.766327999999999851e-05
1.701861999999999986e+00 -3.059001999999999820e-05
1.706895999999999969e+00 -2.941936999999999951e-05
1.711931000000000092e+00 -3.000476999999999902e-05
1.716949999999999976e+00 -3.000494000000000075e-05
1.721986999999999934e+00 -2.941951999999999984e-05
1.727033999999999958e+00 -2.941936999999999951e-05
1.732058000000000098e+00 -3.117549999999999992e-05
1.737103999999999981e+00 -2.941951999999999984e-05
1.742115000000000080e+00 -3.000465000000000079e-05
1.747158999999999907e+00 -2.824863999999999861e-05
1.751846999999999932e+00 -3.000474000000000031e-05
1.756885999999999948e+00 -3.059030999999999816e-05
1.761883000000000088e+00 -2.883404000000000151e-05
1.766909000000000063e+00 -2.941949000000000113e-05
1.771948000000000079e+00 -3.000467999999999950e-05
1.776974000000000053e+00 -2.824887999999999846e-05
1.782086000000000059e+00 -2.883398000000000070e-05
1.787029999999999896e+00 -2.883400999999999941e-05
1.792068999999999912e+00 -2.707793999999999981e-05
1.797109000000000067e+00 -3.000465000000000079e-05
1.802176000000000000e+00 -3.117553000000000202e-05
1.806866000000000083e+00 -3.059009999999999702e-05
1.811895000000000033e+00 -3.059016000000000122e-05
1.816913000000000000e+00 -3.000476999999999902e-05
1.821960000000000024e+00 -3.000476999999999902e-05
1.826975999999999933e+00 -3.000480000000000112e-05
1.832011999999999974e+00 -2.941943000000000032e-05
1.837042000000000064e+00 -3.176098000000000164e-05
1.842081000000000079e+00 -2.941940000000000161e-05
1.847094000000000014e+00 -3.059001999999999820e-05
1.852114999999999956e+00 -3.000476999999999902e-05
1.857159000000000004e+00 -2.883407000000000022e-05
1.861853999999999898e+00 -3.117553000000000202e-05
1.866865999999999914e+00 -3.117555999999999734e-05
1.871912999999999938e+00 -3.293176999999999997e-05
1.876938999999999913e+00 -3.176100999999999697e-05
1.881977999999999929e+00 -2.941943000000000032e-05
1.887019999999999920e+00 -2.941936999999999951e-05
1.892109999999999959e+00 -2.883398000000000070e-05
1.897140000000000049e+00 -3.117549999999999992e-05
1.902536000000000005e+00 -3.176086000000000003e-05
1.907553000000000054e+00 -3.117546999999999783e-05
1.912562000000000095e+00 -2.883398000000000070e-05
1.917605999999999922e+00 -3.117549999999999992e-05
1.922633999999999954e+00 -3.117535000000000298e-05
1.927675000000000027e+00 -2.766324999999999980e-05
1.932668000000000053e+00 -2.649269000000000062e-05
1.937367000000000061e+00 -2.824882000000000104e-05
1.942395000000000094e+00 -3.059016000000000122e-05
1.947438000000000002e+00 -2.883404000000000151e-05
1.952461000000000002e+00 -2.707802999999999933e-05
1.957475999999999994e+00 -3.117555999999999734e-05
1.962533000000000083e+00 -2.707806000000000142e-05
1.967565999999999926e+00 -2.766331000000000061e-05
1.972555000000000058e+00 -2.883414999999999904e-05
1.977656000000000081e+00 -2.941945999999999903e-05
1.982695000000000096e+00 -3.059016000000000122e-05
1.987721000000000071e+00 -3.000476999999999902e-05
1.992420000000000080e+00 -3.000480000000000112e-05
1.997452000000000005e+00 -3.000485999999999854e-05
2.002472000000000030e+00 -3.059016000000000122e-05
2.007512000000000185e+00 -2.766345000000000024e-05
2.012539999999999996e+00 -3.059039999999999768e-05
2.017558000000000185e+00 -2.766351000000000104e-05
2.022494000000000014e+00 -2.883418000000000114e-05
2.027626000000000150e+00 -2.824891000000000056e-05
2.032652999999999821e+00 -2.590726999999999971e-05
2.037697999999999787e+00 -2.766337000000000142e-05
2.042705000000000215e+00 -2.707809000000000013e-05
2.047410999999999870e+00 -2.941943000000000032e-05
2.052439999999999820e+00 -2.590718000000000019e-05
2.057478000000000140e+00 -2.707802999999999933e-05
2.062516000000000016e+00 -2.883418000000000114e-05
2.067537999999999876e+00 -2.766342000000000153e-05
2.072579999999999867e+00 -2.766337000000000142e-05
2.077611000000000097e+00 -2.824876000000000023e-05
2.082634000000000096e+00 -2.473653999999999881e-05
2.087670999999999832e+00 -2.590729999999999842e-05
2.092694999999999972e+00 -2.473659999999999962e-05
2.097401000000000071e+00 -2.590733000000000052e-05
2.103069000000000077e+00 -2.649269000000000062e-05
2.108112000000000208e+00 -2.590733000000000052e-05
2.113141999999999854e+00 -2.649265999999999852e-05
2.118174999999999919e+00 -2.649269000000000062e-05
2.123219000000000189e+00 -2.532204999999999924e-05
2.127886000000000166e+00 -2.590739000000000133e-05
2.132934999999999803e+00 -2.707802999999999933e-05
2.137947000000000042e+00 -2.532219999999999957e-05
2.142990000000000173e+00 -2.649275000000000143e-05
2.148055999999999965e+00 -2.532211000000000005e-05
2.153102000000000071e+00 -2.590740999999999934e-05
2.158113999999999866e+00 -2.473662999999999833e-05
2.163154000000000021e+00 -2.356595000000000093e-05
2.168168999999999791e+00 -2.298097000000000030e-05
2.173217000000000176e+00 -2.415143999999999996e-05
2.177913999999999906e+00 -2.063930000000000075e-05
2.182949999999999946e+00 -2.122457999999999864e-05
2.188006000000000117e+00 -2.180992000000000073e-05
2.192966999999999889e+00 -2.415155000000000088e-05
2.198017000000000110e+00 -2.122472999999999897e-05
2.203030000000000044e+00 -2.005387999999999984e-05
2.208076000000000150e+00 -2.122470000000000026e-05
2.213079000000000018e+00 -1.888312000000000023e-05
2.218132999999999910e+00 -1.946856999999999985e-05
2.223161000000000165e+00 -1.771256000000000105e-05
2.228209000000000106e+00 -1.829796000000000056e-05
2.232909999999999950e+00 -1.771267999999999928e-05
2.237925999999999860e+00 -1.829801000000000067e-05
2.242980000000000196e+00 -1.654174000000000063e-05
2.247999000000000080e+00 -1.420028000000000052e-05
2.253031000000000006e+00 -1.537113000000000135e-05
2.258062999999999931e+00 -1.244438999999999996e-05
2.263098999999999972e+00 -1.010292999999999985e-05
2.268117000000000161e+00 -1.068823999999999984e-05
2.273172999999999888e+00 -6.005517000000000187e-06
2.278160999999999881e+00 -5.420151999999999737e-06
2.283201000000000036e+00 -3.078660999999999830e-06
2.287898999999999905e+00 -7.372582000000000074e-07
2.292933999999999806e+00 1.604202999999999902e-06
2.297954999999999970e+00 6.287068000000000298e-06
2.303662000000000099e+00 8.628325000000000098e-06
2.308691000000000049e+00 1.272594000000000068e-05
2.313397000000000148e+00 1.682332000000000006e-05
2.318455000000000155e+00 2.209147000000000145e-05
2.323482999999999965e+00 2.853011000000000051e-05
2.328517999999999866e+00 3.145713999999999677e-05
2.333566999999999947e+00 3.965193000000000103e-05
2.338604999999999823e+00 4.960325999999999711e-05
2.343608999999999831e+00 5.428618000000000072e-05
2.348640000000000061e+00 6.482247000000000280e-05
2.353676000000000101e+00 7.418772999999999655e-05
2.358711000000000002e+00 8.823614999999999714e-05
2.363373999999999864e+00 1.005289999999999992e-04
2.368415999999999855e+00 1.169187999999999960e-04
2.373439999999999994e+00 1.338943999999999898e-04
2.378479000000000010e+00 1.514548000000000055e-04
2.383493000000000084e+00 1.707715999999999965e-04
2.388533999999999935e+00 1.941857000000000067e-04
2.393562999999999885e+00 2.287215999999999956e-04
2.398606000000000016e+00 2.568184999999999739e-04
2.403636000000000106e+00 2.925251999999999822e-04
2.408673999999999982e+00 3.340851999999999841e-04
2.413707000000000047e+00 3.785722999999999736e-04
2.418391000000000179e+00 4.259860999999999769e-04
2.423442999999999792e+00 4.804241000000000002e-04
2.428441999999999990e+00 5.453981000000000324e-04
2.433485000000000120e+00 6.156408999999999623e-04
2.438511000000000095e+00 6.981755000000000513e-04
2.443557000000000201e+00 7.818812999999999978e-04
2.448554999999999815e+00 8.813917999999999796e-04
2.453594999999999970e+00 9.920235000000000337e-04
2.458614999999999995e+00 1.112020000000000022e-03
2.463664000000000076e+00 1.247237999999999906e-03
2.468672999999999895e+00 1.392405999999999896e-03
2.473364999999999814e+00 1.541671000000000100e-03
2.478419999999999845e+00 1.718448000000000024e-03
2.483441000000000010e+00 1.908687999999999965e-03
2.488487000000000116e+00 2.115903000000000141e-03
2.493539000000000172e+00 2.340094000000000028e-03
2.498578999999999883e+00 2.581845000000000147e-03
2.503941000000000194e+00 2.858133000000000114e-03
2.508970999999999840e+00 3.135005000000000170e-03
2.513990999999999865e+00 3.431193999999999824e-03
2.519020999999999955e+00 3.747287000000000187e-03
2.524059999999999970e+00 4.080351999999999764e-03
2.529097999999999846e+00 4.432148999999999811e-03
2.534091000000000093e+00 4.797995000000000211e-03
2.539127000000000134e+00 5.189013999999999606e-03
2.544163000000000174e+00 5.594664000000000061e-03
2.549195000000000100e+00 6.019631000000000114e-03
2.553885999999999878e+00 6.428793999999999828e-03
2.558927000000000174e+00 6.887713000000000169e-03
2.563963000000000214e+00 7.364775999999999961e-03
2.568989000000000189e+00 7.854714000000000487e-03
2.574030000000000040e+00 8.366314999999999169e-03
2.579031000000000073e+00 8.890795999999999422e-03
2.584051999999999794e+00 9.427555000000000657e-03
2.589087000000000138e+00 9.985990999999999618e-03
2.594129000000000129e+00 1.055613000000000037e-02
2.599146999999999874e+00 1.114206000000000051e-02
2.603847000000000023e+00 1.170518000000000079e-02
2.608871999999999858e+00 1.231570000000000061e-02
2.613917999999999964e+00 1.294613000000000014e-02
2.618911000000000211e+00 1.358240999999999962e-02
2.623949999999999783e+00 1.423683000000000066e-02
2.628981000000000012e+00 1.490354999999999978e-02
2.634025999999999978e+00 1.558666000000000045e-02
2.639054999999999929e+00 1.627796000000000104e-02
2.644066000000000027e+00 1.697569999999999982e-02
2.649103000000000208e+00 1.769275999999999835e-02
2.654138999999999804e+00 1.841860000000000025e-02
2.658843000000000067e+00 1.910815000000000083e-02
2.663904000000000050e+00 1.986032999999999896e-02
2.668947999999999876e+00 2.062421999999999866e-02
2.673970999999999876e+00 2.138986999999999833e-02
2.679009000000000196e+00 2.217014000000000137e-02
2.684020999999999990e+00 2.296153999999999903e-02
2.689060000000000006e+00 2.376230000000000009e-02
2.694084999999999841e+00 2.457302000000000097e-02
2.699122000000000021e+00 2.539075000000000013e-02
2.704473000000000127e+00 2.627111999999999850e-02
2.709494999999999987e+00 2.711343999999999907e-02
2.714545000000000208e+00 2.796397000000000119e-02
2.719568000000000207e+00 2.882443999999999978e-02
2.724620999999999960e+00 2.969779000000000169e-02
2.729620999999999853e+00 3.056704000000000018e-02
2.734662999999999844e+00 3.145852999999999844e-02
2.739349999999999952e+00 3.229325000000000251e-02
2.744394999999999918e+00 3.319704999999999878e-02
2.749433999999999934e+00 3.410785000000000206e-02
2.754452999999999818e+00 3.502803000000000166e-02
2.759488999999999859e+00 3.595758000000000287e-02
2.764526000000000039e+00 3.689413999999999888e-02
2.769550999999999874e+00 3.783831000000000000e-02
2.774566000000000088e+00 3.878949999999999759e-02
2.779598000000000013e+00 3.975357999999999670e-02
2.784638000000000169e+00 4.072056999999999760e-02
2.789353999999999889e+00 4.164193000000000061e-02
2.794343000000000021e+00 4.261948000000000125e-02
2.799373000000000111e+00 4.361222000000000015e-02
2.804408000000000012e+00 4.461437000000000042e-02
2.809448000000000167e+00 4.562527000000000249e-02
2.814458000000000126e+00 4.664025000000000115e-02
2.819498999999999977e+00 4.766875000000000279e-02
2.824542000000000108e+00 4.870014000000000287e-02
2.829574000000000034e+00 4.974147000000000290e-02
2.834629000000000065e+00 5.079862000000000266e-02
2.839656999999999876e+00 5.185403999999999708e-02
2.844352000000000213e+00 5.285030999999999757e-02
2.849391999999999925e+00 5.391680000000000084e-02
2.854414999999999925e+00 5.499856999999999663e-02
2.859449999999999825e+00 5.608380000000000309e-02
2.864484000000000030e+00 5.718017999999999712e-02
2.869512999999999980e+00 5.828003999999999823e-02
2.874556000000000111e+00 5.938925999999999927e-02
2.879563000000000095e+00 6.049797999999999981e-02
2.884586999999999790e+00 6.162067000000000239e-02
2.889613000000000209e+00 6.274744000000000155e-02
2.894645999999999830e+00 6.388243999999999867e-02
2.899334000000000078e+00 6.495367999999999975e-02
2.905054999999999943e+00 6.624787999999999510e-02
2.910077999999999943e+00 6.740570999999999369e-02
2.915127000000000024e+00 6.857233999999999552e-02
2.920160000000000089e+00 6.973951999999999929e-02
2.924841999999999942e+00 7.084108000000000072e-02
2.929882000000000097e+00 7.201886000000000398e-02
2.934918000000000138e+00 7.320596999999999521e-02
2.939951999999999899e+00 7.439481000000000566e-02
2.944971999999999923e+00 7.559013000000000537e-02
2.950016000000000194e+00 7.679597999999999980e-02
2.955035000000000078e+00 7.800118999999999803e-02
2.960087999999999830e+00 7.921754999999999769e-02
2.965071000000000012e+00 8.042804000000000619e-02
2.970108000000000192e+00 8.165554999999999342e-02
2.975136000000000003e+00 8.288655999999999802e-02
2.979840999999999962e+00 8.405083000000000693e-02
2.984863999999999962e+00 8.528768000000000460e-02
2.989891000000000076e+00 8.653326999999999547e-02
2.994933000000000067e+00 8.778360000000000329e-02
2.999966999999999828e+00 8.903746999999999356e-02
