1.499973000000000001e+00 -3.235089000000000156e-05
1.506644000000000094e+00 -3.176569999999999980e-05
1.512353000000000058e+00 -3.176566999999999770e-05
1.519053999999999904e+00 -3.410707000000000208e-05
1.525087999999999999e+00 -3.000960000000000148e-05
1.531465999999999994e+00 -3.293637000000000328e-05
1.537519000000000080e+00 -3.000947999999999986e-05
1.543894000000000100e+00 -2.942423000000000068e-05
1.549927000000000055e+00 -3.059520000000000143e-05
1.556639000000000106e+00 -3.235114999999999942e-05
1.562685000000000102e+00 -3.235102999999999780e-05
1.569037000000000015e+00 -2.942438000000000101e-05
1.575085999999999986e+00 -3.235109000000000200e-05
1.581469000000000014e+00 -3.235109000000000200e-05
1.587482000000000060e+00 -2.942434999999999891e-05
1.593850999999999907e+00 -2.883893000000000139e-05
1.600567999999999991e+00 -3.176569999999999980e-05
1.606592999999999938e+00 -3.176577999999999862e-05
1.612969000000000097e+00 -3.118032999999999900e-05
1.619013999999999953e+00 -3.118070999999999847e-05
1.625382000000000104e+00 -3.059507999999999981e-05
1.631456999999999935e+00 -2.766820000000000049e-05
1.638173000000000101e+00 -3.059513999999999723e-05
1.644207999999999892e+00 -2.942414999999999847e-05
1.650592000000000059e+00 -3.176598999999999975e-05
1.656617000000000006e+00 -3.118036000000000109e-05
1.662981999999999960e+00 -3.293656999999999694e-05
1.669000000000000039e+00 -3.118036000000000109e-05
1.675375000000000059e+00 -3.118041999999999851e-05
1.681416000000000022e+00 -3.118048000000000271e-05
1.688128999999999991e+00 -3.235111999999999732e-05
1.694182000000000077e+00 -3.235109000000000200e-05
1.700558000000000014e+00 -3.000965999999999890e-05
1.706887000000000043e+00 -3.176575000000000329e-05
1.712955999999999923e+00 -3.000965999999999890e-05
1.719662000000000024e+00 -3.000969000000000100e-05
1.725363999999999898e+00 -3.059504999999999771e-05
1.732093000000000105e+00 -3.176575000000000329e-05
1.738100999999999896e+00 -3.235120999999999684e-05
1.744478999999999891e+00 -3.118029999999999690e-05
1.750518000000000018e+00 -2.942434999999999891e-05
1.756898000000000071e+00 -3.176572000000000119e-05
1.762901999999999969e+00 -3.176586999999999814e-05
1.769622999999999946e+00 -3.176584000000000281e-05
1.775652999999999926e+00 -3.176575000000000329e-05
1.782024000000000052e+00 -3.176569999999999980e-05
1.788059000000000065e+00 -3.059502000000000239e-05
1.794437999999999978e+00 -2.825347000000000107e-05
1.801161000000000012e+00 -3.000969000000000100e-05
1.806883999999999935e+00 -2.883896000000000010e-05
1.813588999999999896e+00 -3.059504999999999771e-05
1.819638000000000089e+00 -3.118032999999999900e-05
1.825987000000000027e+00 -3.118041999999999851e-05
1.832033000000000023e+00 -3.000974999999999842e-05
1.838418000000000108e+00 -3.176584000000000281e-05
1.844462999999999964e+00 -3.118056000000000153e-05
1.851134999999999975e+00 -3.059531000000000235e-05
1.857188999999999979e+00 -2.883907000000000102e-05
1.863545999999999925e+00 -2.942453000000000134e-05
1.869544000000000095e+00 -3.000994999999999886e-05
1.875955000000000039e+00 -3.118058999999999685e-05
1.881995000000000084e+00 -3.000960000000000148e-05
1.888425999999999938e+00 -3.235111999999999732e-05
1.894468000000000041e+00 -2.825358999999999930e-05
1.901180000000000092e+00 -3.118041999999999851e-05
1.907564999999999955e+00 -3.176577999999999862e-05
1.913556000000000035e+00 -3.059513999999999723e-05
1.919966999999999979e+00 -3.118058999999999685e-05
1.926015000000000033e+00 -3.118041999999999851e-05
1.932687000000000044e+00 -2.942440999999999972e-05
1.938423999999999925e+00 -2.825373999999999963e-05
1.945106999999999919e+00 -3.176577999999999862e-05
1.951163999999999898e+00 -2.766822999999999920e-05
1.957510000000000083e+00 -3.000965999999999890e-05
1.963559999999999972e+00 -2.883887000000000058e-05
1.969940999999999942e+00 -3.118032999999999900e-05
1.975985000000000102e+00 -3.000965999999999890e-05
1.982722000000000095e+00 -3.293630999999999908e-05
1.988753999999999911e+00 -3.000976999999999982e-05
1.995144000000000029e+00 -3.118041999999999851e-05
2.001485999999999876e+00 -3.118056000000000153e-05
2.007535999999999987e+00 -3.059513999999999723e-05
2.014251999999999931e+00 -2.942440999999999972e-05
2.019931999999999839e+00 -2.825367999999999882e-05
2.026641000000000137e+00 -2.942443999999999843e-05
2.032678999999999903e+00 -3.059504999999999771e-05
2.039038000000000128e+00 -2.942438000000000101e-05
2.045049000000000117e+00 -3.000983000000000063e-05
2.051455999999999946e+00 -3.059496999999999889e-05
2.057494000000000156e+00 -3.000971999999999971e-05
2.064210000000000100e+00 -2.883912999999999844e-05
2.070250999999999841e+00 -3.059507999999999981e-05
2.076588999999999796e+00 -2.942440999999999972e-05
2.082650999999999808e+00 -2.825358999999999930e-05
2.089020999999999795e+00 -3.000989000000000144e-05
2.095073999999999881e+00 -2.883901000000000021e-05
2.101458000000000048e+00 -2.942453000000000134e-05
2.108134999999999870e+00 -3.118058999999999685e-05
2.114164000000000154e+00 -2.942449999999999924e-05
2.120543000000000067e+00 -2.883898999999999881e-05
2.126573000000000047e+00 -2.942443999999999843e-05
2.132943000000000033e+00 -3.118048000000000271e-05
2.138984999999999914e+00 -2.942453000000000134e-05
2.145737000000000005e+00 -2.942440999999999972e-05
2.151447999999999805e+00 -2.708318000000000045e-05
2.158135000000000137e+00 -3.000971999999999971e-05
2.164177000000000017e+00 -2.883912999999999844e-05
2.170535999999999799e+00 -3.000976999999999982e-05
2.176594999999999835e+00 -2.883912999999999844e-05
2.182992000000000044e+00 -2.942434999999999891e-05
2.188975000000000115e+00 -3.000965999999999890e-05
2.195688999999999780e+00 -2.883907000000000102e-05
2.202071999999999807e+00 -2.942443999999999843e-05
2.208105000000000206e+00 -2.883898999999999881e-05
2.214480000000000004e+00 -2.766822999999999920e-05
2.220507000000000009e+00 -2.766834000000000012e-05
2.227209999999999912e+00 -2.942449999999999924e-05
2.232939000000000007e+00 -2.883909999999999973e-05
2.239647999999999861e+00 -2.883901000000000021e-05
2.245674999999999866e+00 -2.766827999999999931e-05
2.252066000000000123e+00 -2.415626999999999903e-05
2.258080000000000087e+00 -2.649767000000000002e-05
2.264463000000000115e+00 -2.649769999999999873e-05
2.270516999999999896e+00 -2.591238999999999874e-05
2.277184000000000097e+00 -2.649769999999999873e-05
2.283255000000000035e+00 -2.708304000000000082e-05
2.289585999999999899e+00 -2.532687999999999831e-05
2.295653999999999861e+00 -2.532697000000000122e-05
2.301995999999999931e+00 -2.474166000000000123e-05
2.308721999999999941e+00 -2.240017000000000071e-05
2.314420999999999840e+00 -2.357099000000000114e-05
2.321136999999999784e+00 -2.357104999999999856e-05
2.327201000000000075e+00 -1.771754000000000045e-05
2.333577000000000012e+00 -1.888843999999999970e-05
2.339601000000000042e+00 -1.771754000000000045e-05
2.345979999999999954e+00 -1.654698000000000128e-05
2.352017000000000024e+00 -1.362020999999999948e-05
2.358727000000000018e+00 -8.937261999999999339e-06
2.364402000000000115e+00 -5.425244999999999926e-06
2.371115999999999779e+00 -1.913228000000000090e-06
2.377159999999999940e+00 2.769579000000000186e-06
2.383513999999999911e+00 5.696202000000000253e-06
2.389565000000000161e+00 1.506199000000000010e-05
2.395932000000000173e+00 1.798858000000000117e-05
2.402655999999999903e+00 2.618335000000000063e-05
2.408691999999999833e+00 4.081722000000000085e-05
2.415051000000000059e+00 5.076811000000000003e-05
2.421089999999999964e+00 6.657235999999999698e-05
2.427459999999999951e+00 8.062043000000000020e-05
2.433498000000000161e+00 9.935182999999999504e-05
2.440207000000000015e+00 1.280336999999999936e-04
2.445930999999999855e+00 1.526183000000000021e-04
2.452592999999999801e+00 1.883245000000000025e-04
2.458636999999999961e+00 2.316402000000000120e-04
2.465021000000000129e+00 2.808093000000000221e-04
2.471028000000000002e+00 3.387587999999999862e-04
2.477406000000000219e+00 4.043175000000000198e-04
2.483454000000000050e+00 4.833395999999999895e-04
2.490187999999999846e+00 5.851896999999999785e-04
2.495909999999999851e+00 6.823575000000000343e-04
2.502612000000000059e+00 8.146451999999999773e-04
2.508982000000000046e+00 9.609824000000000100e-04
2.514998999999999985e+00 1.114343999999999968e-03
2.521713000000000093e+00 1.308679000000000092e-03
2.527426000000000172e+00 1.494234000000000100e-03
2.534119000000000010e+00 1.733055999999999963e-03
2.540151999999999965e+00 1.971876999999999918e-03
2.546507000000000076e+00 2.238210000000000026e-03
2.552567999999999948e+00 2.520347000000000039e-03
2.558933000000000124e+00 2.836434999999999998e-03
2.564967000000000219e+00 3.158375000000000158e-03
2.571689000000000114e+00 3.537095999999999990e-03
2.577351000000000170e+00 3.873084000000000162e-03
2.584064000000000139e+00 4.295119000000000020e-03
2.590101000000000209e+00 4.695498000000000206e-03
2.596480999999999817e+00 5.138020000000000087e-03
2.602844000000000158e+00 5.591661999999999848e-03
2.608884000000000203e+00 6.042966000000000309e-03
2.615601999999999983e+00 6.559826999999999846e-03
2.621614000000000111e+00 7.042152000000000307e-03
2.627998999999999974e+00 7.567797000000000239e-03
2.634034999999999904e+00 8.078217000000000383e-03
2.640381000000000089e+00 8.629611000000000573e-03
2.646424999999999805e+00 9.169887999999999303e-03
2.653138000000000218e+00 9.779233999999999496e-03
2.658862000000000059e+00 1.031717000000000051e-02
2.665599999999999969e+00 1.095695000000000002e-02
2.671644000000000130e+00 1.154347000000000012e-02
2.678008000000000166e+00 1.218149999999999962e-02
2.684035999999999866e+00 1.279025999999999948e-02
2.690414999999999779e+00 1.344350000000000059e-02
2.696454999999999824e+00 1.407978000000000007e-02
2.703181999999999974e+00 1.479390000000000045e-02
2.709512000000000143e+00 1.547992999999999938e-02
2.715549000000000213e+00 1.614664000000000030e-02
2.721940000000000026e+00 1.685901000000000066e-02
2.727964000000000055e+00 1.754034999999999969e-02
2.734678999999999860e+00 1.831183999999999937e-02
2.740374999999999783e+00 1.897855000000000028e-02
2.747097999999999818e+00 1.976817999999999978e-02
2.753125999999999962e+00 2.049401000000000000e-02
2.759498999999999924e+00 2.126783999999999966e-02
2.765554999999999986e+00 2.201064000000000145e-02
2.771904000000000146e+00 2.280145000000000088e-02
2.777947000000000166e+00 2.356532000000000071e-02
2.784656000000000020e+00 2.441992999999999941e-02
2.790338999999999903e+00 2.515689000000000120e-02
2.797041000000000111e+00 2.602963999999999972e-02
2.803411000000000097e+00 2.687254000000000032e-02
2.809451999999999838e+00 2.768322000000000144e-02
2.815819999999999990e+00 2.854662999999999992e-02
2.821879000000000026e+00 2.938133000000000064e-02
2.828587999999999880e+00 3.030793999999999849e-02
2.834648000000000057e+00 3.116547000000000067e-02
2.841019000000000183e+00 3.206981999999999888e-02
2.847056999999999949e+00 3.293849000000000082e-02
2.853445999999999927e+00 3.386507999999999879e-02
2.859468000000000121e+00 3.475364999999999704e-02
2.866175000000000139e+00 3.575107000000000285e-02
2.871875999999999873e+00 3.661269000000000329e-02
2.878562000000000065e+00 3.762300999999999840e-02
2.884605999999999781e+00 3.855896999999999797e-02
2.890979000000000187e+00 3.954822000000000198e-02
2.897018999999999789e+00 4.050410000000000121e-02
2.903367999999999949e+00 4.151322999999999819e-02
2.910086999999999868e+00 4.259494999999999948e-02
2.916135999999999839e+00 4.358477999999999658e-02
2.922514000000000056e+00 4.463780999999999999e-02
2.928561000000000192e+00 4.564870000000000039e-02
2.934927000000000064e+00 4.672282999999999992e-02
2.940948999999999813e+00 4.775535999999999670e-02
2.947665999999999897e+00 4.891083999999999710e-02
2.953377999999999837e+00 4.992115999999999915e-02
2.960100000000000176e+00 5.110180000000000278e-02
2.966091000000000033e+00 5.218173999999999729e-02
2.972472999999999921e+00 5.333782000000000106e-02
2.978505999999999876e+00 5.444700999999999708e-02
2.984872000000000192e+00 5.562767999999999879e-02
2.990924999999999834e+00 5.676562000000000274e-02
2.997638999999999943e+00 5.803523000000000015e-02
3.004024999999999945e+00 5.926325999999999816e-02
3.010076999999999892e+00 6.044624999999999998e-02
3.016455999999999804e+00 6.170123999999999748e-02
3.022489000000000203e+00 6.291233000000000242e-02
3.028847999999999985e+00 6.419073000000000140e-02
3.034892999999999841e+00 6.543161999999999590e-02
3.041614000000000040e+00 6.681014000000000397e-02
3.047626000000000168e+00 6.807625000000000481e-02
3.053999999999999826e+00 6.942431999999999770e-02
3.060033999999999921e+00 7.072612999999999817e-02
3.066409000000000162e+00 7.210872000000000115e-02
3.072426999999999797e+00 7.343744000000000660e-02
3.079161000000000037e+00 7.492131999999999958e-02
3.084871000000000141e+00 7.622542999999999680e-02
3.091579999999999995e+00 7.773683000000000676e-02
3.097602000000000189e+00 7.913813000000000097e-02
3.103979999999999961e+00 8.062495000000000078e-02
3.110373000000000054e+00 8.213396000000000585e-02
3.116382000000000208e+00 8.358442000000000649e-02
3.123082999999999831e+00 8.519351999999999481e-02
3.129138999999999893e+00 8.669031000000000653e-02
3.135470999999999897e+00 8.825785999999999354e-02
3.141513000000000222e+00 8.978677999999999659e-02
3.147899999999999920e+00 9.140350999999999337e-02
3.153948999999999891e+00 9.296875000000000278e-02
3.160630999999999968e+00 9.468669000000000391e-02
3.166335999999999817e+00 9.621857000000000326e-02
3.173048999999999786e+00 9.798221000000000014e-02
3.179110999999999798e+00 9.963112000000000357e-02
3.185500000000000220e+00 1.013648999999999939e-01
3.191530999999999896e+00 1.030401999999999985e-01
3.197897000000000212e+00 1.048044000000000059e-01
3.204596000000000000e+00 1.066716999999999943e-01
3.210640999999999856e+00 1.084129999999999955e-01
3.217032000000000114e+00 1.102434000000000053e-01
3.223041999999999963e+00 1.120130000000000015e-01
3.229416000000000064e+00 1.138760999999999940e-01
3.235447999999999880e+00 1.156813000000000008e-01
3.241817000000000171e+00 1.175825000000000065e-01
3.247847999999999846e+00 1.194233999999999990e-01
3.254570999999999881e+00 1.214410999999999963e-01
3.260632999999999893e+00 1.233276999999999984e-01
3.267049999999999788e+00 1.253154999999999963e-01
3.273080999999999907e+00 1.272214000000000123e-01
3.279462000000000099e+00 1.292291999999999885e-01
3.285486000000000129e+00 1.311690000000000078e-01
3.292193000000000147e+00 1.332885000000000042e-01
3.297893999999999881e+00 1.351775000000000060e-01
3.304635999999999907e+00 1.373344999999999982e-01
3.310960999999999821e+00 1.394123999999999919e-01
3.317004999999999981e+00 1.414237000000000133e-01
3.323374999999999968e+00 1.435327000000000131e-01
3.329394000000000187e+00 1.455603000000000036e-01
3.336114999999999942e+00 1.477823000000000053e-01
3.342163999999999913e+00 1.498456999999999983e-01
3.348571000000000186e+00 1.520054999999999878e-01
3.354610000000000092e+00 1.540864000000000122e-01
3.360974000000000128e+00 1.562493000000000076e-01
3.367023000000000099e+00 1.583379000000000036e-01
3.373711999999999822e+00 1.606055000000000121e-01
3.379431999999999992e+00 1.626248000000000138e-01
3.386141999999999985e+00 1.649113000000000107e-01
3.392151999999999834e+00 1.670250000000000068e-01
3.398521999999999821e+00 1.692311999999999983e-01
3.404889999999999972e+00 1.714513000000000009e-01
3.410953999999999819e+00 1.735885000000000067e-01
3.417657999999999863e+00 1.759087000000000012e-01
3.423684999999999867e+00 1.780535000000000034e-01
3.430060999999999805e+00 1.802901000000000087e-01
3.436093000000000064e+00 1.824307000000000012e-01
3.442464999999999886e+00 1.846568000000000098e-01
3.448503999999999792e+00 1.867937000000000070e-01
3.454898000000000025e+00 1.890262000000000053e-01
3.460910999999999849e+00 1.911634000000000111e-01
3.467619000000000007e+00 1.935083999999999971e-01
3.473666999999999838e+00 1.956916999999999962e-01
3.480008999999999908e+00 1.979605000000000115e-01
3.486059000000000019e+00 2.001625999999999961e-01
3.492431999999999981e+00 2.024606999999999934e-01
3.498448999999999920e+00 2.046715000000000062e-01
3.505155999999999938e+00 2.070943000000000089e-01
3.511549000000000031e+00 2.094402999999999959e-01
3.517595000000000027e+00 2.116974000000000078e-01
3.523988999999999816e+00 2.140586999999999906e-01
3.530038999999999927e+00 2.163367999999999958e-01
3.536402999999999963e+00 2.187209999999999988e-01
3.542447999999999819e+00 2.210255999999999887e-01
3.549145999999999912e+00 2.235506999999999911e-01
3.555178000000000171e+00 2.258961999999999914e-01
3.561563000000000034e+00 2.283505000000000118e-01
3.567559999999999842e+00 2.306988000000000094e-01
3.573939999999999895e+00 2.331701999999999941e-01
3.579997000000000096e+00 2.355513999999999941e-01
3.586688999999999794e+00 2.381431999999999993e-01
3.592384000000000022e+00 2.404543000000000097e-01
3.599101999999999801e+00 2.430679000000000034e-01
3.605510000000000215e+00 2.456052999999999986e-01
3.611528999999999989e+00 2.480281000000000013e-01
3.617901999999999951e+00 2.505596999999999963e-01
3.623937999999999882e+00 2.529947000000000168e-01
3.630630000000000024e+00 2.556219000000000130e-01
3.636678999999999995e+00 2.580656000000000061e-01
3.643067999999999973e+00 2.606075999999999948e-01
3.649068999999999896e+00 2.630303999999999975e-01
3.655442999999999998e+00 2.655566999999999789e-01
3.661474000000000117e+00 2.679819999999999980e-01
3.667860999999999816e+00 2.705200999999999856e-01
3.673887000000000125e+00 2.729404000000000274e-01
3.680613999999999830e+00 2.755692000000000141e-01
3.686638999999999999e+00 2.779912999999999967e-01
3.693057000000000034e+00 2.805141999999999913e-01
3.699089999999999989e+00 2.829270999999999869e-01
3.705464999999999787e+00 2.854234999999999967e-01
3.712188999999999961e+00 2.880390999999999924e-01
3.718214999999999826e+00 2.904345999999999872e-01
3.724562000000000150e+00 2.929135999999999962e-01
3.730618000000000212e+00 2.953005000000000213e-01
3.736979999999999968e+00 2.977684999999999915e-01
3.741972000000000076e+00 2.999107999999999774e-01
