1.499967000000000050e+00 -3.235758000000000200e-05
1.506639000000000062e+00 -3.586954000000000216e-05
1.512343999999999911e+00 -3.294279999999999908e-05
1.519055999999999962e+00 -3.352813999999999778e-05
1.525085999999999942e+00 -3.645484999999999877e-05
1.531458999999999904e+00 -3.469893000000000288e-05
1.537501000000000007e+00 -3.469881000000000126e-05
1.543892000000000042e+00 -3.586951000000000007e-05
1.549927999999999972e+00 -3.352808000000000036e-05
1.556637000000000048e+00 -3.352819000000000128e-05
1.562683000000000044e+00 -3.469893000000000288e-05
1.569031000000000065e+00 -3.411349999999999788e-05
1.575083999999999929e+00 -3.586963000000000168e-05
1.581455000000000055e+00 -3.528422999999999878e-05
1.587479000000000084e+00 -3.586951000000000007e-05
1.593847000000000014e+00 -3.762557999999999967e-05
1.600560999999999900e+00 -3.645484999999999877e-05
1.606597999999999971e+00 -3.645492999999999759e-05
1.612962000000000007e+00 -3.645499000000000179e-05
1.619005999999999945e+00 -3.704036000000000259e-05
1.625378999999999907e+00 -3.294299999999999952e-05
1.631445999999999952e+00 -3.586968999999999911e-05
1.638166999999999929e+00 -3.586965999999999701e-05
1.644200000000000106e+00 -3.528431999999999830e-05
1.650590999999999919e+00 -3.645504999999999921e-05
1.656609999999999916e+00 -3.411361999999999950e-05
1.662976999999999927e+00 -3.528417000000000136e-05
1.669014999999999915e+00 -3.469890000000000078e-05
1.675367000000000051e+00 -3.294283000000000118e-05
1.681408999999999931e+00 -3.586963000000000168e-05
1.688121999999999900e+00 -3.352831000000000290e-05
1.694169000000000036e+00 -3.704036000000000259e-05
1.700525999999999982e+00 -3.411358999999999740e-05
1.706901000000000002e+00 -3.411358999999999740e-05
1.712941000000000047e+00 -3.411358999999999740e-05
1.719641999999999893e+00 -3.411358999999999740e-05
1.725351000000000079e+00 -3.469915999999999864e-05
1.732067999999999941e+00 -3.469897999999999960e-05
1.738091999999999970e+00 -3.469881000000000126e-05
1.744472000000000023e+00 -3.762561000000000177e-05
1.750505999999999895e+00 -3.528429000000000298e-05
1.756893999999999956e+00 -3.704029999999999839e-05
1.762893000000000043e+00 -3.469890000000000078e-05
1.769613000000000103e+00 -3.469913000000000332e-05
1.775644999999999918e+00 -3.294295000000000280e-05
1.782011000000000012e+00 -3.645491000000000297e-05
1.788051000000000057e+00 -3.704033000000000049e-05
1.794429000000000052e+00 -3.528417000000000136e-05
1.801150000000000029e+00 -3.586974000000000260e-05
1.806864000000000026e+00 -3.704027000000000307e-05
1.813581000000000110e+00 -3.586954000000000216e-05
1.819617999999999958e+00 -3.352842999999999774e-05
1.825973000000000068e+00 -3.528443999999999992e-05
1.832017000000000007e+00 -3.762574999999999801e-05
1.838392999999999944e+00 -3.411373000000000042e-05
1.844451999999999980e+00 -3.469897999999999960e-05
1.851123000000000074e+00 -3.528429000000000298e-05
1.857167999999999930e+00 -3.469886999999999868e-05
1.863544000000000089e+00 -3.411361999999999950e-05
1.869558999999999971e+00 -3.352828000000000080e-05
1.875947000000000031e+00 -3.586959999999999959e-05
1.881980999999999904e+00 -3.352819000000000128e-05
1.888417000000000012e+00 -3.294286000000000328e-05
1.894452000000000025e+00 -3.528419999999999669e-05
1.901170999999999944e+00 -3.645492999999999759e-05
1.907556000000000029e+00 -3.528419999999999669e-05
1.913580999999999976e+00 -3.528417000000000136e-05
1.919963000000000086e+00 -3.469886999999999868e-05
1.925991000000000009e+00 -3.411358999999999740e-05
1.932673000000000085e+00 -3.469881000000000126e-05
1.938385000000000025e+00 -3.294279999999999908e-05
1.945105000000000084e+00 -3.411349999999999788e-05
1.951143999999999989e+00 -3.528429000000000298e-05
1.957513999999999976e+00 -3.645481999999999667e-05
1.963538999999999923e+00 -3.528435000000000040e-05
1.969926000000000066e+00 -3.411361999999999950e-05
1.975988999999999995e+00 -3.586954000000000216e-05
1.982712999999999948e+00 -3.411356000000000208e-05
1.988745999999999903e+00 -3.645484999999999877e-05
1.995128000000000013e+00 -3.528431999999999830e-05
2.001466999999999885e+00 -3.762581000000000221e-05
2.007522999999999946e+00 -3.235751999999999780e-05
2.014245999999999981e+00 -3.352824999999999870e-05
2.019918999999999798e+00 -3.469886999999999868e-05
2.026625999999999816e+00 -3.469893000000000288e-05
2.032669999999999977e+00 -3.294295000000000280e-05
2.039023999999999948e+00 -3.411356000000000208e-05
2.045066999999999968e+00 -3.704036000000000259e-05
2.051436999999999955e+00 -3.235754999999999990e-05
2.057493000000000016e+00 -3.586974000000000260e-05
2.064191000000000109e+00 -3.528435000000000040e-05
2.070234999999999825e+00 -3.411358999999999740e-05
2.076613000000000042e+00 -3.294283000000000118e-05
2.082641999999999882e+00 -3.352816999999999988e-05
2.089013000000000009e+00 -3.528429000000000298e-05
2.095061999999999980e+00 -3.235754999999999990e-05
2.101439000000000057e+00 -3.586963000000000168e-05
2.108121000000000134e+00 -3.411356000000000208e-05
2.114148999999999834e+00 -3.352824999999999870e-05
2.120525000000000215e+00 -3.469893000000000288e-05
2.126549999999999940e+00 -3.177239000000000023e-05
2.132953000000000099e+00 -3.352845999999999984e-05
2.138977000000000128e+00 -3.352853999999999866e-05
2.145715000000000039e+00 -3.411370999999999902e-05
2.151406999999999847e+00 -3.411373000000000042e-05
2.158115000000000006e+00 -3.235769999999999684e-05
2.164162999999999837e+00 -3.294288999999999860e-05
2.170541000000000054e+00 -3.177222000000000189e-05
2.176572999999999869e+00 -3.177235999999999814e-05
2.182951999999999781e+00 -3.411358999999999740e-05
2.188956000000000124e+00 -3.177226999999999862e-05
2.195660999999999863e+00 -3.294295000000000280e-05
2.202040999999999915e+00 -3.528431999999999830e-05
2.208098000000000116e+00 -3.001625999999999982e-05
2.214443000000000161e+00 -3.177222000000000189e-05
2.220492999999999828e+00 -3.469913000000000332e-05
2.227199000000000151e+00 -3.235763999999999942e-05
2.232917000000000041e+00 -3.177233000000000281e-05
2.239630000000000010e+00 -3.177242000000000233e-05
2.245664999999999800e+00 -3.001638000000000144e-05
2.252051999999999943e+00 -3.294283000000000118e-05
2.258067000000000046e+00 -2.708949999999999873e-05
2.264435000000000198e+00 -2.884594000000000050e-05
2.270490000000000119e+00 -3.060174999999999885e-05
2.277168000000000081e+00 -2.943096000000000053e-05
2.283205999999999847e+00 -2.708967000000000045e-05
2.289581999999999784e+00 -2.416308000000000109e-05
2.295634999999999870e+00 -2.474830000000000156e-05
2.301985999999999866e+00 -2.182166999999999939e-05
2.308695999999999859e+00 -2.065090999999999978e-05
2.314408999999999939e+00 -2.182155999999999847e-05
2.321136000000000088e+00 -2.123630999999999929e-05
2.327183999999999919e+00 -1.889491000000000168e-05
2.333569999999999922e+00 -1.655349999999999999e-05
2.339590999999999976e+00 -1.596819000000000000e-05
2.345959000000000128e+00 -1.479760999999999943e-05
2.352005000000000123e+00 -7.773516999999999184e-06
2.358718999999999788e+00 -3.676105000000000187e-06
2.364393999999999885e+00 3.933354000000000322e-06
2.371100999999999903e+00 6.274552999999999792e-06
2.377136000000000138e+00 1.329856000000000062e-05
2.383503000000000149e+00 2.266423000000000103e-05
2.389546000000000170e+00 2.910287000000000008e-05
2.395920999999999967e+00 4.080961999999999773e-05
2.402648000000000117e+00 5.193086999999999904e-05
2.408669000000000171e+00 6.597893999999999547e-05
2.415029000000000092e+00 8.412441999999999847e-05
2.421073999999999948e+00 1.028550999999999972e-04
2.427437999999999985e+00 1.280245000000000005e-04
2.433476999999999890e+00 1.590472999999999909e-04
2.440192999999999834e+00 1.953387000000000005e-04
2.445917999999999815e+00 2.316297000000000093e-04
2.452571999999999974e+00 2.807980000000000176e-04
2.458607000000000209e+00 3.369903999999999847e-04
2.464998000000000022e+00 4.048894999999999729e-04
2.471007999999999871e+00 4.798124999999999873e-04
2.477390000000000203e+00 5.687835999999999934e-04
2.483432999999999780e+00 6.723881999999999602e-04
2.490172999999999970e+00 8.035046000000000115e-04
2.495878999999999959e+00 9.275957000000000473e-04
2.502596000000000043e+00 1.098514999999999995e-03
2.508964999999999890e+00 1.277628000000000054e-03
2.514987999999999779e+00 1.472545000000000017e-03
2.521692999999999962e+00 1.709606000000000016e-03
2.527400000000000091e+00 1.933203999999999999e-03
2.534085999999999839e+00 2.222948000000000198e-03
2.540131999999999834e+00 2.506251000000000138e-03
2.546492999999999896e+00 2.827601999999999807e-03
2.552554000000000212e+00 3.160074000000000129e-03
2.558914000000000133e+00 3.532346999999999917e-03
2.564947000000000088e+00 3.905207999999999856e-03
2.571663000000000032e+00 4.345380999999999723e-03
2.577339999999999964e+00 4.739900000000000016e-03
2.584046999999999983e+00 5.223974000000000152e-03
2.590085000000000193e+00 5.683464000000000051e-03
2.596465999999999941e+00 6.190366000000000098e-03
2.602832999999999952e+00 6.714829000000000284e-03
2.608865000000000212e+00 7.229924999999999893e-03
2.615593000000000057e+00 7.823458000000000148e-03
2.621593999999999980e+00 8.373092000000000382e-03
2.627981000000000122e+00 8.971890999999999200e-03
2.634021999999999863e+00 9.556643000000000082e-03
2.640369000000000188e+00 1.018294999999999964e-02
2.646415999999999880e+00 1.079872999999999944e-02
2.653124000000000038e+00 1.149177000000000011e-02
2.658853000000000133e+00 1.210403000000000000e-02
2.665588000000000068e+00 1.283512000000000021e-02
2.671634000000000064e+00 1.350590999999999944e-02
2.678001000000000076e+00 1.422294999999999983e-02
2.684016999999999875e+00 1.491716000000000049e-02
2.690402999999999878e+00 1.566638999999999879e-02
2.696431000000000022e+00 1.638811000000000087e-02
2.703164999999999818e+00 1.719938999999999843e-02
2.709503000000000217e+00 1.798198999999999978e-02
2.715539999999999843e+00 1.873355999999999980e-02
2.721924000000000010e+00 1.954542000000000085e-02
2.727952000000000155e+00 2.032333999999999877e-02
2.734668999999999794e+00 2.119959000000000079e-02
2.740366999999999997e+00 2.195642999999999900e-02
2.747078999999999827e+00 2.285668000000000075e-02
2.753109999999999946e+00 2.368024000000000170e-02
2.759488000000000163e+00 2.456059000000000020e-02
2.765543000000000085e+00 2.540757999999999905e-02
2.771891999999999801e+00 2.630489999999999912e-02
2.777935999999999961e+00 2.717061999999999949e-02
2.784648999999999930e+00 2.814461999999999867e-02
2.790337000000000067e+00 2.898517000000000107e-02
2.797032999999999880e+00 2.997613999999999834e-02
2.803399999999999892e+00 3.093784999999999938e-02
2.809441000000000077e+00 3.185916999999999916e-02
2.815815000000000179e+00 3.283785000000000176e-02
2.821864999999999846e+00 3.378433000000000130e-02
2.828580000000000094e+00 3.484087999999999768e-02
2.834639000000000131e+00 3.580962000000000034e-02
2.841006999999999838e+00 3.683569999999999900e-02
2.847040999999999933e+00 3.782375999999999794e-02
2.853435000000000166e+00 3.887677999999999967e-02
2.859459000000000195e+00 3.988884000000000180e-02
2.866169000000000189e+00 4.101852999999999749e-02
2.871871000000000063e+00 4.199370000000000186e-02
2.878550000000000164e+00 4.314155000000000073e-02
2.884590999999999905e+00 4.420042999999999889e-02
2.890973999999999933e+00 4.532544000000000156e-02
2.897015000000000118e+00 4.640657000000000115e-02
2.903366000000000113e+00 4.755265000000000186e-02
2.910076999999999803e+00 4.877366000000000340e-02
2.916129000000000193e+00 4.989458000000000087e-02
2.922499999999999876e+00 5.108279999999999765e-02
2.928557000000000077e+00 5.222950999999999983e-02
2.934924999999999784e+00 5.344055999999999806e-02
2.940954000000000068e+00 5.461123999999999840e-02
2.947664000000000062e+00 5.590950000000000086e-02
2.953368999999999911e+00 5.704913999999999819e-02
2.960088999999999970e+00 5.838199000000000166e-02
2.966092999999999869e+00 5.959948000000000329e-02
2.972461000000000020e+00 6.089424000000000226e-02
2.978496999999999950e+00 6.214511000000000340e-02
2.984860999999999986e+00 6.346680000000000377e-02
2.990921000000000163e+00 6.474575999999999942e-02
2.997628999999999877e+00 6.616519999999999346e-02
3.004024999999999945e+00 6.754014999999999325e-02
3.010060000000000180e+00 6.886533999999999711e-02
3.016446000000000183e+00 7.026785000000000669e-02
3.022482000000000113e+00 7.161821999999999633e-02
3.028833000000000109e+00 7.304409000000000596e-02
3.034886999999999890e+00 7.442609000000000030e-02
3.041598000000000024e+00 7.595615000000000006e-02
3.047613999999999823e+00 7.736210999999999782e-02
3.053993999999999875e+00 7.885707000000000133e-02
3.060027999999999970e+00 8.029754000000000058e-02
3.066399999999999793e+00 8.182469000000000547e-02
3.072423999999999822e+00 8.329395000000000548e-02
3.079153999999999947e+00 8.492584999999999718e-02
3.084865999999999886e+00 8.636399999999999633e-02
3.091568000000000094e+00 8.802105000000000345e-02
3.097596999999999934e+00 8.955462999999999618e-02
3.103965000000000085e+00 9.117255999999999971e-02
3.110364000000000129e+00 9.281678000000000150e-02
3.116381000000000068e+00 9.439135999999999360e-02
3.123078000000000021e+00 9.613681000000000310e-02
3.129131999999999802e+00 9.775702999999999476e-02
3.135470999999999897e+00 9.945276000000000116e-02
3.141506000000000132e+00 1.010940000000000033e-01
3.147888000000000019e+00 1.028189999999999937e-01
3.153944000000000081e+00 1.044777999999999957e-01
3.160633999999999943e+00 1.063040999999999986e-01
3.166328000000000031e+00 1.078717000000000009e-01
3.173052999999999901e+00 1.095105999999999996e-01
3.179107999999999823e+00 1.111576999999999982e-01
3.185493999999999826e+00 1.129026000000000057e-01
3.191526999999999781e+00 1.147100999999999954e-01
3.197893000000000097e+00 1.165632999999999947e-01
3.204597999999999836e+00 1.185932999999999987e-01
3.210639000000000021e+00 1.203458000000000028e-01
3.217029000000000138e+00 1.222697999999999979e-01
3.223038999999999987e+00 1.241189000000000042e-01
3.229411999999999949e+00 1.259965999999999864e-01
3.235446000000000044e+00 1.278462999999999961e-01
3.241813000000000056e+00 1.297995999999999872e-01
3.247851999999999961e+00 1.317259000000000069e-01
3.254579000000000111e+00 1.337751000000000079e-01
3.260629000000000222e+00 1.357343000000000022e-01
3.267049000000000092e+00 1.377272999999999969e-01
3.273083999999999882e+00 1.396342999999999890e-01
3.279457999999999984e+00 1.416196999999999873e-01
3.285480999999999874e+00 1.435017000000000098e-01
3.292200999999999933e+00 1.455738000000000032e-01
3.297890000000000210e+00 1.473912000000000000e-01
3.304635999999999907e+00 1.494691999999999965e-01
3.310961999999999961e+00 1.514599000000000084e-01
3.317009000000000096e+00 1.533675999999999928e-01
3.323373000000000133e+00 1.553653000000000117e-01
3.329406000000000088e+00 1.572765000000000135e-01
3.336113999999999802e+00 1.593754000000000004e-01
3.342163000000000217e+00 1.613082000000000127e-01
3.348571999999999882e+00 1.633304999999999896e-01
3.354607000000000117e+00 1.652604000000000017e-01
3.360967000000000038e+00 1.672914000000000068e-01
3.367023999999999795e+00 1.692284000000000010e-01
3.373701000000000061e+00 1.713565999999999978e-01
3.379430000000000156e+00 1.732297999999999893e-01
3.386133000000000060e+00 1.753843999999999959e-01
3.392145999999999884e+00 1.773704000000000114e-01
3.398508000000000084e+00 1.794553999999999871e-01
3.404895999999999923e+00 1.815709000000000073e-01
3.410949000000000009e+00 1.836073000000000011e-01
3.417644999999999822e+00 1.858315000000000106e-01
3.423678000000000221e+00 1.878924999999999901e-01
3.430048000000000208e+00 1.900588000000000000e-01
3.436088999999999949e+00 1.921420000000000072e-01
3.442476999999999787e+00 1.943400000000000127e-01
3.448497999999999841e+00 1.964501999999999915e-01
3.454889999999999795e+00 1.986738000000000115e-01
3.460894999999999833e+00 2.008027000000000006e-01
3.467601999999999851e+00 2.031469999999999942e-01
3.473656000000000077e+00 2.053220000000000045e-01
3.480010000000000048e+00 2.075896999999999881e-01
3.486043000000000003e+00 2.097903999999999880e-01
3.492417999999999800e+00 2.120914000000000132e-01
3.498438999999999854e+00 2.143064000000000080e-01
3.505145999999999873e+00 2.167309000000000041e-01
3.511535999999999991e+00 2.190792000000000017e-01
3.517590000000000217e+00 2.213398000000000032e-01
3.523972999999999800e+00 2.237097999999999864e-01
3.530030000000000001e+00 2.259921000000000013e-01
3.536391000000000062e+00 2.283696000000000059e-01
3.542428000000000132e+00 2.306584000000000134e-01
3.549139999999999961e+00 2.331471999999999989e-01
3.555172999999999917e+00 2.354457000000000078e-01
3.561549999999999994e+00 2.378539000000000070e-01
3.567552000000000056e+00 2.401459999999999984e-01
3.573923000000000183e+00 2.425540999999999947e-01
3.579982000000000220e+00 2.448703000000000130e-01
3.586681000000000008e+00 2.473754999999999982e-01
3.592369999999999841e+00 2.495986000000000038e-01
3.599086999999999925e+00 2.521097999999999950e-01
3.605503000000000124e+00 2.545441999999999982e-01
3.611514000000000113e+00 2.568561999999999790e-01
3.617875999999999870e+00 2.592658999999999936e-01
3.623928999999999956e+00 2.615851000000000148e-01
3.630622999999999934e+00 2.640946000000000127e-01
3.636662999999999979e+00 2.664080999999999810e-01
3.643060999999999883e+00 2.688238000000000016e-01
3.649061000000000110e+00 2.711214000000000124e-01
3.655428000000000122e+00 2.735214000000000256e-01
3.661456999999999962e+00 2.758240000000000136e-01
3.667851000000000194e+00 2.782298000000000271e-01
3.673871999999999804e+00 2.805184000000000011e-01
3.680598999999999954e+00 2.830126000000000031e-01
3.686627000000000098e+00 2.852958999999999912e-01
3.693029999999999813e+00 2.876869000000000232e-01
3.699068000000000023e+00 2.899628000000000205e-01
3.705439999999999845e+00 2.923370000000000135e-01
3.712172999999999945e+00 2.948118000000000127e-01
3.718192000000000164e+00 2.970682000000000045e-01
3.724555000000000060e+00 2.994143000000000221e-01
