1.300008000000000052e+00 -3.996666000000000200e-05
1.314434000000000102e+00 -3.586945000000000264e-05
1.328553000000000095e+00 -3.879627999999999847e-05
1.342927999999999900e+00 -3.938134999999999862e-05
1.357010999999999967e+00 -3.996680999999999894e-05
1.371456999999999926e+00 -3.821086000000000095e-05
1.385537999999999936e+00 -3.879605000000000271e-05
1.399950999999999945e+00 -3.821064999999999981e-05
1.414406999999999970e+00 -3.879625000000000315e-05
1.428457000000000088e+00 -3.821059000000000239e-05
1.442863000000000007e+00 -3.996666000000000200e-05
1.456968999999999959e+00 -3.762540000000000063e-05
1.471427999999999958e+00 -3.703986000000000149e-05
1.485511000000000026e+00 -3.879598999999999851e-05
1.499948999999999977e+00 -4.113736000000000080e-05
1.514331000000000094e+00 -3.879602000000000061e-05
1.528424999999999923e+00 -3.938121000000000237e-05
1.542858000000000063e+00 -3.645455999999999881e-05
1.556950000000000056e+00 -3.586925000000000221e-05
1.571369000000000016e+00 -4.055211000000000162e-05
1.585480999999999918e+00 -3.938121000000000237e-05
1.599860999999999978e+00 -3.996675000000000152e-05
1.614619000000000026e+00 -3.762534000000000321e-05
1.628387000000000029e+00 -3.762532000000000181e-05
1.643178000000000027e+00 -3.762545999999999805e-05
1.656924000000000063e+00 -3.528393999999999883e-05
1.671372999999999998e+00 -3.703991999999999891e-05
1.685422999999999893e+00 -3.762516999999999809e-05
1.699842999999999993e+00 -3.938134999999999862e-05
1.714609999999999967e+00 -3.703995000000000101e-05
1.728359999999999896e+00 -3.879598999999999851e-05
1.743117000000000028e+00 -3.528402999999999835e-05
1.756879000000000079e+00 -4.172269999999999950e-05
1.771603999999999957e+00 -3.996651999999999898e-05
1.785349000000000075e+00 -3.879598999999999851e-05
1.800125999999999893e+00 -3.938130000000000189e-05
1.814565999999999901e+00 -3.938132000000000329e-05
1.828642000000000101e+00 -4.055207999999999952e-05
1.843096999999999985e+00 -3.938130000000000189e-05
1.857151999999999914e+00 -3.879589999999999899e-05
1.871566000000000063e+00 -3.762540000000000063e-05
1.885324000000000000e+00 -3.996675000000000152e-05
1.900144999999999973e+00 -3.938147000000000023e-05
1.914563999999999933e+00 -3.821068000000000191e-05
1.928660999999999959e+00 -3.645466999999999973e-05
1.943062000000000067e+00 -3.879613000000000153e-05
1.957141999999999937e+00 -3.938150000000000233e-05
1.971584000000000003e+00 -3.938147000000000023e-05
1.985694000000000070e+00 -4.113759000000000334e-05
2.000122000000000178e+00 -3.762536999999999853e-05
2.014549999999999841e+00 -3.879613000000000153e-05
2.028608999999999885e+00 -3.703998000000000311e-05
2.043031000000000041e+00 -3.821061999999999771e-05
2.057138999999999829e+00 -3.821059000000000239e-05
2.071556000000000175e+00 -3.938147000000000023e-05
2.085634999999999906e+00 -3.821077000000000143e-05
2.100079000000000029e+00 -3.645466999999999973e-05
2.114457999999999949e+00 -3.996677999999999684e-05
2.128547999999999885e+00 -3.762554999999999757e-05
2.142992000000000008e+00 -3.821070999999999723e-05
2.157099000000000100e+00 -3.821064999999999981e-05
2.171511999999999887e+00 -3.879607999999999803e-05
2.185616000000000003e+00 -3.938147000000000023e-05
2.200006999999999824e+00 -3.762569000000000059e-05
2.214418999999999915e+00 -3.704020999999999887e-05
2.228536000000000072e+00 -3.704000999999999843e-05
2.242964999999999876e+00 -3.938134999999999862e-05
2.257048000000000165e+00 -3.821070999999999723e-05
2.271481000000000083e+00 -3.762536999999999853e-05
2.285538999999999987e+00 -3.586930999999999963e-05
2.299961000000000144e+00 -3.645461000000000231e-05
2.314394000000000062e+00 -4.055207999999999952e-05
2.328508999999999940e+00 -3.645475999999999925e-05
2.342935999999999908e+00 -3.821073999999999933e-05
2.357034000000000074e+00 -3.762543000000000273e-05
2.371424999999999894e+00 -3.586936999999999705e-05
2.385505999999999904e+00 -3.879607999999999803e-05
2.399945999999999913e+00 -3.762540000000000063e-05
2.414699999999999847e+00 -3.821077000000000143e-05
2.428427999999999809e+00 -4.055229000000000066e-05
2.442879000000000023e+00 -3.762543000000000273e-05
2.456952999999999943e+00 -3.528402999999999835e-05
2.471347999999999878e+00 -3.938155999999999975e-05
2.485453999999999830e+00 -3.879618999999999895e-05
2.499916999999999945e+00 -3.762545999999999805e-05
2.514660999999999813e+00 -3.645475999999999925e-05
2.528414000000000161e+00 -3.821082999999999885e-05
2.543143999999999849e+00 -3.704011999999999935e-05
2.556896000000000058e+00 -3.645475999999999925e-05
2.571673999999999793e+00 -3.762543000000000273e-05
2.585408000000000150e+00 -3.704029999999999839e-05
2.600140000000000118e+00 -3.762569000000000059e-05
2.614580999999999822e+00 -3.704020999999999887e-05
2.628652999999999906e+00 -3.645470000000000183e-05
2.643053000000000097e+00 -3.704009999999999795e-05
2.656829999999999803e+00 -3.821088000000000235e-05
2.671629999999999949e+00 -3.762545999999999805e-05
2.685359000000000052e+00 -3.762552000000000225e-05
2.700127000000000166e+00 -3.762563999999999709e-05
2.714544000000000068e+00 -3.938150000000000233e-05
2.728613000000000177e+00 -3.645479000000000135e-05
2.743049000000000071e+00 -3.704020999999999887e-05
2.757146999999999792e+00 -3.528422999999999878e-05
2.771549999999999958e+00 -3.645484999999999877e-05
2.785648000000000124e+00 -3.762581000000000221e-05
2.800056000000000100e+00 -3.586954000000000216e-05
2.814458000000000126e+00 -3.645491000000000297e-05
2.828571999999999864e+00 -3.469906999999999912e-05
2.843027999999999889e+00 -3.762552000000000225e-05
2.857085999999999792e+00 -3.469890000000000078e-05
2.871535000000000171e+00 -3.469886999999999868e-05
2.885602000000000000e+00 -3.586945000000000264e-05
2.900005999999999862e+00 -3.762565999999999849e-05
2.914454000000000100e+00 -3.586959999999999959e-05
2.928555999999999937e+00 -3.704029999999999839e-05
2.942952000000000012e+00 -3.469897999999999960e-05
2.957054999999999989e+00 -3.411358999999999740e-05
2.971467000000000080e+00 -3.586951000000000007e-05
2.985543999999999976e+00 -3.411349999999999788e-05
2.999967999999999968e+00 -3.411356000000000208e-05
3.014435999999999893e+00 -3.469906999999999912e-05
3.028509000000000118e+00 -3.528435000000000040e-05
3.042940999999999896e+00 -3.469890000000000078e-05
3.057010000000000005e+00 -3.235742999999999828e-05
3.071428000000000047e+00 -3.235751999999999780e-05
3.085523999999999933e+00 -3.235742999999999828e-05
3.099950000000000205e+00 -3.469886999999999868e-05
3.114370000000000083e+00 -3.177218999999999980e-05
3.128442999999999863e+00 -3.411387999999999736e-05
3.142846000000000029e+00 -3.294315000000000324e-05
3.156925000000000203e+00 -3.118701999999999943e-05
3.171368000000000187e+00 -3.352837000000000032e-05
3.185496000000000105e+00 -3.001599999999999857e-05
3.199895999999999852e+00 -3.118668000000000275e-05
3.214659000000000155e+00 -3.352816999999999988e-05
3.228397000000000183e+00 -3.294295000000000280e-05
3.242802000000000184e+00 -3.294296999999999742e-05
3.256914999999999782e+00 -2.884550000000000021e-05
3.271411000000000069e+00 -3.352828000000000080e-05
3.285471999999999948e+00 -2.708934999999999840e-05
3.299906000000000006e+00 -2.826014000000000011e-05
3.314648000000000039e+00 -2.943083999999999891e-05
3.328384999999999927e+00 -3.177244999999999766e-05
3.343158999999999992e+00 -2.884552999999999892e-05
3.356946999999999903e+00 -2.767480000000000141e-05
3.371691000000000216e+00 -2.943089999999999972e-05
3.385464999999999947e+00 -3.001638000000000144e-05
3.400199999999999889e+00 -2.884556000000000102e-05
3.414607999999999866e+00 -2.708949999999999873e-05
3.428386000000000156e+00 -2.767489000000000093e-05
3.443138999999999950e+00 -2.708953000000000082e-05
3.456866000000000216e+00 -2.357753999999999856e-05
3.471642999999999812e+00 -2.591893999999999955e-05
3.485371000000000219e+00 -2.299208000000000163e-05
3.500116999999999923e+00 -2.416270000000000161e-05
3.514549000000000145e+00 -2.416295999999999947e-05
3.528665000000000163e+00 -2.474826999999999946e-05
3.543089999999999851e+00 -2.357750999999999985e-05
3.557195000000000107e+00 -2.182150000000000105e-05
3.571575999999999862e+00 -2.123610000000000154e-05
3.585659000000000152e+00 -2.006546000000000016e-05
3.600114000000000036e+00 -2.299219999999999986e-05
3.614530999999999938e+00 -1.948012999999999877e-05
3.628603000000000023e+00 -1.948030000000000050e-05
3.643059000000000047e+00 -2.006561000000000049e-05
3.657109999999999861e+00 -1.772417000000000008e-05
3.671517000000000142e+00 -1.772417000000000008e-05
3.685626000000000069e+00 -1.889479000000000007e-05
3.700080999999999953e+00 -1.655347000000000128e-05
3.714490000000000069e+00 -1.362667999999999978e-05
3.728588999999999931e+00 -1.713889999999999950e-05
3.742996000000000212e+00 -1.362688000000000022e-05
3.757082000000000033e+00 -1.011497999999999916e-05
3.771509000000000000e+00 -1.011483000000000053e-05
3.785591000000000150e+00 -1.070007999999999971e-05
3.800018000000000118e+00 -1.011475000000000002e-05
3.814436000000000160e+00 -8.944364000000000139e-06
3.828501999999999850e+00 -7.188063999999999692e-06
3.842924000000000007e+00 -4.846836000000000057e-06
3.857025999999999843e+00 -3.090738999999999920e-06
3.871474000000000082e+00 -3.676105000000000187e-06
3.885545000000000027e+00 -4.261382999999999718e-06
3.899985000000000035e+00 -7.494527000000000310e-07
3.914375999999999856e+00 4.211323999999999839e-07
3.928462999999999816e+00 2.177228000000000019e-06
3.942900999999999989e+00 3.933237000000000269e-06
3.956984999999999975e+00 4.518603000000000112e-06
3.971384000000000025e+00 8.030620000000000371e-06
3.985466999999999871e+00 5.103677000000000365e-06
3.999887000000000192e+00 1.037167000000000060e-05
4.014300999999999675e+00 1.329858999999999933e-05
4.028388999999999776e+00 1.622535999999999944e-05
4.042869999999999742e+00 1.622529999999999863e-05
4.056939999999999991e+00 1.563987000000000040e-05
4.071358000000000033e+00 1.856663999999999881e-05
4.085433000000000092e+00 1.973725999999999879e-05
4.099857000000000085e+00 2.500548999999999901e-05
4.114622999999999919e+00 2.793184999999999922e-05
4.128375000000000128e+00 2.910266999999999965e-05
4.143121999999999971e+00 3.378552999999999906e-05
4.156888000000000361e+00 3.437081000000000034e-05
4.171618999999999744e+00 3.495582000000000306e-05
4.185367000000000282e+00 4.022414000000000279e-05
4.199798999999999616e+00 4.022414000000000279e-05
4.214603000000000321e+00 4.549210999999999836e-05
4.228342999999999741e+00 4.607730000000000013e-05
4.243089999999999584e+00 4.900426999999999897e-05
4.256821999999999662e+00 5.193081000000000162e-05
4.271579000000000015e+00 5.778429000000000101e-05
4.285331000000000223e+00 5.778420000000000149e-05
4.300107999999999819e+00 6.480802999999999553e-05
4.314534000000000091e+00 6.597875999999999643e-05
4.328621000000000052e+00 7.300280000000000517e-05
4.343015000000000292e+00 7.885639000000000548e-05
4.357105999999999923e+00 8.236840999999999629e-05
4.371539000000000286e+00 8.763637999999999864e-05
4.385653999999999719e+00 8.997766000000000141e-05
4.400087000000000081e+00 9.466046999999999732e-05
4.414505000000000123e+00 1.016845999999999988e-04
4.428564999999999863e+00 1.051966000000000018e-04
4.442986000000000324e+00 1.128060000000000038e-04
4.457078000000000095e+00 1.157327000000000041e-04
4.471505999999999759e+00 1.239275000000000023e-04
4.485611999999999711e+00 1.303660000000000051e-04
4.500001000000000140e+00 1.350486999999999933e-04
4.514414000000000371e+00 1.432434999999999915e-04
4.528520000000000323e+00 1.514382999999999897e-04
4.542917000000000094e+00 1.578770000000000065e-04
4.557038999999999618e+00 1.625594000000000008e-04
4.571505000000000152e+00 1.725103999999999874e-04
4.585550999999999711e+00 1.807051000000000057e-04
4.599953000000000181e+00 1.912410999999999874e-04
4.614404999999999646e+00 2.000212000000000019e-04
4.628474999999999895e+00 2.088011000000000023e-04
4.642952000000000190e+00 2.181665000000000058e-04
4.657085000000000363e+00 2.298733999999999869e-04
4.671467999999999954e+00 2.404092000000000089e-04
4.685546999999999684e+00 2.515306000000000139e-04
4.699985999999999997e+00 2.767003999999999775e-04
4.714380000000000237e+00 2.977726000000000092e-04
4.728519000000000361e+00 3.170887999999999853e-04
4.742960000000000065e+00 3.615744000000000054e-04
4.756999999999999673e+00 3.908410000000000074e-04
4.771424999999999805e+00 4.283030999999999752e-04
4.785525999999999947e+00 4.891779000000000179e-04
4.799915999999999627e+00 6.021479000000000154e-04
4.814354999999999940e+00 7.876997000000000165e-04
4.828471000000000402e+00 1.051686999999999934e-03
4.842838000000000420e+00 1.662779000000000080e-03
4.856796000000000113e+00 4.473567000000000342e-03
