1.000105000000000022e+00 -2.824442000000000155e-05
1.005144999999999955e+00 -3.000040000000000164e-05
1.009816999999999965e+00 -3.000060999999999939e-05
1.014853000000000005e+00 -3.000060999999999939e-05
1.019886000000000070e+00 -3.000058000000000068e-05
1.024915000000000020e+00 -3.117137000000000239e-05
1.029949000000000003e+00 -3.117130999999999819e-05
1.034987000000000101e+00 -2.824447999999999897e-05
1.040024999999999977e+00 -2.824442000000000155e-05
1.045063000000000075e+00 -3.058612000000000321e-05
1.050097999999999976e+00 -2.882984999999999977e-05
1.055112999999999968e+00 -2.882973000000000154e-05
1.059806999999999944e+00 -2.882987999999999849e-05
1.064835999999999894e+00 -2.941529999999999940e-05
1.069876000000000049e+00 -2.824442000000000155e-05
1.074877000000000082e+00 -3.000058000000000068e-05
1.079906000000000033e+00 -2.882998999999999940e-05
1.084943999999999908e+00 -3.234198000000000167e-05
1.089982999999999924e+00 -3.000058000000000068e-05
1.094999000000000056e+00 -2.882978999999999897e-05
1.100368000000000013e+00 -2.824453999999999978e-05
1.105390000000000095e+00 -3.000065999999999950e-05
1.110433999999999921e+00 -3.117150999999999863e-05
1.115548999999999902e+00 -3.058620000000000203e-05
1.120527999999999968e+00 -3.058605999999999901e-05
1.125566000000000066e+00 -3.000054999999999858e-05
1.130600000000000049e+00 -3.058593999999999739e-05
1.135639000000000065e+00 -3.000045999999999906e-05
1.140295999999999976e+00 -2.941523999999999859e-05
1.145345000000000057e+00 -2.941547000000000112e-05
1.150373000000000090e+00 -3.000058000000000068e-05
1.155419999999999892e+00 -3.058593999999999739e-05
1.160411000000000081e+00 -3.175666999999999829e-05
1.165443000000000007e+00 -3.117141999999999911e-05
1.170471000000000039e+00 -2.824447999999999897e-05
1.175507000000000080e+00 -2.824447999999999897e-05
1.180528999999999940e+00 -2.882978999999999897e-05
1.185567000000000037e+00 -3.000058000000000068e-05
1.190601999999999938e+00 -2.882978999999999897e-05
1.195297999999999972e+00 -2.941529999999999940e-05
1.200355999999999979e+00 -2.765925999999999850e-05
1.205427000000000026e+00 -2.765935000000000141e-05
1.210458999999999952e+00 -2.824451000000000107e-05
1.215484999999999927e+00 -3.000072000000000031e-05
1.220522000000000107e+00 -3.058591000000000207e-05
1.225532999999999983e+00 -2.882987999999999849e-05
1.230569999999999942e+00 -3.058602999999999691e-05
1.235603999999999925e+00 -2.882992999999999859e-05
1.240653999999999924e+00 -2.824451000000000107e-05
1.245322000000000040e+00 -3.000058000000000068e-05
1.250353000000000048e+00 -3.058587999999999997e-05
1.255382999999999916e+00 -2.824462999999999930e-05
1.260429000000000022e+00 -2.941523999999999859e-05
1.265441999999999956e+00 -2.707386999999999969e-05
1.270489999999999897e+00 -2.824453999999999978e-05
1.275514000000000037e+00 -2.882984999999999977e-05
1.280543999999999905e+00 -2.941513000000000106e-05
1.285579999999999945e+00 -3.058600000000000159e-05
1.290632999999999919e+00 -3.175673000000000249e-05
1.295674999999999910e+00 -3.000072000000000031e-05
1.301042999999999950e+00 -3.000058000000000068e-05
1.306083000000000105e+00 -3.175678999999999991e-05
1.311107000000000022e+00 -2.941529999999999940e-05
1.316140000000000088e+00 -3.058618000000000063e-05
1.321175999999999906e+00 -2.765915000000000097e-05
1.325871000000000022e+00 -2.824453999999999978e-05
1.330859999999999932e+00 -2.648839000000000136e-05
1.335906999999999956e+00 -3.000074999999999902e-05
1.340937999999999963e+00 -2.824462999999999930e-05
1.345976000000000061e+00 -2.765935000000000141e-05
1.351013999999999937e+00 -2.882992999999999859e-05
1.355944000000000038e+00 -2.883002000000000150e-05
1.361067000000000027e+00 -2.824476999999999893e-05
1.366098000000000035e+00 -2.765935000000000141e-05
1.371143999999999918e+00 -3.000069000000000160e-05
1.376157000000000075e+00 -2.648849999999999889e-05
1.380867999999999984e+00 -2.941527000000000069e-05
1.385898000000000074e+00 -2.707384000000000098e-05
1.390918000000000099e+00 -2.824456999999999849e-05
1.395949000000000106e+00 -3.000069000000000160e-05
1.400984999999999925e+00 -3.058614999999999853e-05
1.406006000000000089e+00 -3.117150999999999863e-05
1.411051000000000055e+00 -3.058602999999999691e-05
1.416063999999999989e+00 -2.824466000000000140e-05
1.421106999999999898e+00 -2.648855999999999970e-05
1.426137999999999906e+00 -2.648847000000000018e-05
1.431165999999999938e+00 -2.824447999999999897e-05
1.435869999999999980e+00 -2.648849999999999889e-05
1.440874999999999906e+00 -2.824462999999999930e-05
1.445913999999999922e+00 -2.707394999999999851e-05
1.450938000000000061e+00 -2.941538999999999892e-05
1.455985000000000085e+00 -2.941533000000000149e-05
1.461046000000000067e+00 -2.531773999999999928e-05
1.466064999999999952e+00 -2.824469000000000011e-05
1.471111000000000057e+00 -2.473255000000000090e-05
1.476148000000000016e+00 -2.356169999999999838e-05
1.481160000000000032e+00 -2.765909000000000016e-05
1.485861000000000098e+00 -2.648849999999999889e-05
1.490898999999999974e+00 -2.707380999999999888e-05
1.495929999999999982e+00 -2.824462999999999930e-05
1.501605999999999996e+00 -2.473241000000000127e-05
1.506631000000000054e+00 -2.883002000000000150e-05
1.511346000000000078e+00 -2.824456999999999849e-05
1.516370999999999913e+00 -2.590311000000000008e-05
1.521414999999999962e+00 -2.531777000000000138e-05
1.526434000000000069e+00 -2.590298999999999846e-05
1.531462000000000101e+00 -2.648855999999999970e-05
1.536488999999999994e+00 -2.648844000000000147e-05
1.541533000000000042e+00 -2.590313999999999879e-05
1.546645000000000048e+00 -2.707398000000000061e-05
1.551601999999999926e+00 -2.882992999999999859e-05
1.556637999999999966e+00 -2.648849999999999889e-05
1.561663000000000023e+00 -2.941544999999999972e-05
1.566351999999999967e+00 -2.824469000000000011e-05
1.571334999999999926e+00 -2.707386999999999969e-05
1.576435000000000031e+00 -2.648853000000000099e-05
1.581450000000000022e+00 -2.941538999999999892e-05
1.586500000000000021e+00 -2.648853000000000099e-05
1.591507999999999923e+00 -2.707384000000000098e-05
1.596535000000000037e+00 -2.882987999999999849e-05
1.601563999999999988e+00 -2.590311000000000008e-05
1.606597999999999971e+00 -2.824462999999999930e-05
1.611622000000000110e+00 -2.882998999999999940e-05
1.616656000000000093e+00 -2.707386999999999969e-05
1.621348999999999929e+00 -2.824469000000000011e-05
1.626392000000000060e+00 -2.648864999999999922e-05
1.631456000000000017e+00 -2.765929000000000060e-05
1.636489000000000082e+00 -2.941536000000000020e-05
1.641518999999999950e+00 -2.824453999999999978e-05
1.646560000000000024e+00 -2.883002000000000150e-05
1.651597999999999900e+00 -2.941549999999999983e-05
1.656608000000000080e+00 -2.765925999999999850e-05
1.661643999999999899e+00 -2.824480000000000103e-05
1.666676999999999964e+00 -2.765929000000000060e-05
1.671380000000000088e+00 -2.883002000000000150e-05
1.676372999999999891e+00 -2.648858999999999841e-05
1.681416000000000022e+00 -2.707393000000000050e-05
1.686444000000000054e+00 -2.765935000000000141e-05
1.691480000000000095e+00 -2.531806000000000133e-05
1.696493999999999946e+00 -2.765944000000000093e-05
1.701864000000000043e+00 -2.648858999999999841e-05
1.706903000000000059e+00 -2.883002000000000150e-05
1.711937999999999960e+00 -2.707418999999999836e-05
1.716970000000000107e+00 -2.765944000000000093e-05
1.721991000000000049e+00 -2.765944000000000093e-05
1.727038999999999991e+00 -2.707393000000000050e-05
1.732069999999999999e+00 -2.531795000000000042e-05
1.737109999999999932e+00 -2.941544999999999972e-05
1.742119999999999891e+00 -2.707393000000000050e-05
1.747163999999999939e+00 -2.765935000000000141e-05
1.751853000000000105e+00 -2.590318999999999890e-05
1.756888999999999923e+00 -2.883011000000000102e-05
1.761900000000000022e+00 -2.590317000000000089e-05
1.766923000000000021e+00 -2.648878999999999885e-05
1.771962000000000037e+00 -2.414712999999999999e-05
1.776990999999999987e+00 -2.765929000000000060e-05
1.782006999999999897e+00 -2.765940999999999883e-05
1.787026000000000003e+00 -2.531795000000000042e-05
1.792070999999999970e+00 -2.590324999999999971e-05
1.797129999999999894e+00 -2.531795000000000042e-05
1.802186999999999983e+00 -2.590324999999999971e-05
1.806874000000000091e+00 -2.765916999999999898e-05
1.811906000000000017e+00 -2.707400999999999932e-05
1.816948000000000008e+00 -2.590318999999999890e-05
1.821976000000000040e+00 -2.531797999999999913e-05
1.826999000000000040e+00 -2.531797999999999913e-05
1.832025000000000015e+00 -2.648882000000000095e-05
1.837059999999999915e+00 -2.590318999999999890e-05
1.842092000000000063e+00 -2.765946999999999964e-05
1.847097999999999907e+00 -2.590313999999999879e-05
1.852135000000000087e+00 -2.883013999999999973e-05
1.857170999999999905e+00 -2.648876000000000014e-05
1.861868000000000078e+00 -2.531800000000000053e-05
1.866873999999999922e+00 -2.473246000000000138e-05
1.871917999999999971e+00 -2.765940999999999883e-05
1.876953000000000094e+00 -2.473257999999999961e-05
1.881990999999999969e+00 -2.531788999999999961e-05
1.887008999999999936e+00 -2.531802999999999924e-05
1.892109999999999959e+00 -2.707409999999999884e-05
1.897146999999999917e+00 -2.590324999999999971e-05
1.902504999999999891e+00 -2.648884999999999966e-05
1.907566000000000095e+00 -2.590327999999999842e-05
1.912573000000000079e+00 -2.531791999999999832e-05
1.917613999999999930e+00 -2.590324999999999971e-05
1.922641000000000044e+00 -2.590340000000000004e-05
1.927678000000000003e+00 -2.590352000000000165e-05
1.932674000000000003e+00 -2.531806000000000133e-05
1.937376999999999905e+00 -2.590318999999999890e-05
1.942415000000000003e+00 -2.414719000000000080e-05
1.947454999999999936e+00 -2.590337000000000133e-05
1.952468000000000092e+00 -2.590313999999999879e-05
1.957500000000000018e+00 -2.531777000000000138e-05
1.962542000000000009e+00 -2.648864999999999922e-05
1.967570999999999959e+00 -2.414712999999999999e-05
1.972615000000000007e+00 -2.707398000000000061e-05
1.977687999999999890e+00 -2.707409999999999884e-05
1.982701000000000047e+00 -2.590324999999999971e-05
1.987730999999999915e+00 -2.297651000000000001e-05
1.992437000000000014e+00 -2.473241000000000127e-05
1.997449000000000030e+00 -2.414712999999999999e-05
2.002486000000000210e+00 -2.356184999999999871e-05
2.007533000000000012e+00 -2.473255000000000090e-05
2.012554000000000176e+00 -2.473251999999999881e-05
2.017565999999999971e+00 -2.297653999999999872e-05
2.022600000000000176e+00 -2.297663000000000163e-05
2.027639000000000191e+00 -2.531802999999999924e-05
2.032668000000000141e+00 -2.590327999999999842e-05
2.037694000000000116e+00 -2.473246000000000138e-05
2.042714999999999836e+00 -2.531791999999999832e-05
2.047416000000000125e+00 -2.414733000000000043e-05
2.052446999999999910e+00 -2.648882000000000095e-05
2.057484000000000091e+00 -2.414726999999999962e-05
2.062504000000000115e+00 -2.473255000000000090e-05
2.067547999999999941e+00 -2.414744999999999866e-05
2.072576000000000196e+00 -2.648873000000000143e-05
2.077624999999999833e+00 -2.356184999999999871e-05
2.082641000000000187e+00 -2.239114999999999991e-05
2.087664000000000186e+00 -2.590337000000000133e-05
2.092699999999999783e+00 -2.473257999999999961e-05
2.097417999999999783e+00 -2.297653999999999872e-05
2.103076000000000167e+00 -2.239123999999999943e-05
2.108118000000000158e+00 -2.414735999999999914e-05
2.113150000000000084e+00 -2.239123999999999943e-05
2.118182000000000009e+00 -2.180586999999999863e-05
2.123221000000000025e+00 -2.239106000000000039e-05
2.127888000000000002e+00 -2.297659999999999953e-05
2.132927000000000017e+00 -2.297651000000000001e-05
2.137964000000000198e+00 -2.531791999999999832e-05
2.143015999999999810e+00 -2.180570000000000029e-05
2.148061999999999916e+00 -2.063501999999999950e-05
2.153096000000000121e+00 -2.004969000000000149e-05
2.158104999999999940e+00 -2.180570000000000029e-05
2.163164000000000087e+00 -2.239123999999999943e-05
2.168175999999999881e+00 -2.122039000000000030e-05
2.173213000000000061e+00 -2.414724000000000091e-05
2.177926999999999946e+00 -2.122041999999999901e-05
2.182952999999999921e+00 -2.063501999999999950e-05
2.187993000000000077e+00 -2.004974999999999892e-05
2.192978000000000094e+00 -2.004979999999999902e-05
2.198024999999999896e+00 -1.946438000000000150e-05
2.203040000000000109e+00 -2.122045000000000111e-05
2.208086999999999911e+00 -2.122039000000000030e-05
2.213089999999999780e+00 -2.063523000000000063e-05
2.218142999999999976e+00 -1.887907000000000151e-05
2.223170000000000091e+00 -1.653769999999999923e-05
2.228216999999999892e+00 -1.712291999999999970e-05
2.232924999999999827e+00 -1.770834000000000061e-05
2.237944999999999851e+00 -1.770859999999999847e-05
2.242980999999999892e+00 -1.595247999999999876e-05
2.248006999999999866e+00 -1.712335999999999999e-05
2.253058999999999923e+00 -1.478166000000000003e-05
2.258070000000000022e+00 -1.361078000000000049e-05
2.263101999999999947e+00 -1.244011000000000040e-05
2.268126999999999782e+00 -9.513373000000000573e-06
2.273177000000000003e+00 -7.757189000000000787e-06
2.278144000000000169e+00 -7.172028000000000038e-06
2.283208999999999822e+00 -7.757363999999999476e-06
2.287904999999999855e+00 -4.245055999999999866e-06
2.292943000000000175e+00 -1.903564999999999960e-06
2.297953000000000134e+00 -1.903769000000000085e-06
2.303662999999999794e+00 2.779241000000000078e-06
2.308694000000000024e+00 6.291432999999999874e-06
2.313420999999999950e+00 8.632835999999999892e-06
2.318459999999999965e+00 1.097412000000000023e-05
2.323491000000000195e+00 1.390094999999999944e-05
2.328521999999999981e+00 1.975468999999999839e-05
2.333566999999999947e+00 2.502295000000000070e-05
2.338604999999999823e+00 2.853500000000000039e-05
2.343618000000000201e+00 3.555943999999999983e-05
2.348644000000000176e+00 4.433974000000000113e-05
2.353689999999999838e+00 5.312027999999999889e-05
2.358725000000000183e+00 6.131527999999999751e-05
2.363373000000000168e+00 7.126640000000000600e-05
2.368418999999999830e+00 7.946128999999999692e-05
2.373444000000000109e+00 9.643678999999999728e-05
2.378477000000000174e+00 1.104851999999999972e-04
2.383496000000000059e+00 1.251192999999999999e-04
2.388533999999999935e+00 1.438509000000000088e-04
2.393562999999999885e+00 1.660947000000000074e-04
2.398607999999999851e+00 1.924360000000000122e-04
2.403643000000000196e+00 2.176063999999999906e-04
2.408678999999999792e+00 2.498013000000000100e-04
2.413708000000000187e+00 2.831668000000000076e-04
2.418391000000000179e+00 3.223856999999999786e-04
2.423437999999999981e+00 3.680439000000000085e-04
2.428444999999999965e+00 4.172140000000000072e-04
2.433481000000000005e+00 4.739936999999999948e-04
2.438508000000000120e+00 5.383837000000000475e-04
2.443567999999999962e+00 6.097977000000000519e-04
2.448560000000000070e+00 6.899922000000000173e-04
2.453596000000000110e+00 7.783812000000000413e-04
2.458619000000000110e+00 8.790625999999999952e-04
2.463667000000000051e+00 9.920370999999999009e-04
2.468674000000000035e+00 1.112621999999999960e-03
2.473368999999999929e+00 1.240814999999999930e-03
2.478413999999999895e+00 1.390081999999999950e-03
2.483439000000000174e+00 1.551641999999999995e-03
2.488496000000000041e+00 1.733104000000000068e-03
2.493533000000000222e+00 1.925101000000000026e-03
2.498578999999999883e+00 2.136416999999999830e-03
2.503944999999999865e+00 2.378755000000000192e-03
2.508973999999999815e+00 2.626363000000000048e-03
2.513984999999999914e+00 2.886262000000000116e-03
2.519022999999999790e+00 3.168405999999999913e-03
2.524058000000000135e+00 3.468110999999999850e-03
2.529087999999999781e+00 3.783035000000000130e-03
2.534091000000000093e+00 4.117275000000000101e-03
2.539118999999999904e+00 4.467902999999999632e-03
2.544160999999999895e+00 4.841363999999999911e-03
2.549189000000000149e+00 5.225943000000000255e-03
2.553881000000000068e+00 5.608773000000000057e-03
2.558924999999999894e+00 6.030233000000000294e-03
2.563959999999999795e+00 6.468080999999999657e-03
2.568991000000000025e+00 6.924663000000000172e-03
2.574028999999999900e+00 7.397046000000000003e-03
2.579029999999999934e+00 7.881726999999999830e-03
2.584052999999999933e+00 8.383378999999999831e-03
2.589078999999999908e+00 8.902593000000000312e-03
2.594127999999999989e+00 9.437028000000000083e-03
2.599149000000000154e+00 9.984923999999999189e-03
2.603842999999999908e+00 1.050941000000000028e-02
2.608872999999999998e+00 1.108481000000000050e-02
2.613926999999999889e+00 1.167837000000000042e-02
2.618920000000000137e+00 1.227485000000000034e-02
2.623947999999999947e+00 1.289182000000000002e-02
2.628985000000000127e+00 1.352107999999999956e-02
2.634030000000000094e+00 1.416147000000000065e-02
2.639066000000000134e+00 1.481648999999999987e-02
2.644064000000000192e+00 1.547267000000000087e-02
2.649106999999999879e+00 1.614994000000000152e-02
2.654141000000000084e+00 1.684006999999999865e-02
2.658847999999999878e+00 1.749451000000000131e-02
2.663908000000000165e+00 1.820454999999999990e-02
2.668956000000000106e+00 1.892630000000000007e-02
2.673974999999999991e+00 1.965273000000000020e-02
2.679016999999999982e+00 2.039320999999999842e-02
2.684016999999999875e+00 2.114011999999999836e-02
2.689061999999999841e+00 2.190343999999999972e-02
2.694087999999999816e+00 2.267376999999999934e-02
2.699120000000000186e+00 2.345287999999999887e-02
2.704470999999999847e+00 2.429053999999999935e-02
2.709497999999999962e+00 2.509012000000000048e-02
2.714541000000000093e+00 2.589908999999999961e-02
2.719575999999999993e+00 2.671741999999999867e-02
2.724623999999999935e+00 2.754571000000000103e-02
2.729619000000000018e+00 2.837693000000000160e-02
2.734668000000000099e+00 2.922394999999999854e-02
2.739346999999999976e+00 3.002238000000000129e-02
2.744390000000000107e+00 3.088518999999999987e-02
2.749433999999999934e+00 3.175913999999999821e-02
2.754459999999999908e+00 3.263657999999999837e-02
2.759488000000000163e+00 3.352399999999999824e-02
2.764524999999999899e+00 3.441958999999999991e-02
2.769543999999999784e+00 3.532103000000000326e-02
2.774573000000000178e+00 3.623714000000000102e-02
2.779612999999999889e+00 3.715849999999999709e-02
2.784647999999999790e+00 3.808923000000000170e-02
2.789358000000000004e+00 3.896666000000000019e-02
2.794348999999999972e+00 3.990500999999999771e-02
2.799380000000000202e+00 4.085915999999999854e-02
2.804419999999999913e+00 4.182206000000000118e-02
2.809447000000000028e+00 4.279199999999999671e-02
2.814459999999999962e+00 4.376602999999999744e-02
2.819497000000000142e+00 4.475235999999999797e-02
2.824539999999999829e+00 4.574687000000000198e-02
2.829582999999999959e+00 4.675431000000000031e-02
2.834640999999999966e+00 4.776698000000000055e-02
2.839659999999999851e+00 4.878198999999999730e-02
2.844359999999999999e+00 4.974259000000000319e-02
2.849396000000000040e+00 5.077747999999999984e-02
2.854416000000000064e+00 5.181589999999999807e-02
2.859456999999999915e+00 5.286604999999999777e-02
2.864489999999999981e+00 5.392378999999999922e-02
2.869518999999999931e+00 5.497450999999999727e-02
2.874563000000000201e+00 5.605216999999999838e-02
2.879560000000000120e+00 5.712922000000000139e-02
2.884589000000000070e+00 5.821624000000000243e-02
2.889618000000000020e+00 5.931258999999999837e-02
2.894657000000000036e+00 6.041422999999999932e-02
2.899337000000000053e+00 6.145384999999999737e-02
2.905063000000000173e+00 6.271061999999999470e-02
2.910079000000000082e+00 6.383803999999999867e-02
2.915127000000000024e+00 6.497480999999999396e-02
2.920161999999999924e+00 6.611743999999999954e-02
2.924852000000000007e+00 6.719155000000000266e-02
2.929891000000000023e+00 6.834706999999999588e-02
2.934937000000000129e+00 6.950958999999999610e-02
2.939960999999999824e+00 7.067387999999999448e-02
2.944980999999999849e+00 7.184632999999999992e-02
2.950019999999999865e+00 7.302817999999999810e-02
2.955042000000000169e+00 7.421410999999999980e-02
2.960094999999999921e+00 7.540708000000000133e-02
2.965081000000000078e+00 7.659828000000000470e-02
2.970113000000000003e+00 7.780823000000000600e-02
2.975137000000000143e+00 7.901874000000000398e-02
2.979846000000000217e+00 8.016840000000000077e-02
2.984865999999999797e+00 8.138826999999999867e-02
2.989897000000000027e+00 8.261928999999999801e-02
2.994953000000000198e+00 8.386261999999999883e-02
2.999972000000000083e+00 8.510710000000000497e-02
