1.000081999999999915e+00 -3.176503000000000036e-05
1.005120000000000013e+00 -3.176503000000000036e-05
1.009806999999999899e+00 -3.235013000000000260e-05
1.014828999999999981e+00 -3.235013000000000260e-05
1.019768000000000008e+00 -3.352092000000000092e-05
1.024901999999999980e+00 -3.293551999999999802e-05
1.029914999999999914e+00 -3.293569999999999706e-05
1.034945999999999922e+00 -3.293540999999999711e-05
1.040000000000000036e+00 -2.942345000000000033e-05
1.045123999999999942e+00 -3.293551999999999802e-05
1.050076999999999927e+00 -3.117945999999999912e-05
1.055082000000000075e+00 -3.059415000000000252e-05
1.059782000000000002e+00 -3.235030000000000094e-05
1.064813000000000009e+00 -3.176485000000000132e-05
1.069928999999999908e+00 -3.059415000000000252e-05
1.074837000000000042e+00 -3.235024999999999744e-05
1.079884000000000066e+00 -3.235033000000000304e-05
1.084939000000000098e+00 -3.117949000000000122e-05
1.089966999999999908e+00 -3.000881000000000043e-05
1.094775000000000054e+00 -3.176485000000000132e-05
1.100352999999999914e+00 -3.293555000000000012e-05
1.105377999999999972e+00 -3.352108999999999926e-05
1.110414000000000012e+00 -3.235053999999999740e-05
1.115512000000000059e+00 -2.883822999999999985e-05
1.120509999999999895e+00 -3.000916000000000119e-05
1.125550000000000050e+00 -3.410646000000000006e-05
1.130635000000000057e+00 -3.117962999999999746e-05
1.135537999999999936e+00 -3.117962999999999746e-05
1.140301999999999927e+00 -3.469158999999999763e-05
1.145331000000000099e+00 -3.176478999999999712e-05
1.150355999999999934e+00 -3.410625999999999963e-05
1.155427999999999900e+00 -3.410620000000000220e-05
1.160403000000000073e+00 -3.293549999999999663e-05
1.165429999999999966e+00 -3.352092000000000092e-05
1.170455000000000023e+00 -3.527701000000000193e-05
1.175499000000000072e+00 -3.176481999999999922e-05
1.180507999999999891e+00 -3.352092000000000092e-05
1.185553000000000079e+00 -3.352097999999999835e-05
1.190579000000000054e+00 -3.293572999999999916e-05
1.195289000000000046e+00 -3.352105999999999717e-05
1.200337999999999905e+00 -3.352095000000000302e-05
1.205403000000000002e+00 -3.000883999999999914e-05
1.210442999999999936e+00 -3.352097999999999835e-05
1.215479999999999894e+00 -3.176490999999999874e-05
1.220515000000000017e+00 -3.235035999999999836e-05
1.225686000000000053e+00 -3.176499999999999826e-05
1.230550000000000033e+00 -3.235019000000000002e-05
1.235584000000000016e+00 -3.117949000000000122e-05
1.240634999999999932e+00 -3.176490999999999874e-05
1.245312999999999892e+00 -3.117952000000000332e-05
1.250216999999999912e+00 -3.000883999999999914e-05
1.255368999999999957e+00 -3.293558000000000222e-05
1.260396000000000072e+00 -3.176487999999999664e-05
1.265422000000000047e+00 -3.352085999999999673e-05
1.270456000000000030e+00 -3.059415000000000252e-05
1.275495999999999963e+00 -3.235027999999999954e-05
1.280523000000000078e+00 -3.059420999999999994e-05
1.285568999999999962e+00 -3.176487999999999664e-05
1.290623999999999993e+00 -3.117952000000000332e-05
1.295673999999999992e+00 -3.117960000000000214e-05
1.301020000000000065e+00 -3.059415000000000252e-05
1.306092999999999948e+00 -3.235030000000000094e-05
1.311096999999999957e+00 -3.117960000000000214e-05
1.316130000000000022e+00 -3.059420999999999994e-05
1.321156999999999915e+00 -3.176503000000000036e-05
1.325855000000000006e+00 -3.117960000000000214e-05
1.330859000000000014e+00 -2.825265999999999861e-05
1.335898000000000030e+00 -3.059412000000000042e-05
1.340926000000000062e+00 -3.000887000000000124e-05
1.345957999999999988e+00 -3.235030000000000094e-05
1.351005999999999929e+00 -3.000902000000000156e-05
1.356035000000000101e+00 -2.708202000000000062e-05
1.361073999999999895e+00 -3.117952000000000332e-05
1.366084000000000076e+00 -3.117952000000000332e-05
1.371121000000000034e+00 -3.235030000000000094e-05
1.376166000000000000e+00 -3.059432000000000086e-05
1.381054999999999922e+00 -2.883814000000000033e-05
1.385883999999999894e+00 -2.942342000000000161e-05
1.390892999999999935e+00 -2.766753000000000105e-05
1.395939000000000041e+00 -3.000877999999999833e-05
1.400970999999999966e+00 -2.883807999999999952e-05
1.406004000000000032e+00 -2.883820000000000114e-05
1.411030999999999924e+00 -3.176490999999999874e-05
1.416056999999999899e+00 -3.117960000000000214e-05
1.421084000000000014e+00 -2.825278000000000023e-05
1.426137999999999906e+00 -3.059415000000000252e-05
1.431160999999999905e+00 -2.942371000000000157e-05
1.435867000000000004e+00 -2.766763999999999858e-05
1.440854999999999997e+00 -3.117965999999999956e-05
1.445896999999999988e+00 -2.942361999999999867e-05
1.450954999999999995e+00 -2.591165999999999850e-05
1.455975999999999937e+00 -2.883807999999999952e-05
1.461030999999999969e+00 -2.883829000000000066e-05
1.466153999999999957e+00 -2.708222000000000106e-05
1.471095999999999959e+00 -2.942361999999999867e-05
1.476148999999999933e+00 -2.766749999999999895e-05
1.481160000000000032e+00 -2.708222000000000106e-05
1.485854999999999926e+00 -2.532610000000000135e-05
1.490877000000000008e+00 -2.649709000000000011e-05
1.495922999999999892e+00 -2.649691000000000107e-05
1.501605999999999996e+00 -2.591140000000000064e-05
1.506618999999999930e+00 -2.474113999999999873e-05
1.511368000000000045e+00 -2.474082000000000006e-05
1.516369000000000078e+00 -2.474093000000000098e-05
1.521395999999999971e+00 -2.122874000000000167e-05
1.526445000000000052e+00 -1.888712999999999953e-05
1.531454000000000093e+00 -2.064319999999999914e-05
1.536493000000000109e+00 -2.005807000000000157e-05
1.541562000000000099e+00 -1.947265000000000066e-05
1.546527999999999903e+00 -2.064328999999999866e-05
1.551593000000000000e+00 -1.830199999999999858e-05
1.556632000000000016e+00 -1.713114999999999945e-05
1.561674999999999924e+00 -1.420459000000000049e-05
1.566335000000000033e+00 -1.303392000000000039e-05
1.571380999999999917e+00 -1.127765000000000035e-05
1.576416000000000039e+00 -1.010706000000000077e-05
1.581452000000000080e+00 -7.765717000000000716e-06
1.586484999999999923e+00 4.291650999999999841e-07
1.591490999999999989e+00 -7.415364999999999644e-07
1.596494000000000080e+00 7.453462000000000094e-06
1.601553999999999922e+00 6.868067000000000086e-06
1.606589000000000045e+00 5.111855000000000374e-06
1.611607000000000012e+00 1.096528000000000015e-05
1.616638999999999937e+00 1.389222000000000029e-05
1.621471000000000107e+00 3.028198000000000107e-05
1.626373999999999986e+00 2.442832999999999994e-05
1.631442999999999977e+00 3.320857999999999774e-05
1.636471999999999927e+00 3.555007000000000165e-05
1.641499000000000041e+00 4.198887999999999904e-05
1.646544000000000008e+00 5.954931999999999722e-05
1.651578999999999908e+00 5.896386999999999760e-05
1.656600999999999990e+00 7.593920000000000639e-05
1.661626000000000047e+00 7.769502999999999598e-05
1.666671999999999931e+00 9.174367999999999911e-05
1.671359999999999957e+00 1.028651999999999990e-04
1.676358000000000015e+00 1.139866000000000040e-04
1.681392999999999915e+00 1.374002999999999997e-04
1.686433000000000071e+00 1.461807000000000080e-04
1.691470000000000029e+00 1.695944999999999972e-04
1.696482999999999963e+00 1.824720999999999906e-04
1.701851999999999920e+00 2.070571000000000000e-04
1.706890000000000018e+00 2.310563000000000124e-04
1.711921000000000026e+00 2.550556000000000047e-04
1.716949999999999976e+00 2.895916000000000007e-04
1.721988999999999992e+00 3.124197999999999797e-04
1.727028999999999925e+00 3.440283999999999942e-04
1.732051999999999925e+00 3.791492000000000256e-04
1.737098000000000031e+00 4.166118000000000013e-04
1.742105999999999932e+00 4.646105000000000200e-04
1.747149000000000063e+00 5.038287000000000234e-04
1.751830999999999916e+00 5.494859000000000375e-04
1.756876000000000104e+00 5.968991999999999788e-04
1.761873000000000022e+00 6.513364000000000003e-04
1.766909999999999981e+00 7.092853000000000309e-04
1.771935999999999956e+00 7.695758000000000459e-04
1.776971999999999996e+00 8.380628000000000426e-04
1.781999000000000111e+00 9.042071000000000049e-04
1.787020999999999971e+00 9.814730000000000676e-04
1.792062999999999962e+00 1.060495000000000057e-03
1.797096000000000027e+00 1.140687000000000038e-03
1.802168999999999910e+00 1.234927999999999937e-03
1.806858999999999993e+00 1.319218999999999947e-03
1.811897000000000091e+00 1.417557999999999969e-03
1.816924999999999901e+00 1.518823000000000091e-03
1.821959000000000106e+00 1.627697999999999905e-03
1.826969000000000065e+00 1.741254999999999930e-03
1.832009999999999916e+00 1.856570000000000095e-03
1.837042999999999981e+00 1.974225000000000025e-03
1.842074999999999907e+00 2.103001000000000176e-03
1.847083999999999948e+00 2.232362999999999795e-03
1.852114000000000038e+00 2.362893000000000025e-03
1.857150000000000079e+00 2.501036999999999792e-03
1.861853999999999898e+00 2.635081000000000055e-03
1.866867999999999972e+00 2.781418999999999819e-03
1.871906000000000070e+00 2.931852999999999890e-03
1.876946000000000003e+00 3.091655000000000011e-03
1.881979000000000068e+00 3.250869999999999888e-03
1.887013000000000051e+00 3.414180000000000166e-03
1.892106999999999983e+00 3.585688000000000070e-03
1.897137000000000073e+00 3.756024000000000168e-03
1.902498999999999940e+00 3.945676999999999865e-03
1.907548000000000021e+00 4.124794000000000203e-03
1.912555000000000005e+00 4.308006999999999982e-03
1.917601000000000111e+00 4.498831000000000011e-03
1.922627000000000086e+00 4.690825000000000029e-03
1.927667999999999937e+00 4.887503999999999980e-03
1.932657999999999987e+00 5.087106000000000093e-03
1.937365999999999921e+00 5.280270999999999576e-03
1.942384000000000110e+00 5.482215999999999825e-03
1.947427999999999937e+00 5.695284000000000110e-03
1.952455999999999969e+00 5.907764999999999718e-03
1.957487999999999895e+00 6.123169999999999828e-03
1.962525999999999993e+00 6.344433000000000017e-03
1.967553000000000107e+00 6.563353000000000069e-03
1.972606000000000082e+00 6.788716000000000195e-03
1.977654999999999941e+00 7.019337999999999966e-03
1.982690000000000063e+00 7.247036999999999576e-03
1.987713000000000063e+00 7.480009999999999611e-03
1.992420999999999998e+00 7.698929999999999663e-03
1.997433999999999932e+00 7.934827000000000199e-03
2.002470000000000194e+00 8.173062999999999509e-03
2.007515000000000160e+00 8.415400999999999437e-03
2.012538999999999856e+00 8.654800000000000687e-03
2.017545999999999840e+00 8.896551000000000806e-03
2.022584000000000160e+00 9.144743000000000316e-03
2.027620000000000200e+00 9.391165999999999403e-03
2.032648000000000010e+00 9.638773999999999259e-03
2.037694000000000116e+00 9.892226000000000491e-03
2.042698999999999820e+00 1.014159000000000067e-02
2.047401999999999944e+00 1.037982999999999961e-02
2.052432000000000034e+00 1.063504000000000012e-02
2.057471000000000050e+00 1.088967000000000060e-02
2.062507999999999786e+00 1.114428999999999940e-02
2.067534000000000205e+00 1.140184999999999983e-02
2.072567999999999966e+00 1.166115000000000033e-02
2.077605000000000146e+00 1.192281000000000070e-02
2.082619000000000220e+00 1.218152999999999944e-02
2.087650000000000006e+00 1.244551999999999985e-02
2.092680000000000096e+00 1.270776000000000024e-02
2.097398000000000096e+00 1.295594000000000086e-02
2.103059000000000012e+00 1.325272000000000082e-02
2.108102000000000142e+00 1.351904999999999947e-02
2.113135000000000208e+00 1.378713999999999981e-02
2.118167000000000133e+00 1.405289000000000017e-02
2.123205000000000009e+00 1.432566000000000048e-02
2.127870999999999846e+00 1.457207999999999941e-02
2.132925000000000182e+00 1.484368999999999966e-02
2.137947000000000042e+00 1.511353999999999996e-02
2.142999999999999794e+00 1.538631000000000026e-02
2.148050000000000015e+00 1.565615000000000062e-02
2.153078999999999965e+00 1.592541000000000095e-02
2.158106000000000080e+00 1.619701000000000127e-02
2.163149999999999906e+00 1.646801999999999988e-02
2.168156000000000194e+00 1.674196999999999838e-02
2.173205999999999971e+00 1.701534000000000033e-02
2.177910999999999930e+00 1.727054000000000089e-02
2.182936999999999905e+00 1.754506999999999942e-02
2.187981999999999871e+00 1.781842999999999969e-02
2.192971000000000004e+00 1.809236999999999998e-02
2.198011999999999855e+00 1.836455999999999852e-02
2.203028000000000208e+00 1.863967999999999875e-02
2.208073999999999870e+00 1.891537999999999900e-02
2.213087999999999944e+00 1.919167000000000095e-02
2.218132000000000215e+00 1.946677999999999950e-02
2.223157000000000050e+00 1.973955000000000154e-02
2.228200000000000180e+00 2.001582000000000014e-02
2.232908000000000115e+00 2.027688999999999880e-02
2.237932999999999950e+00 2.055082999999999910e-02
2.242980999999999892e+00 2.082888000000000100e-02
2.248002000000000056e+00 2.110574000000000131e-02
2.253026999999999891e+00 2.138028000000000151e-02
2.258049000000000195e+00 2.165947999999999832e-02
2.263090000000000046e+00 2.193635999999999850e-02
2.268120000000000136e+00 2.221557000000000046e-02
2.273181000000000118e+00 2.249301999999999899e-02
2.278160000000000185e+00 2.276695999999999928e-02
2.283206999999999987e+00 2.304501000000000119e-02
2.287898000000000209e+00 2.330607000000000165e-02
2.292933000000000110e+00 2.358176999999999843e-02
2.297947999999999880e+00 2.385922000000000043e-02
2.303668000000000049e+00 2.417062999999999851e-02
2.308692000000000188e+00 2.445042000000000049e-02
2.313397999999999843e+00 2.471032000000000090e-02
2.318459999999999965e+00 2.498952999999999938e-02
2.323484999999999800e+00 2.526348000000000135e-02
2.328521999999999981e+00 2.554092999999999988e-02
2.333575000000000177e+00 2.581897000000000011e-02
2.338601999999999848e+00 2.609641000000000044e-02
2.343614999999999782e+00 2.637563999999999881e-02
2.348644999999999872e+00 2.665249000000000090e-02
2.353680000000000216e+00 2.693053999999999934e-02
2.358716999999999953e+00 2.721033999999999953e-02
2.363382999999999790e+00 2.746731000000000172e-02
2.368415000000000159e+00 2.774534000000000028e-02
2.373429999999999929e+00 2.802162999999999876e-02
2.378474999999999895e+00 2.830082999999999904e-02
2.383496000000000059e+00 2.857888000000000095e-02
2.388545000000000140e+00 2.885632999999999948e-02
2.393571000000000115e+00 2.913554000000000144e-02
2.398611999999999966e+00 2.941710999999999979e-02
2.403634999999999966e+00 2.969981999999999830e-02
2.408672999999999842e+00 2.997551999999999855e-02
2.413708000000000187e+00 3.025591000000000044e-02
2.418388999999999900e+00 3.051697000000000090e-02
2.423445000000000071e+00 3.079325000000000118e-02
2.428436000000000039e+00 3.107013999999999956e-02
2.433473000000000219e+00 3.134407000000000165e-02
2.438502000000000169e+00 3.162092999999999848e-02
2.443560999999999872e+00 3.190015999999999685e-02
2.448547000000000029e+00 3.217702000000000062e-02
2.453596000000000110e+00 3.245390000000000080e-02
2.458607999999999905e+00 3.272840999999999945e-02
2.463652999999999871e+00 3.300704000000000138e-02
2.468662999999999830e+00 3.328447999999999823e-02
2.473358000000000168e+00 3.353971000000000036e-02
2.478399000000000019e+00 3.381715999999999889e-02
2.483448000000000100e+00 3.409812999999999733e-02
2.488481000000000165e+00 3.437733999999999929e-02
2.493524999999999991e+00 3.465479999999999949e-02
2.498568000000000122e+00 3.493166999999999800e-02
2.503928000000000154e+00 3.522551000000000154e-02
2.508964999999999890e+00 3.550294999999999840e-02
2.513974999999999849e+00 3.577690000000000037e-02
2.519009000000000054e+00 3.605143999999999710e-02
2.524048000000000069e+00 3.632772000000000084e-02
2.529081999999999830e+00 3.660282000000000119e-02
2.534085999999999839e+00 3.687560000000000143e-02
2.539114000000000093e+00 3.715129999999999821e-02
2.544156999999999780e+00 3.742816000000000198e-02
2.549182000000000059e+00 3.770094000000000223e-02
2.553878000000000092e+00 3.795496999999999760e-02
2.558923000000000059e+00 3.823243999999999948e-02
2.563956999999999820e+00 3.850463999999999970e-02
2.568977999999999984e+00 3.877798999999999829e-02
2.574018999999999835e+00 3.905194000000000026e-02
2.579015000000000057e+00 3.932411999999999713e-02
2.584042999999999868e+00 3.959510000000000113e-02
2.589075999999999933e+00 3.986792000000000114e-02
2.594110999999999834e+00 4.014302000000000148e-02
2.599136999999999809e+00 4.041344000000000186e-02
2.603836999999999957e+00 4.067040999999999712e-02
2.608861999999999792e+00 4.094202000000000258e-02
2.613903000000000088e+00 4.121124999999999788e-02
2.618907999999999792e+00 4.148287999999999975e-02
2.623940999999999857e+00 4.175625000000000170e-02
2.628975000000000062e+00 4.202842999999999857e-02
2.634012999999999938e+00 4.230003000000000235e-02
2.639057000000000208e+00 4.257219999999999754e-02
2.644067000000000167e+00 4.284323000000000298e-02
2.649099999999999788e+00 4.311542000000000152e-02
2.654135000000000133e+00 4.338291999999999843e-02
2.658840000000000092e+00 4.363754000000000244e-02
2.663889999999999869e+00 4.391032000000000268e-02
2.668935999999999975e+00 4.417958000000000301e-02
2.673960000000000115e+00 4.444942999999999811e-02
2.679000999999999966e+00 4.471870000000000012e-02
2.684007999999999949e+00 4.498851999999999712e-02
2.689043999999999990e+00 4.525838000000000083e-02
2.694072999999999940e+00 4.552471000000000295e-02
2.699113000000000095e+00 4.579571999999999810e-02
2.704467000000000176e+00 4.608373000000000330e-02
2.709486000000000061e+00 4.635179999999999856e-02
2.714531000000000027e+00 4.662046999999999719e-02
2.719555999999999862e+00 4.688856999999999747e-02
2.724606999999999779e+00 4.715959000000000123e-02
2.729605999999999977e+00 4.742534999999999806e-02
2.734658000000000033e+00 4.769753999999999661e-02
2.739342999999999861e+00 4.794748000000000066e-02
2.744381000000000181e+00 4.821262999999999938e-02
2.749423999999999868e+00 4.848306000000000143e-02
2.754443999999999892e+00 4.874997999999999831e-02
2.759475999999999818e+00 4.901864999999999695e-02
2.764505000000000212e+00 4.928499000000000074e-02
2.769534000000000162e+00 4.955306000000000294e-02
2.774561999999999973e+00 4.981939999999999980e-02
2.779596999999999873e+00 5.008806999999999843e-02
2.784638000000000169e+00 5.035674999999999873e-02
2.789353000000000193e+00 5.061018999999999934e-02
2.794332999999999956e+00 5.087475000000000330e-02
2.799367000000000161e+00 5.114052999999999655e-02
2.804403000000000201e+00 5.140978999999999688e-02
2.809438000000000102e+00 5.693076999999999860e-02
2.814454000000000011e+00 5.832799000000000317e-02
2.819491000000000192e+00 5.867217000000000265e-02
2.824536999999999853e+00 5.899705999999999700e-02
2.829565999999999804e+00 5.933888999999999830e-02
2.834627999999999926e+00 5.966260000000000313e-02
2.839665000000000106e+00 5.997812000000000282e-02
2.844352000000000213e+00 6.027837999999999946e-02
2.849391999999999925e+00 6.059098000000000261e-02
2.854410999999999810e+00 6.090237999999999902e-02
2.859452999999999800e+00 6.120732999999999729e-02
2.864488000000000145e+00 6.152284000000000225e-02
2.869514000000000120e+00 6.183309000000000027e-02
2.874553000000000136e+00 6.214916999999999664e-02
2.879557999999999840e+00 6.246058000000000165e-02
2.884583999999999815e+00 6.277022999999999631e-02
2.889615000000000045e+00 6.308279999999999443e-02
2.894657000000000036e+00 6.339772000000000463e-02
2.899329999999999963e+00 6.368569000000000313e-02
2.905047000000000157e+00 6.403572000000000430e-02
2.910070000000000157e+00 6.434655000000000236e-02
2.915115999999999818e+00 6.465793000000000235e-02
2.920150000000000023e+00 6.496876999999999514e-02
2.924844999999999917e+00 6.525971999999999329e-02
2.929879000000000122e+00 6.556818000000000368e-02
2.934916999999999998e+00 6.588135999999999992e-02
2.939954000000000178e+00 6.619157999999999986e-02
2.944970999999999783e+00 6.650475999999999610e-02
2.950013000000000218e+00 6.681850999999999763e-02
2.955029000000000128e+00 6.713223000000000107e-02
2.960084999999999855e+00 6.744833000000000078e-02
2.965066000000000201e+00 6.776147999999999894e-02
2.970108000000000192e+00 6.807697999999999527e-02
2.975131000000000192e+00 6.839014999999999678e-02
2.979843999999999937e+00 6.868225000000000025e-02
2.984860999999999986e+00 6.899597999999999842e-02
2.989889999999999937e+00 6.930912999999999657e-02
2.994923000000000002e+00 6.961994999999999989e-02
2.999963999999999853e+00 6.993428999999999618e-02
