-1.944976000000000062e-04 -2.589247999999999845e-05
7.396724999999999828e-03 -2.764860999999999887e-05
1.509933999999999929e-02 -2.647784999999999925e-05
2.226585999999999843e-02 -2.706315999999999925e-05
2.996151000000000023e-02 -2.472171999999999884e-05
3.738099000000000283e-02 -2.589251000000000055e-05
4.505344000000000015e-02 -2.238014999999999951e-05
5.231395999999999963e-02 -2.355084999999999831e-05
5.985179000000000193e-02 -2.530708999999999964e-05
6.754628999999999495e-02 -2.413633000000000003e-05
7.491124000000000394e-02 -2.530700000000000012e-05
8.230750000000000566e-02 -2.355090999999999912e-05
9.004607000000000583e-02 -2.589251000000000055e-05
9.752471999999999530e-02 -2.413645000000000165e-05
1.053955000000000031e-01 -2.589272000000000169e-05
1.128660999999999970e-01 -2.413635999999999874e-05
1.206152000000000057e-01 -2.413639000000000084e-05
1.279488000000000014e-01 -2.296559999999999913e-05
1.350840000000000096e-01 -2.472170000000000083e-05
1.431624999999999981e-01 -2.238026000000000043e-05
1.503720000000000057e-01 -2.589251000000000055e-05
1.577741000000000005e-01 -2.647788000000000135e-05
1.655069000000000123e-01 -2.530708999999999964e-05
1.728833999999999926e-01 -2.413639000000000084e-05
1.803260999999999892e-01 -2.647782000000000054e-05
1.880310000000000037e-01 -2.472175000000000094e-05
1.953692999999999957e-01 -2.589253999999999926e-05
2.030893000000000004e-01 -2.472171999999999884e-05
2.104589000000000043e-01 -2.413645000000000165e-05
2.178191999999999906e-01 -2.589257000000000136e-05
2.257597000000000076e-01 -2.589257000000000136e-05
2.329169000000000100e-01 -2.589260000000000007e-05
2.403177999999999981e-01 -2.355110999999999956e-05
2.480482999999999993e-01 -2.472177999999999965e-05
2.554201999999999861e-01 -2.530717999999999916e-05
2.628165000000000084e-01 -2.472177999999999965e-05
2.704041999999999835e-01 -2.413645000000000165e-05
2.778932000000000069e-01 -2.530726000000000137e-05
2.856318999999999941e-01 -2.472177999999999965e-05
2.930153999999999814e-01 -2.647788000000000135e-05
3.009895000000000209e-01 -2.530717999999999916e-05
3.085331000000000046e-01 -2.472192999999999998e-05
3.157946999999999838e-01 -2.413659000000000128e-05
3.235044000000000253e-01 -2.413645000000000165e-05
3.309410999999999881e-01 -2.647807999999999840e-05
3.386044000000000276e-01 -2.530729000000000008e-05
3.459866999999999804e-01 -2.413650999999999907e-05
3.534305999999999837e-01 -2.823415000000000140e-05
3.610334000000000043e-01 -2.472192999999999998e-05
3.684702999999999729e-01 -2.413650999999999907e-05
3.758096000000000214e-01 -2.355131000000000000e-05
3.835760999999999754e-01 -2.472192999999999998e-05
3.909190000000000165e-01 -2.530729000000000008e-05
3.980554000000000037e-01 -2.413645000000000165e-05
4.061120999999999759e-01 -2.296553999999999832e-05
4.133875000000000188e-01 -2.647799999999999958e-05
4.207686999999999955e-01 -2.706335999999999968e-05
4.284887000000000001e-01 -2.530723999999999997e-05
4.361054999999999793e-01 -2.530723999999999997e-05
4.436013999999999791e-01 -2.296586000000000038e-05
4.509872999999999799e-01 -2.413653000000000047e-05
4.583952000000000027e-01 -2.589262999999999878e-05
4.660663999999999918e-01 -2.413659000000000128e-05
4.734290999999999916e-01 -2.413653000000000047e-05
4.806630000000000069e-01 -2.296568999999999865e-05
4.886230999999999769e-01 -2.647804999999999969e-05
4.959054999999999991e-01 -2.413664999999999870e-05
5.038909000000000304e-01 -2.530766999999999956e-05
5.113294000000000450e-01 -2.472192999999999998e-05
5.191282999999999870e-01 -2.706344999999999920e-05
5.265246999999999566e-01 -2.413648000000000036e-05
5.339104999999999546e-01 -2.413650999999999907e-05
5.416421000000000152e-01 -2.355117000000000037e-05
5.489779999999999660e-01 -2.355117000000000037e-05
5.563671999999999507e-01 -2.647807999999999840e-05
5.639724000000000403e-01 -2.647804999999999969e-05
5.714046000000000403e-01 -2.472192999999999998e-05
5.791433000000000275e-01 -2.589260000000000007e-05
5.865129999999999511e-01 -2.589257000000000136e-05
5.939115000000000366e-01 -2.413648000000000036e-05
6.016523000000000287e-01 -2.647804999999999969e-05
6.088234999999999619e-01 -2.355114000000000166e-05
6.164796000000000165e-01 -2.296579999999999957e-05
6.241360000000000241e-01 -2.413648000000000036e-05
6.315157999999999605e-01 -2.355119999999999908e-05
6.388854000000000477e-01 -2.472195999999999869e-05
6.465741000000000405e-01 -2.589275000000000040e-05
6.540108000000000033e-01 -2.296594999999999990e-05
6.612122000000000277e-01 -2.296588999999999909e-05
6.690890999999999922e-01 -2.355117000000000037e-05
6.765442999999999873e-01 -2.530740999999999831e-05
6.841646000000000116e-01 -2.589275000000000040e-05
6.913694000000000228e-01 -2.472201999999999950e-05
6.990222000000000380e-01 -2.238041000000000075e-05
7.069879999999999498e-01 -2.589277999999999911e-05
7.143066999999999611e-01 -2.413661999999999999e-05
7.220777999999999919e-01 -2.706342000000000049e-05
7.294123999999999608e-01 -2.589280000000000051e-05
7.371533000000000113e-01 -2.413668000000000080e-05
7.445424999999999960e-01 -2.472205000000000160e-05
7.519008000000000358e-01 -2.413653000000000047e-05
7.596079999999999499e-01 -2.413659000000000128e-05
7.669890999999999792e-01 -2.413661999999999999e-05
7.744098999999999844e-01 -2.179503999999999995e-05
7.822027999999999759e-01 -2.530735000000000089e-05
7.893831999999999516e-01 -2.472205000000000160e-05
7.968794000000000155e-01 -2.355123000000000118e-05
8.046257999999999466e-01 -2.472213000000000042e-05
8.120003999999999555e-01 -2.413659000000000128e-05
8.193314999999999904e-01 -2.530744000000000041e-05
8.272578000000000431e-01 -2.823444000000000135e-05
8.344165000000000054e-01 -2.355128999999999860e-05
8.420952999999999911e-01 -2.589304000000000036e-05
8.495150000000000201e-01 -2.472219000000000123e-05
8.568835000000000202e-01 -2.589289000000000003e-05
8.645796000000000037e-01 -2.472195999999999869e-05
8.720210000000000461e-01 -2.238050000000000027e-05
8.793895999999999935e-01 -2.238037999999999866e-05
8.871035000000000448e-01 -2.238052999999999898e-05
8.944811000000000289e-01 -2.355131000000000000e-05
9.025005999999999862e-01 -2.530740999999999831e-05
9.100025999999999948e-01 -2.238050000000000027e-05
9.175934999999999508e-01 -2.472213000000000042e-05
9.249817999999999651e-01 -2.413670999999999951e-05
9.324166000000000398e-01 -2.413659000000000128e-05
9.400827999999999962e-01 -2.413677000000000032e-05
9.475095999999999519e-01 -2.647813999999999921e-05
9.550925000000000109e-01 -2.413668000000000080e-05
9.625327999999999662e-01 -2.238061000000000119e-05
9.699231999999999854e-01 -2.238061000000000119e-05
9.776782000000000528e-01 -2.296588999999999909e-05
9.850729000000000291e-01 -2.589297999999999955e-05
9.924275999999999653e-01 -2.589286000000000132e-05
1.000154999999999905e+00 -2.589282999999999922e-05
1.007565000000000044e+00 -2.472206999999999961e-05
1.014888999999999930e+00 -2.413664999999999870e-05
1.022607999999999961e+00 -2.413670999999999951e-05
1.029986999999999986e+00 -2.530744000000000041e-05
1.037433999999999967e+00 -2.296594999999999990e-05
1.045036000000000076e+00 -2.413674000000000161e-05
1.052462999999999926e+00 -2.355137000000000081e-05
1.059847999999999901e+00 -2.355143000000000161e-05
1.067549000000000081e+00 -2.589297999999999955e-05
1.074908999999999892e+00 -2.413688000000000124e-05
1.082764000000000060e+00 -2.530760999999999875e-05
1.089974999999999916e+00 -2.589295000000000084e-05
1.097380999999999940e+00 -2.179527999999999980e-05
1.105455000000000076e+00 -2.589301000000000165e-05
1.112827999999999928e+00 -2.179545000000000153e-05
1.120351000000000097e+00 -2.355137000000000081e-05
1.127947999999999951e+00 -2.413684999999999914e-05
1.135682999999999998e+00 -2.355148999999999904e-05
1.142987999999999893e+00 -2.355133999999999871e-05
1.150419999999999998e+00 -2.413677000000000032e-05
1.158112999999999948e+00 -2.530775999999999908e-05
1.165483000000000047e+00 -2.530759000000000074e-05
1.172943000000000069e+00 -2.472213000000000042e-05
1.180574000000000012e+00 -2.472224999999999865e-05
1.187958000000000069e+00 -2.355154999999999984e-05
1.195341999999999905e+00 -2.296607000000000151e-05
1.203105000000000091e+00 -2.530752999999999993e-05
1.210550999999999933e+00 -2.413690999999999995e-05
1.218118999999999952e+00 -2.355146000000000033e-05
1.225632999999999972e+00 -2.355146000000000033e-05
1.233038000000000078e+00 -2.238079000000000023e-05
1.240685000000000038e+00 -2.179548000000000024e-05
1.247946999999999917e+00 -2.355143000000000161e-05
1.255408999999999997e+00 -2.238072999999999942e-05
1.263168000000000069e+00 -2.179535999999999862e-05
1.270509000000000110e+00 -2.530766999999999956e-05
1.277897999999999978e+00 -2.472221999999999994e-05
1.285627999999999993e+00 -2.355137000000000081e-05
1.292837000000000014e+00 -2.530766999999999956e-05
1.301120999999999972e+00 -2.179532999999999991e-05
1.308465999999999907e+00 -2.121003000000000062e-05
1.316111000000000031e+00 -2.296607000000000151e-05
1.323544999999999972e+00 -2.355162999999999867e-05
1.330899999999999972e+00 -2.296607000000000151e-05
1.338495999999999908e+00 -2.472221999999999994e-05
1.346092000000000066e+00 -2.413693999999999866e-05
1.353377999999999970e+00 -2.179532999999999991e-05
1.361194999999999933e+00 -2.296632999999999937e-05
1.368484999999999951e+00 -2.238095999999999857e-05
1.376395999999999953e+00 -2.472230999999999946e-05
1.383566999999999991e+00 -2.179532999999999991e-05
1.391008999999999940e+00 -2.296623999999999985e-05
1.398735000000000062e+00 -2.120994000000000110e-05
1.406055999999999973e+00 -2.296615000000000033e-05
1.413432999999999939e+00 -2.472239000000000167e-05
1.421133999999999897e+00 -2.296615000000000033e-05
1.428503999999999996e+00 -2.355161000000000065e-05
1.435905999999999905e+00 -2.296615000000000033e-05
1.443583999999999978e+00 -2.530766999999999956e-05
1.450974999999999904e+00 -2.179548000000000024e-05
1.458364999999999911e+00 -2.472242000000000038e-05
1.465956000000000037e+00 -2.179541999999999943e-05
1.473591000000000095e+00 -2.472239000000000167e-05
1.481190999999999924e+00 -2.120999999999999852e-05
1.488677999999999946e+00 -2.179541999999999943e-05
1.495976999999999890e+00 -2.413688000000000124e-05
1.504067000000000043e+00 -2.589326999999999951e-05
1.511244999999999949e+00 -2.121010999999999944e-05
1.519169999999999909e+00 -2.062463000000000111e-05
1.526469000000000076e+00 -2.296639000000000018e-05
1.534197000000000033e+00 -2.296630000000000066e-05
1.541566999999999910e+00 -2.296615000000000033e-05
1.549153000000000002e+00 -2.238085000000000104e-05
1.556686999999999932e+00 -2.589320999999999870e-05
1.564060999999999924e+00 -2.589311999999999918e-05
1.571509000000000045e+00 -2.355161000000000065e-05
1.579166999999999987e+00 -2.238085000000000104e-05
1.586524000000000045e+00 -2.413703000000000156e-05
1.593925999999999954e+00 -2.472242000000000038e-05
1.601564999999999905e+00 -2.121023000000000106e-05
1.608959999999999946e+00 -2.179554000000000105e-05
1.616753000000000107e+00 -2.238095999999999857e-05
1.624085000000000001e+00 -2.355157999999999856e-05
1.631539000000000073e+00 -2.296626999999999856e-05
1.639189999999999925e+00 -2.003936000000000053e-05
1.646649000000000029e+00 -2.121014000000000154e-05
1.653961000000000015e+00 -2.121014000000000154e-05
1.661682000000000103e+00 -2.003929999999999972e-05
1.669065999999999939e+00 -1.945405000000000054e-05
1.676476999999999995e+00 -2.003941000000000064e-05
1.684031999999999973e+00 -2.179568000000000068e-05
1.691537999999999986e+00 -1.828331999999999963e-05
1.698909999999999920e+00 -1.711258999999999873e-05
1.706949000000000050e+00 -1.594191000000000133e-05
1.714677999999999924e+00 -1.360042000000000081e-05
1.722164000000000028e+00 -1.418573000000000081e-05
1.729384000000000032e+00 -8.917210000000000636e-06
1.737130000000000063e+00 -4.819653000000000389e-06
1.744513999999999898e+00 -5.405076000000000323e-06
1.751884999999999915e+00 -1.892913000000000057e-06
1.759503999999999957e+00 3.375288000000000200e-06
1.766988999999999921e+00 5.717127000000000396e-06
1.774680999999999953e+00 1.274151000000000060e-05
1.782032000000000060e+00 1.683909999999999942e-05
1.789425000000000043e+00 2.854651999999999990e-05
1.797145999999999910e+00 3.791254000000000276e-05
1.804570999999999925e+00 5.137635000000000151e-05
1.811949000000000032e+00 6.249834999999999429e-05
1.819661999999999891e+00 8.532798000000000563e-05
1.827020000000000088e+00 1.028891999999999974e-04
1.834408000000000039e+00 1.298163999999999926e-04
1.842138000000000053e+00 1.631826000000000121e-04
1.849477999999999955e+00 1.971343999999999874e-04
1.857202000000000019e+00 2.433791999999999889e-04
1.864584999999999937e+00 2.931357999999999794e-04
1.871955000000000036e+00 3.534297999999999954e-04
1.879660000000000108e+00 4.230893000000000219e-04
1.887054000000000009e+00 5.027003000000000157e-04
1.894495000000000040e+00 5.946042999999999815e-04
1.902543000000000095e+00 7.069962999999999855e-04
1.910247999999999946e+00 8.305097999999999474e-04
1.917642000000000069e+00 9.669023999999999805e-04
1.925029000000000101e+00 1.119100000000000043e-03
1.932704999999999895e+00 1.288272999999999936e-03
1.940093000000000067e+00 1.474421999999999972e-03
1.947475000000000067e+00 1.674034999999999933e-03
1.955190999999999901e+00 1.897648000000000043e-03
1.962579000000000073e+00 2.130627999999999862e-03
1.969959999999999933e+00 2.380582000000000011e-03
1.977699000000000096e+00 2.654538000000000123e-03
1.985079999999999956e+00 2.933176000000000012e-03
1.992466999999999988e+00 3.228790000000000045e-03
2.000169999999999781e+00 3.548405000000000135e-03
2.007550999999999863e+00 3.866847999999999987e-03
2.015279000000000043e+00 4.213388999999999676e-03
2.022628000000000092e+00 4.557002999999999575e-03
2.030015000000000125e+00 4.910572000000000201e-03
2.037739999999999885e+00 5.290481999999999997e-03
2.045097000000000165e+00 5.661608000000000265e-03
2.052477999999999803e+00 6.043271999999999707e-03
2.060204000000000146e+00 6.447180999999999745e-03
2.067585999999999924e+00 6.848161999999999652e-03
2.074965999999999866e+00 7.252655000000000213e-03
2.082676999999999889e+00 7.679980000000000313e-03
2.090059000000000111e+00 8.099695999999999979e-03
2.097449000000000119e+00 8.520577999999999139e-03
2.105464000000000002e+00 8.986532000000000200e-03
2.113182999999999812e+00 9.437271000000000548e-03
2.120563999999999893e+00 9.878641000000000505e-03
2.127924999999999844e+00 1.031825999999999924e-02
2.135651000000000188e+00 1.078364000000000059e-02
2.143041999999999891e+00 1.123613000000000042e-02
2.150440000000000129e+00 1.169214000000000017e-02
2.158151000000000153e+00 1.217038999999999968e-02
2.165538000000000185e+00 1.263282999999999941e-02
2.173243999999999954e+00 1.311635000000000058e-02
2.180630999999999986e+00 1.358524000000000016e-02
2.188022999999999829e+00 1.405879999999999977e-02
2.195692999999999895e+00 1.455052000000000081e-02
2.203075000000000117e+00 1.502819000000000030e-02
2.210446999999999829e+00 1.550701999999999983e-02
2.218169000000000057e+00 1.601162000000000071e-02
2.225554999999999950e+00 1.649747999999999840e-02
2.232947999999999933e+00 1.698451000000000127e-02
2.240663000000000071e+00 1.749320000000000042e-02
2.248041000000000178e+00 1.798492000000000146e-02
2.255748999999999782e+00 1.849945000000000062e-02
2.263135999999999814e+00 1.899703000000000155e-02
2.270516000000000201e+00 1.949460000000000082e-02
2.278197000000000028e+00 2.001148000000000163e-02
2.285582999999999920e+00 2.051197000000000090e-02
2.292968999999999813e+00 2.101304000000000019e-02
2.301003000000000132e+00 2.156096000000000054e-02
2.308723000000000081e+00 2.209188999999999944e-02
2.316116000000000064e+00 2.259765999999999858e-02
2.323516999999999832e+00 2.310811000000000115e-02
2.331234999999999946e+00 2.364139000000000171e-02
2.338635000000000019e+00 2.415650999999999909e-02
2.345990000000000020e+00 2.466988999999999987e-02
2.353711000000000109e+00 2.520491999999999871e-02
2.361060000000000159e+00 2.571595000000000131e-02
2.368450999999999862e+00 2.623224000000000042e-02
2.376167000000000140e+00 2.677254999999999913e-02
2.383526999999999951e+00 2.728942000000000173e-02
2.390909000000000173e+00 2.780571999999999905e-02
2.398642000000000163e+00 2.835071000000000119e-02
2.406028000000000056e+00 2.887228999999999837e-02
2.413743000000000194e+00 2.941610000000000058e-02
2.421114999999999906e+00 2.993532000000000137e-02
2.428478000000000137e+00 3.045805999999999861e-02
2.436202999999999896e+00 3.100363999999999898e-02
2.443598999999999855e+00 3.153047999999999962e-02
2.450941999999999954e+00 3.205145999999999690e-02
2.458651999999999838e+00 3.259527000000000257e-02
2.466041000000000150e+00 3.312034999999999979e-02
2.473408000000000051e+00 3.364426000000000222e-02
2.481132999999999811e+00 3.419159000000000087e-02
2.488528000000000073e+00 3.471841999999999984e-02
2.495925000000000171e+00 3.524701999999999696e-02
2.503970999999999947e+00 3.702363000000000182e-02
2.511674000000000184e+00 3.769269000000000092e-02
2.519061000000000217e+00 3.833778999999999659e-02
2.526441999999999855e+00 3.914734999999999743e-02
2.534129000000000076e+00 3.995517999999999986e-02
2.541511999999999993e+00 4.060845999999999900e-02
2.549234000000000222e+00 4.133314999999999906e-02
2.556597000000000008e+00 4.193199999999999705e-02
2.563994999999999802e+00 4.250798000000000076e-02
2.571712000000000220e+00 4.310798999999999881e-02
2.579064999999999941e+00 4.367523000000000238e-02
2.586437000000000097e+00 4.424423000000000245e-02
2.594155999999999906e+00 4.483543000000000250e-02
2.601526999999999923e+00 4.540207999999999744e-02
2.608906999999999865e+00 4.596871999999999764e-02
2.616642000000000134e+00 4.656579999999999747e-02
2.623982999999999954e+00 4.713185000000000291e-02
2.631369999999999987e+00 4.769674000000000136e-02
2.639095000000000191e+00 4.828679999999999778e-02
2.646447999999999912e+00 4.885401999999999800e-02
2.654180999999999901e+00 4.944584999999999952e-02
2.661599999999999966e+00 5.001306999999999975e-02
2.668982999999999883e+00 5.057678000000000174e-02
2.676692000000000071e+00 5.116802000000000156e-02
2.684060000000000112e+00 5.172879999999999839e-02
2.691441999999999890e+00 5.229252000000000206e-02
2.699155999999999889e+00 5.288198999999999678e-02
2.707186000000000092e+00 5.349663999999999808e-02
2.714583999999999886e+00 5.406211999999999823e-02
2.721960000000000157e+00 5.463052000000000186e-02
2.729661000000000115e+00 5.522110999999999686e-02
2.737035999999999802e+00 5.578601999999999866e-02
2.744428000000000090e+00 5.635558999999999708e-02
2.752156999999999965e+00 5.694388999999999701e-02
2.759523000000000170e+00 5.750877000000000072e-02
2.766919999999999824e+00 5.807538999999999757e-02
2.774612999999999996e+00 5.866311999999999915e-02
2.781991000000000103e+00 5.923037999999999914e-02
2.789397999999999822e+00 5.979642999999999764e-02
2.797070999999999863e+00 6.038237999999999939e-02
2.804454999999999920e+00 6.094668999999999781e-02
2.812148999999999788e+00 6.153323000000000126e-02
2.819541000000000075e+00 6.209694999999999798e-02
2.826931000000000083e+00 6.266183999999999643e-02
2.834680000000000089e+00 6.325364999999999460e-02
2.842067000000000121e+00 6.381675000000000542e-02
2.849435000000000162e+00 6.438164999999999860e-02
2.857130999999999865e+00 6.496820000000000372e-02
2.864526000000000128e+00 6.553191999999999351e-02
2.871900999999999815e+00 6.609502999999999906e-02
2.879601000000000077e+00 6.667926999999999882e-02
2.886976999999999904e+00 6.724180000000000434e-02
2.894696000000000158e+00 6.782892000000000088e-02
2.902413999999999827e+00 6.841724000000000416e-02
2.910120000000000040e+00 6.900320000000000065e-02
2.917511999999999883e+00 6.956339000000000272e-02
2.924889999999999990e+00 7.012126000000000470e-02
2.932608000000000104e+00 7.070838999999999597e-02
2.940001999999999782e+00 7.126918999999999615e-02
2.947697999999999929e+00 7.185220999999999969e-02
2.955079000000000011e+00 7.241066999999999643e-02
2.962435000000000151e+00 7.296792000000000555e-02
2.970155000000000101e+00 7.355093999999999521e-02
2.977543999999999969e+00 7.410587000000000424e-02
2.984912000000000010e+00 7.466551999999999911e-02
2.992628999999999984e+00 7.524387999999999910e-02
3.000016000000000016e+00 7.580404999999999782e-02
