1.300022999999999929e+00 -3.645537000000000126e-05
1.314442000000000110e+00 -3.938217000000000177e-05
1.328549999999999898e+00 -4.055283999999999847e-05
1.342934000000000072e+00 -4.113817999999999718e-05
1.357016000000000000e+00 -4.113811999999999975e-05
1.371461999999999959e+00 -3.996747999999999837e-05
1.385544000000000109e+00 -4.055296000000000009e-05
1.399960000000000093e+00 -3.645555000000000030e-05
1.414406999999999970e+00 -4.055303999999999891e-05
1.428458000000000006e+00 -3.762619000000000168e-05
1.442873000000000072e+00 -4.055301999999999751e-05
1.456974999999999909e+00 -3.821169999999999873e-05
1.471430999999999933e+00 -3.879698000000000001e-05
1.485514999999999919e+00 -3.996755999999999719e-05
1.499937999999999994e+00 -4.055292999999999799e-05
1.514331000000000094e+00 -4.055303999999999891e-05
1.528418000000000054e+00 -4.172353999999999728e-05
1.542845000000000022e+00 -3.704085000000000298e-05
1.556942999999999966e+00 -4.055281000000000315e-05
1.571364999999999901e+00 -4.113828999999999809e-05
1.585469999999999935e+00 -3.996755999999999719e-05
1.599866000000000010e+00 -3.938219999999999709e-05
1.614613999999999994e+00 -3.879701000000000211e-05
1.628390000000000004e+00 -3.879692000000000259e-05
1.643178000000000027e+00 -3.762615999999999959e-05
1.656921000000000088e+00 -3.996764999999999671e-05
1.671349999999999891e+00 -3.704078999999999879e-05
1.685408999999999935e+00 -4.172365999999999890e-05
1.699834000000000067e+00 -4.055299000000000219e-05
1.714604000000000017e+00 -3.821169999999999873e-05
1.728352000000000110e+00 -3.645557000000000170e-05
1.743112999999999913e+00 -3.645549000000000288e-05
1.756871999999999989e+00 -3.821144000000000087e-05
1.771592000000000056e+00 -3.821164000000000131e-05
1.785344000000000042e+00 -3.645566000000000122e-05
1.800116000000000049e+00 -3.996762000000000139e-05
1.814564000000000066e+00 -3.762619000000000168e-05
1.828645999999999994e+00 -3.938222999999999919e-05
1.843082000000000109e+00 -4.055299000000000219e-05
1.857143999999999906e+00 -3.879685999999999839e-05
1.871558999999999973e+00 -3.762628000000000120e-05
1.885326000000000057e+00 -3.762628000000000120e-05
1.900144999999999973e+00 -3.996755999999999719e-05
1.914557999999999982e+00 -4.055316000000000053e-05
1.928657000000000066e+00 -3.996771000000000091e-05
1.943051000000000084e+00 -3.645555000000000030e-05
1.957144999999999913e+00 -3.821149999999999829e-05
1.971575999999999995e+00 -3.996767999999999881e-05
1.985687999999999898e+00 -3.996755999999999719e-05
2.000109000000000137e+00 -3.996767999999999881e-05
2.014552999999999816e+00 -3.821164000000000131e-05
2.028605999999999909e+00 -4.055319000000000263e-05
2.043025999999999787e+00 -4.113844000000000181e-05
2.057129000000000207e+00 -3.704099999999999992e-05
2.071546999999999805e+00 -3.938226000000000129e-05
2.085624999999999840e+00 -4.172394999999999885e-05
2.100070000000000103e+00 -4.172372000000000309e-05
2.114454999999999973e+00 -3.996764999999999671e-05
2.128543000000000074e+00 -3.938230999999999801e-05
2.142994999999999983e+00 -3.938242999999999963e-05
2.157096000000000124e+00 -3.645578000000000284e-05
2.171514000000000166e+00 -3.704096999999999782e-05
2.185613000000000028e+00 -3.528489999999999822e-05
2.200000999999999873e+00 -3.352907000000000185e-05
2.214414000000000105e+00 -3.469980000000000276e-05
2.228524000000000171e+00 -3.118790000000000001e-05
2.242954000000000114e+00 -3.060241999999999829e-05
2.257036999999999960e+00 -2.884625999999999917e-05
2.271475000000000133e+00 -2.533419000000000147e-05
2.285533000000000037e+00 -2.299277999999999977e-05
2.299952000000000218e+00 -2.182223000000000130e-05
2.314379000000000186e+00 -1.948096999999999993e-05
2.328500000000000014e+00 -1.596884000000000142e-05
2.342922999999999867e+00 -1.538349999999999933e-05
2.357025000000000148e+00 -1.011546999999999956e-05
2.371408999999999878e+00 -9.530427999999999345e-06
2.385492999999999864e+00 -4.847446999999999771e-06
2.399938000000000127e+00 -4.262284999999999629e-06
2.414674000000000209e+00 -1.335604000000000079e-06
2.428415999999999908e+00 4.201719999999999854e-07
2.442861999999999867e+00 5.103124000000000135e-06
2.456933999999999951e+00 9.200565000000000568e-06
2.471331000000000166e+00 1.154188000000000070e-05
2.485438999999999954e+00 1.446841999999999996e-05
2.499909000000000159e+00 2.032180999999999983e-05
2.514644999999999797e+00 2.032189999999999935e-05
2.528401999999999816e+00 2.558957000000000104e-05
2.543137999999999899e+00 2.793138000000000023e-05
2.556878000000000206e+00 3.144337000000000249e-05
2.571658000000000222e+00 3.261400999999999710e-05
2.585399999999999920e+00 3.788192000000000203e-05
2.600128000000000217e+00 4.256472999999999794e-05
2.614571000000000200e+00 4.432056000000000109e-05
2.628642000000000145e+00 5.134479999999999670e-05
2.643044000000000171e+00 5.251530000000000184e-05
2.656820999999999877e+00 5.778335999999999694e-05
2.671628000000000114e+00 6.129537000000000061e-05
2.685344000000000175e+00 6.480744999999999562e-05
2.700121999999999911e+00 7.007558999999999631e-05
2.714531000000000027e+00 7.300226999999999519e-05
2.728597000000000161e+00 7.651400000000000638e-05
2.743034000000000194e+00 8.178213999999999352e-05
2.757146000000000097e+00 8.470894000000000080e-05
2.771546999999999983e+00 9.348897999999999746e-05
2.785655000000000214e+00 9.992757000000000657e-05
2.800047999999999870e+00 1.010982999999999939e-04
2.814449000000000201e+00 1.063662999999999984e-04
2.828561999999999799e+00 1.128050000000000016e-04
2.843029000000000028e+00 1.163172000000000050e-04
2.857076999999999867e+00 1.221701999999999912e-04
2.871519000000000155e+00 1.297798000000000072e-04
2.885594000000000214e+00 1.309503000000000056e-04
2.899996999999999936e+00 1.379746000000000054e-04
2.914442999999999895e+00 1.426571999999999866e-04
2.928560000000000052e+00 1.508520000000000119e-04
2.942950999999999873e+00 1.549491999999999970e-04
2.957040999999999809e+00 1.596319999999999922e-04
2.971452000000000204e+00 1.649001000000000037e-04
2.985542000000000140e+00 1.748507999999999963e-04
2.999960000000000182e+00 1.789480999999999884e-04
3.014438999999999869e+00 1.877282000000000028e-04
3.028506999999999838e+00 1.906548999999999896e-04
3.042934999999999945e+00 2.000201000000000062e-04
3.056999999999999940e+00 2.052881999999999906e-04
3.071416000000000146e+00 2.152389000000000103e-04
3.085515000000000008e+00 2.205067000000000008e-04
3.099943000000000115e+00 2.263599999999999944e-04
3.114358999999999877e+00 2.333842999999999942e-04
3.128448000000000118e+00 2.415790999999999924e-04
3.142851999999999979e+00 2.521153000000000153e-04
3.156918000000000113e+00 2.573830000000000258e-04
3.171361000000000097e+00 2.667486999999999961e-04
3.185491999999999990e+00 2.755284000000000097e-04
3.199889999999999901e+00 2.813819999999999971e-04
3.214653999999999900e+00 2.913327000000000169e-04
3.228390999999999789e+00 3.006977999999999995e-04
3.242793999999999954e+00 3.100633000000000100e-04
3.256899000000000211e+00 3.194288000000000205e-04
3.271403999999999979e+00 3.299647999999999752e-04
3.285467999999999833e+00 3.410862999999999872e-04
3.299898999999999916e+00 3.498660000000000008e-04
3.314636999999999833e+00 3.621580999999999910e-04
3.328383999999999787e+00 3.726940000000000201e-04
3.343147999999999787e+00 3.838154999999999779e-04
3.356932000000000027e+00 3.949371000000000240e-04
3.371684000000000125e+00 4.060582999999999879e-04
3.385464999999999947e+00 4.206920999999999968e-04
3.400196000000000218e+00 4.341549999999999793e-04
3.414601000000000219e+00 4.493734999999999895e-04
3.428383000000000180e+00 4.604950999999999814e-04
3.443135999999999974e+00 4.768843999999999839e-04
3.456856000000000151e+00 4.909323000000000159e-04
3.471632000000000051e+00 5.084924999999999905e-04
3.485361000000000153e+00 5.237113000000000488e-04
3.500110999999999972e+00 5.418562999999999505e-04
3.514546999999999866e+00 5.629285000000000365e-04
3.528664000000000023e+00 5.828298999999999676e-04
3.543076999999999810e+00 6.039020000000000195e-04
3.557199000000000222e+00 6.267303000000000327e-04
3.571572999999999887e+00 6.501438000000000009e-04
3.585659000000000152e+00 6.747281000000000155e-04
3.600108999999999781e+00 7.039948999999999773e-04
3.614520000000000177e+00 7.344320000000000319e-04
3.628601000000000187e+00 7.672110999999999905e-04
3.643062000000000022e+00 8.040874000000000155e-04
3.657109999999999861e+00 8.456463999999999474e-04
3.671511999999999887e+00 8.889609999999999613e-04
3.685621999999999954e+00 9.428121000000000461e-04
3.700073000000000167e+00 1.006027999999999957e-03
3.714484000000000119e+00 1.082122000000000032e-03
3.728585999999999956e+00 1.175775999999999905e-03
3.742983000000000171e+00 1.304548999999999900e-03
3.757071999999999967e+00 1.502978000000000083e-03
3.771494000000000124e+00 1.881105000000000103e-03
3.785515000000000185e+00 3.581505999999999926e-03
3.799974999999999881e+00 1.039777999999999952e-01
3.814420999999999840e+00 1.308330000000000048e-01
3.828463999999999867e+00 1.331566999999999890e-01
3.842900999999999900e+00 1.436530000000000029e-01
3.857003000000000181e+00 1.451251000000000069e-01
3.871452999999999811e+00 1.464643999999999946e-01
3.885527000000000175e+00 1.476929999999999910e-01
3.899961999999999929e+00 1.489641999999999911e-01
3.914365999999999790e+00 1.502140999999999893e-01
3.928440999999999850e+00 1.514298000000000033e-01
3.942883999999999833e+00 1.526684000000000097e-01
3.956968999999999959e+00 1.538764999999999994e-01
3.971362000000000059e+00 1.551296000000000064e-01
3.985460999999999920e+00 1.563184999999999991e-01
3.999870000000000037e+00 1.575190999999999952e-01
4.014276999999999873e+00 1.587395000000000056e-01
4.028381999999999685e+00 1.599787000000000015e-01
4.042851999999999890e+00 1.612435999999999869e-01
4.056925999999999810e+00 1.624230999999999869e-01
4.071346000000000132e+00 1.636961000000000110e-01
4.085416000000000381e+00 1.649674999999999891e-01
4.099833000000000283e+00 1.662445999999999924e-01
4.114601999999999649e+00 1.675516999999999979e-01
4.128363000000000227e+00 1.687259000000000120e-01
4.143102999999999980e+00 1.700646000000000102e-01
4.156869000000000369e+00 1.712557000000000107e-01
4.171609000000000123e+00 1.725521999999999889e-01
4.185348000000000290e+00 1.737913000000000097e-01
4.199785999999999575e+00 1.750750000000000084e-01
4.214577000000000240e+00 1.763948999999999934e-01
4.228317999999999799e+00 1.776107000000000102e-01
4.243072999999999873e+00 1.789094999999999991e-01
4.256809999999999761e+00 1.800831999999999988e-01
4.271560000000000024e+00 1.814042999999999906e-01
4.285318000000000183e+00 1.821001999999999899e-01
4.300094999999999779e+00 1.833299999999999930e-01
4.314509000000000150e+00 1.846322999999999992e-01
4.328603000000000200e+00 1.858819999999999917e-01
4.343003000000000391e+00 1.871394000000000113e-01
4.357090000000000352e+00 1.884060999999999930e-01
4.371526000000000245e+00 1.897435000000000094e-01
4.385648999999999909e+00 1.909511000000000125e-01
4.400064000000000419e+00 1.921966999999999981e-01
4.414494999999999614e+00 1.935172000000000003e-01
4.428557999999999772e+00 1.947902999999999996e-01
4.442973000000000283e+00 1.960540000000000060e-01
4.457065000000000055e+00 1.973188999999999915e-01
4.471498999999999668e+00 1.984961000000000086e-01
4.485592999999999719e+00 1.999634999999999885e-01
4.499989000000000239e+00 2.013951999999999964e-01
4.514401999999999582e+00 2.025759000000000032e-01
4.528503999999999863e+00 2.036774000000000084e-01
4.542902999999999913e+00 2.049710999999999894e-01
4.557034999999999947e+00 2.062430000000000097e-01
4.571481000000000350e+00 2.076150999999999969e-01
4.585543999999999620e+00 2.090156999999999987e-01
4.599929999999999630e+00 2.103098999999999941e-01
4.614391999999999605e+00 2.115478000000000081e-01
4.628459999999999575e+00 2.127630000000000077e-01
4.642952000000000190e+00 2.139851999999999865e-01
4.657062999999999953e+00 2.152014999999999900e-01
4.671452999999999633e+00 2.164635000000000031e-01
4.685524000000000022e+00 2.176907999999999899e-01
4.699972999999999956e+00 2.189651999999999987e-01
4.714374000000000287e+00 2.201668999999999987e-01
4.728506999999999572e+00 2.213374999999999926e-01
4.742945999999999884e+00 2.225403999999999993e-01
4.756998000000000282e+00 2.236946999999999963e-01
4.771416000000000324e+00 2.248770999999999964e-01
4.785527000000000086e+00 2.260137999999999869e-01
4.799906000000000006e+00 2.271640000000000048e-01
4.814353999999999800e+00 2.283078000000000052e-01
4.828458999999999612e+00 2.294069999999999998e-01
4.842844999999999622e+00 2.304991999999999874e-01
4.856900000000000439e+00 2.316036999999999957e-01
4.871356999999999715e+00 2.327017000000000113e-01
4.885447000000000095e+00 2.337840999999999947e-01
4.899880999999999709e+00 2.348664000000000029e-01
4.914666000000000423e+00 2.359188999999999869e-01
4.928404999999999703e+00 2.370011999999999952e-01
4.943140999999999785e+00 2.380969000000000002e-01
4.956892999999999994e+00 2.390936999999999923e-01
4.971326999999999607e+00 2.400770999999999877e-01
4.985416999999999987e+00 2.410662000000000083e-01
4.999852999999999881e+00 2.420989000000000058e-01
5.014580999999999733e+00 2.430911000000000044e-01
5.028311999999999671e+00 2.440402999999999878e-01
5.043103000000000335e+00 2.450255000000000072e-01
5.056823999999999764e+00 2.459175000000000111e-01
5.071614000000000289e+00 2.468580999999999970e-01
5.085397000000000389e+00 2.477026999999999979e-01
5.100151999999999575e+00 2.485808999999999935e-01
5.114532999999999774e+00 2.494043999999999983e-01
5.128637000000000334e+00 2.501858000000000137e-01
5.143063999999999858e+00 2.509935999999999834e-01
5.157138999999999918e+00 2.517422000000000271e-01
5.171571000000000140e+00 2.525043000000000148e-01
5.185296000000000127e+00 2.532060999999999895e-01
5.200046000000000390e+00 2.539472999999999869e-01
5.214476000000000333e+00 2.546397000000000244e-01
5.228549000000000113e+00 2.552865000000000273e-01
5.243022999999999989e+00 2.559421000000000057e-01
5.257132000000000360e+00 2.565432000000000268e-01
5.271516000000000091e+00 2.571337000000000206e-01
5.285586000000000340e+00 2.577085000000000070e-01
5.300042999999999616e+00 2.582938000000000178e-01
5.314440000000000275e+00 2.588693000000000244e-01
5.328530999999999906e+00 2.593953999999999982e-01
5.342970000000000219e+00 2.599450999999999845e-01
5.357027999999999679e+00 2.604584999999999817e-01
5.371434999999999960e+00 2.609992999999999896e-01
5.385530000000000150e+00 2.614991999999999872e-01
5.399947000000000052e+00 2.620130999999999988e-01
5.414405000000000356e+00 2.625321999999999933e-01
5.428504000000000218e+00 2.630158000000000218e-01
5.442908000000000079e+00 2.635121999999999742e-01
5.457002000000000130e+00 2.639986000000000277e-01
5.471413000000000082e+00 2.645048999999999872e-01
5.485488000000000142e+00 2.649877999999999956e-01
5.499951000000000256e+00 2.654883000000000104e-01
5.514343000000000217e+00 2.659787000000000123e-01
5.528412999999999577e+00 2.664386999999999728e-01
5.542843000000000409e+00 2.669174999999999742e-01
5.556917999999999580e+00 2.673595999999999751e-01
5.571337999999999901e+00 2.678296000000000010e-01
5.585466000000000264e+00 2.682824999999999793e-01
5.599892999999999788e+00 2.687361999999999806e-01
5.614289999999999559e+00 2.691821999999999826e-01
5.628370999999999569e+00 2.695960000000000023e-01
5.642819000000000251e+00 2.700311000000000239e-01
5.656914999999999694e+00 2.704385000000000261e-01
5.671333999999999875e+00 2.708644000000000052e-01
5.685421999999999976e+00 2.712603000000000097e-01
5.699843999999999689e+00 2.716618000000000088e-01
5.714589000000000141e+00 2.720702999999999872e-01
5.728321000000000218e+00 2.724347999999999770e-01
5.743083000000000382e+00 2.728359000000000201e-01
5.756878000000000384e+00 2.730940000000000034e-01
5.771297999999999817e+00 2.735318999999999945e-01
5.785375000000000156e+00 2.739013000000000142e-01
5.799783999999999828e+00 2.742839999999999723e-01
5.814555000000000362e+00 2.746621000000000201e-01
5.828301999999999872e+00 2.750162999999999913e-01
5.843060999999999616e+00 2.754013000000000155e-01
5.856835000000000235e+00 2.757256000000000151e-01
5.871563000000000088e+00 2.761013999999999968e-01
5.885273999999999894e+00 2.764106000000000063e-01
5.900045000000000428e+00 2.767804999999999849e-01
5.914492000000000083e+00 2.771239999999999815e-01
5.928607000000000404e+00 2.774582999999999910e-01
5.943018000000000356e+00 2.777954000000000256e-01
5.956767000000000145e+00 2.781003000000000225e-01
5.971508000000000038e+00 2.784556999999999727e-01
5.985261000000000386e+00 2.787452999999999737e-01
6.000015999999999572e+00 2.790866000000000180e-01
6.014523999999999759e+00 2.793969000000000036e-01
6.028622999999999621e+00 2.796878999999999893e-01
6.043004999999999960e+00 2.799781000000000075e-01
6.057076000000000349e+00 2.802509000000000250e-01
6.071527999999999814e+00 2.805383000000000182e-01
6.085604000000000013e+00 2.808093999999999868e-01
6.100046999999999997e+00 2.810984999999999734e-01
6.114497000000000071e+00 2.813835000000000086e-01
6.128561999999999621e+00 2.816440000000000055e-01
6.142957000000000001e+00 2.819086000000000092e-01
6.157052000000000191e+00 2.821455999999999964e-01
6.171491999999999756e+00 2.824002999999999930e-01
6.185584000000000415e+00 2.826314999999999800e-01
6.199996999999999758e+00 2.828674999999999939e-01
6.214407999999999710e+00 2.831003000000000269e-01
6.228487000000000329e+00 2.833251999999999993e-01
6.242900999999999812e+00 2.835463999999999762e-01
6.256993999999999723e+00 2.837652999999999981e-01
6.271454000000000306e+00 2.839911999999999992e-01
6.285531999999999897e+00 2.842105999999999799e-01
6.299946000000000268e+00 2.844446999999999948e-01
6.314358000000000359e+00 2.846695000000000197e-01
6.328452999999999662e+00 2.848757000000000095e-01
6.342875000000000263e+00 2.850470999999999977e-01
6.356969000000000314e+00 2.852342999999999962e-01
6.371391000000000027e+00 2.854614999999999791e-01
6.385507999999999740e+00 2.856569999999999943e-01
6.399871000000000087e+00 2.858427000000000051e-01
6.414306999999999981e+00 2.860400000000000165e-01
6.428409000000000262e+00 2.862101000000000228e-01
6.442836999999999925e+00 2.864045000000000063e-01
6.456921000000000355e+00 2.865817999999999977e-01
6.471382000000000190e+00 2.867609999999999881e-01
6.485413000000000316e+00 2.869289999999999896e-01
6.499844000000000399e+00 2.871251000000000220e-01
6.514612999999999765e+00 2.873492999999999742e-01
6.528360000000000163e+00 2.875319000000000069e-01
6.542774999999999785e+00 2.877360999999999946e-01
6.556866999999999557e+00 2.878895000000000204e-01
6.571265000000000356e+00 2.880997000000000141e-01
6.585359999999999658e+00 2.882618000000000125e-01
6.599789999999999601e+00 2.884650000000000269e-01
6.614559999999999995e+00 2.886492999999999975e-01
6.628340999999999816e+00 2.887786999999999993e-01
6.643106999999999651e+00 2.889728999999999770e-01
6.656816000000000066e+00 2.891104999999999925e-01
6.671568999999999861e+00 2.892603999999999731e-01
6.685355999999999632e+00 2.894062000000000023e-01
6.700108000000000175e+00 2.895811999999999831e-01
6.714515999999999707e+00 2.897361999999999993e-01
6.728283000000000236e+00 2.898497999999999908e-01
6.743007000000000417e+00 2.900108000000000130e-01
6.756755000000000067e+00 2.901367000000000251e-01
6.771524999999999572e+00 2.902570999999999901e-01
6.785332000000000363e+00 2.903678000000000092e-01
6.800080000000000346e+00 2.905323000000000211e-01
6.814492000000000438e+00 2.906721999999999917e-01
6.828552000000000177e+00 2.907570999999999906e-01
6.842990000000000350e+00 2.908916999999999753e-01
6.857075000000000031e+00 2.910350999999999910e-01
6.871489999999999654e+00 2.911580999999999753e-01
6.885576000000000363e+00 2.912751000000000090e-01
6.900006999999999557e+00 2.913775000000000115e-01
6.914382999999999946e+00 2.915097999999999856e-01
6.928471000000000046e+00 2.916226000000000096e-01
6.942914000000000030e+00 2.917332999999999732e-01
6.957057999999999964e+00 2.918305999999999956e-01
6.971441000000000443e+00 2.919318000000000191e-01
6.985539000000000165e+00 2.920137999999999900e-01
6.999956000000000067e+00 2.920974000000000070e-01
