1.000229000000000035e+00 -3.645371000000000033e-05
1.005128000000000021e+00 -3.528303999999999685e-05
1.009843999999999964e+00 -3.645362000000000081e-05
1.014839999999999964e+00 -3.645371000000000033e-05
1.019865999999999939e+00 -3.703908000000000113e-05
1.024769000000000041e+00 -3.586839999999999695e-05
1.029913000000000078e+00 -3.411242999999999757e-05
1.035007999999999928e+00 -3.528301000000000153e-05
1.040000000000000036e+00 -3.645374000000000243e-05
1.045039999999999969e+00 -3.762440999999999914e-05
1.050029000000000101e+00 -3.820977999999999994e-05
1.055085000000000051e+00 -3.820981000000000204e-05
1.059793999999999903e+00 -3.938056999999999826e-05
1.064807000000000059e+00 -3.586846000000000115e-05
1.069858999999999893e+00 -3.762456000000000285e-05
1.074839000000000100e+00 -3.586839999999999695e-05
1.079887000000000041e+00 -3.703930999999999690e-05
1.084856999999999960e+00 -3.469773000000000025e-05
1.089974999999999916e+00 -3.762440999999999914e-05
1.095323000000000047e+00 -3.703911000000000323e-05
1.100424999999999986e+00 -3.586835000000000023e-05
1.105371000000000103e+00 -3.528313000000000315e-05
1.110543000000000058e+00 -3.645371000000000033e-05
1.115493999999999986e+00 -3.469749999999999771e-05
1.120516999999999985e+00 -3.586839999999999695e-05
1.125598000000000098e+00 -3.762453000000000076e-05
1.130525999999999920e+00 -3.645396999999999819e-05
1.135620999999999992e+00 -3.645376999999999776e-05
1.140282999999999936e+00 -3.703911000000000323e-05
1.145329999999999959e+00 -3.879519999999999746e-05
1.150368000000000057e+00 -3.352699999999999935e-05
1.155556000000000028e+00 -3.586851999999999857e-05
1.160393999999999926e+00 -3.586860999999999809e-05
1.165434000000000081e+00 -3.528313000000000315e-05
1.170455999999999941e+00 -3.703908000000000113e-05
1.175497999999999932e+00 -3.586839999999999695e-05
1.180506999999999973e+00 -3.820983999999999736e-05
1.185592999999999897e+00 -3.762429999999999822e-05
1.190576999999999996e+00 -3.645367999999999824e-05
1.195308000000000037e+00 -3.586839999999999695e-05
1.200334999999999930e+00 -3.820969000000000042e-05
1.205330000000000013e+00 -3.586839999999999695e-05
1.210444999999999993e+00 -3.352696999999999725e-05
1.215465999999999935e+00 -3.528303999999999685e-05
1.220474000000000059e+00 -3.411233999999999805e-05
1.225513000000000075e+00 -3.469773000000000025e-05
1.230552000000000090e+00 -3.528294999999999733e-05
1.235589999999999966e+00 -3.703921999999999738e-05
1.240542000000000034e+00 -3.528292000000000201e-05
1.245300999999999991e+00 -3.586839999999999695e-05
1.250677000000000039e+00 -3.352715000000000306e-05
1.255490999999999913e+00 -3.528313000000000315e-05
1.260391000000000039e+00 -3.235639000000000006e-05
1.265525000000000011e+00 -3.469776000000000235e-05
1.270459999999999923e+00 -3.703911000000000323e-05
1.275509000000000004e+00 -3.703901999999999694e-05
1.280472999999999972e+00 -3.586842999999999905e-05
1.285538000000000070e+00 -3.469761999999999933e-05
1.290632999999999919e+00 -3.411242999999999757e-05
1.295663000000000009e+00 -3.411242999999999757e-05
1.301028999999999991e+00 -3.469773000000000025e-05
1.306068999999999924e+00 -3.469776000000000235e-05
1.310990000000000100e+00 -3.469773000000000025e-05
1.316116000000000064e+00 -3.645376999999999776e-05
1.321148999999999907e+00 -3.528317999999999987e-05
1.325860000000000039e+00 -3.177096000000000184e-05
1.330851999999999924e+00 -3.586838000000000233e-05
1.336033000000000026e+00 -3.118553999999999754e-05
1.340932999999999931e+00 -3.352703000000000145e-05
1.345957000000000070e+00 -3.352717999999999839e-05
1.350994000000000028e+00 -3.294183999999999969e-05
1.356012999999999913e+00 -3.352696999999999725e-05
1.361034999999999995e+00 -3.352705999999999677e-05
1.366071000000000035e+00 -3.352703000000000145e-05
1.371104000000000100e+00 -3.352712000000000097e-05
1.376127000000000100e+00 -3.118569000000000126e-05
1.380849999999999911e+00 -3.235639000000000006e-05
1.385931999999999942e+00 -2.884434000000000038e-05
1.390897000000000050e+00 -3.235639000000000006e-05
1.395901000000000058e+00 -2.884434000000000038e-05
1.400959999999999983e+00 -3.001509999999999999e-05
1.406009000000000064e+00 -3.060040999999999998e-05
1.411049999999999915e+00 -2.767375999999999980e-05
1.416034000000000015e+00 -3.177110999999999878e-05
1.421075000000000088e+00 -2.591766000000000149e-05
1.426090999999999998e+00 -2.825903000000000038e-05
1.431143999999999972e+00 -2.533240999999999892e-05
1.435653000000000068e+00 -2.357631000000000060e-05
1.440816000000000097e+00 -2.884442999999999990e-05
1.445928000000000102e+00 -2.299106999999999873e-05
1.450914000000000037e+00 -2.591771999999999891e-05
1.455977000000000077e+00 -2.182033000000000052e-05
1.461012999999999895e+00 -2.064962999999999833e-05
1.466023000000000076e+00 -2.474699000000000140e-05
1.471070000000000100e+00 -1.889354000000000071e-05
1.476137999999999950e+00 -2.299106999999999873e-05
1.481143000000000098e+00 -1.362560000000000046e-05
1.485837999999999992e+00 -1.713767000000000155e-05
1.490871000000000057e+00 -8.942908999999999998e-06
1.495983000000000063e+00 -6.601447000000000257e-06
1.501616000000000062e+00 -1.186962000000000038e-05
1.506623000000000046e+00 -1.333508000000000032e-06
1.511311999999999989e+00 -6.016169000000000302e-06
1.516318000000000055e+00 5.105365000000000373e-06
1.521347999999999923e+00 1.007807000000000099e-06
1.526402000000000037e+00 5.690467999999999945e-06
1.531401999999999930e+00 1.271461999999999991e-05
1.536480999999999986e+00 8.617032999999999258e-06
1.541573000000000082e+00 2.383603999999999956e-05
1.546548000000000034e+00 1.856816000000000011e-05
1.551579000000000041e+00 3.554293999999999753e-05
1.556586999999999943e+00 3.964014000000000296e-05
1.561666999999999916e+00 3.320156000000000133e-05
1.566326000000000107e+00 5.427378000000000063e-05
1.571355999999999975e+00 4.432312999999999791e-05
1.576402999999999999e+00 7.066319999999999795e-05
1.581434000000000006e+00 6.539528999999999980e-05
1.586476999999999915e+00 8.295532000000000318e-05
1.591458999999999957e+00 1.011010000000000066e-04
1.596506999999999898e+00 9.817411999999999374e-05
1.601526000000000005e+00 1.221728999999999903e-04
1.606567999999999996e+00 1.250998999999999980e-04
1.611580999999999930e+00 1.508547000000000110e-04
1.616619999999999946e+00 1.637324000000000114e-04
1.621323000000000070e+00 1.701712000000000081e-04
1.626359000000000110e+00 2.011939999999999985e-04
1.631423999999999985e+00 2.076325000000000013e-04
1.636460000000000026e+00 2.433385999999999947e-04
1.641486000000000001e+00 2.532893000000000145e-04
1.646536000000000000e+00 2.860682999999999932e-04
1.651567999999999925e+00 3.159200000000000246e-04
1.656576999999999966e+00 3.381630999999999743e-04
1.661613999999999924e+00 3.767956999999999947e-04
1.666641999999999957e+00 4.043067000000000232e-04
1.671343000000000023e+00 4.417684000000000172e-04
1.676336999999999966e+00 4.780596000000000129e-04
1.681378999999999957e+00 5.149358999999999837e-04
1.686412000000000022e+00 5.623483999999999774e-04
1.691451999999999956e+00 6.044925999999999728e-04
1.696457000000000104e+00 6.589290999999999725e-04
1.701834999999999987e+00 7.110245999999999754e-04
1.706876999999999978e+00 7.707293000000000477e-04
1.711905000000000010e+00 8.280915000000000454e-04
1.716936999999999935e+00 8.872113999999999738e-04
1.721969000000000083e+00 9.556964999999999731e-04
1.727008000000000099e+00 1.023011000000000103e-03
1.732034999999999991e+00 1.095592999999999958e-03
1.737084999999999990e+00 1.176369000000000026e-03
1.742088000000000081e+00 1.254804999999999896e-03
1.747128999999999932e+00 1.341434999999999980e-03
1.751816999999999958e+00 1.422211999999999955e-03
1.756861000000000006e+00 1.518791999999999929e-03
1.761862000000000039e+00 1.612446999999999925e-03
1.766893999999999965e+00 1.712540000000000026e-03
1.771921000000000079e+00 1.814974999999999922e-03
1.776958000000000037e+00 1.924434000000000040e-03
1.781978999999999980e+00 2.030964000000000120e-03
1.787012000000000045e+00 2.148619000000000050e-03
1.792049999999999921e+00 2.263344000000000033e-03
1.797091999999999912e+00 2.386851000000000163e-03
1.802156000000000091e+00 2.513284000000000178e-03
1.806848999999999927e+00 2.636204000000000065e-03
1.811882999999999910e+00 2.767905000000000192e-03
1.816910000000000025e+00 2.904874999999999905e-03
1.821949000000000041e+00 3.047113000000000165e-03
1.826964999999999950e+00 3.191692999999999787e-03
1.831995000000000040e+00 3.335686999999999940e-03
1.837031999999999998e+00 3.486119000000000197e-03
1.842065000000000063e+00 3.642405000000000035e-03
1.847066000000000097e+00 3.799274999999999961e-03
1.852106000000000030e+00 3.960828999999999912e-03
1.857140000000000013e+00 4.126480000000000078e-03
1.861833000000000071e+00 4.282761999999999854e-03
1.866854999999999931e+00 4.456609999999999738e-03
1.871893999999999947e+00 4.629870000000000339e-03
1.876926000000000094e+00 4.811326999999999791e-03
1.881953999999999905e+00 4.990439000000000160e-03
1.886986999999999970e+00 5.177748999999999720e-03
1.892080999999999902e+00 5.367984999999999597e-03
1.897113000000000049e+00 5.561146000000000318e-03
1.902476000000000056e+00 5.767770000000000188e-03
1.907526000000000055e+00 5.965029999999999638e-03
1.912538999999999989e+00 6.166974999999999887e-03
1.917577000000000087e+00 6.367158000000000366e-03
1.922606999999999955e+00 6.573784000000000051e-03
1.927642000000000078e+00 6.780992999999999916e-03
1.932646000000000086e+00 6.992886000000000241e-03
1.937348000000000070e+00 7.190143999999999876e-03
1.942379999999999995e+00 7.404965000000000332e-03
1.947411000000000003e+00 7.620369999999999575e-03
1.952445999999999904e+00 7.838703000000000684e-03
1.957468999999999903e+00 8.059373999999999358e-03
1.962514000000000092e+00 8.282384000000000274e-03
1.967540999999999984e+00 8.509496000000000074e-03
1.972582999999999975e+00 8.731924999999999756e-03
1.977638999999999925e+00 8.963725000000000512e-03
1.982666999999999957e+00 9.192007000000000302e-03
1.987703999999999915e+00 9.421455999999999928e-03
1.992402999999999924e+00 9.642124999999999654e-03
1.997416000000000080e+00 9.873925000000000410e-03
2.002454000000000178e+00 1.010982000000000026e-02
2.007487999999999939e+00 1.034511999999999932e-02
2.012532999999999905e+00 1.058452999999999998e-02
2.017542999999999864e+00 1.081925000000000074e-02
2.022565000000000168e+00 1.106215999999999970e-02
2.027607999999999855e+00 1.130391000000000035e-02
2.032636000000000109e+00 1.154506999999999929e-02
2.037678000000000100e+00 1.178681999999999994e-02
2.042688000000000059e+00 1.202974000000000057e-02
2.047395999999999994e+00 1.226035999999999966e-02
2.052414000000000183e+00 1.250503000000000031e-02
2.057456999999999869e+00 1.274852999999999924e-02
2.062488999999999795e+00 1.299435999999999994e-02
2.067530000000000090e+00 1.324256000000000044e-02
2.072550999999999810e+00 1.349073999999999933e-02
2.077592000000000105e+00 1.373540999999999998e-02
2.082603000000000204e+00 1.398183000000000065e-02
2.087635000000000129e+00 1.423235999999999946e-02
2.092668000000000195e+00 1.448289000000000000e-02
2.097373000000000154e+00 1.471996000000000068e-02
2.103041999999999856e+00 1.499681999999999925e-02
2.108092000000000077e+00 1.525202999999999975e-02
2.113116999999999912e+00 1.550372000000000035e-02
2.118149999999999977e+00 1.575659000000000087e-02
2.123187999999999853e+00 1.600829000000000141e-02
2.127857999999999805e+00 1.623890999999999876e-02
2.132894999999999985e+00 1.649646000000000098e-02
2.137936999999999976e+00 1.674522999999999984e-02
2.142978999999999967e+00 1.699985000000000038e-02
2.148025000000000073e+00 1.725211999999999926e-02
2.153061000000000114e+00 1.750381999999999980e-02
2.158087000000000089e+00 1.775610999999999856e-02
2.163130000000000219e+00 1.800780000000000089e-02
2.168147999999999964e+00 1.826066999999999968e-02
2.173184000000000005e+00 1.851295000000000024e-02
2.177881000000000178e+00 1.874767000000000100e-02
2.182919000000000054e+00 1.899877999999999983e-02
2.187961000000000045e+00 1.924988999999999867e-02
2.192946000000000062e+00 1.949982999999999925e-02
2.198001000000000094e+00 1.975562000000000151e-02
2.203015000000000168e+00 2.001317000000000026e-02
2.208058999999999994e+00 2.027247999999999897e-02
2.213067999999999813e+00 2.052709999999999951e-02
2.218109999999999804e+00 2.078699000000000172e-02
2.223130999999999968e+00 2.104220000000000049e-02
2.228196000000000065e+00 2.130092000000000096e-02
2.232887999999999984e+00 2.154382999999999992e-02
2.237909999999999844e+00 2.179845999999999867e-02
2.242951000000000139e+00 2.206479000000000079e-02
2.247986000000000040e+00 2.233111000000000124e-02
2.253006000000000064e+00 2.259861000000000161e-02
2.258036000000000154e+00 2.286084999999999853e-02
2.263079999999999981e+00 2.312718000000000065e-02
2.268098999999999865e+00 2.338882000000000114e-02
2.273146999999999807e+00 2.364754000000000161e-02
2.278144000000000169e+00 2.390685000000000032e-02
2.283180000000000209e+00 2.416497999999999910e-02
2.287878000000000078e+00 2.440729999999999983e-02
2.292914999999999814e+00 2.466544000000000028e-02
2.297930000000000028e+00 2.492240999999999901e-02
2.303637999999999852e+00 2.521682999999999911e-02
2.308666999999999803e+00 2.547146000000000132e-02
2.313371000000000066e+00 2.571495000000000031e-02
2.318433999999999884e+00 2.597601999999999897e-02
2.323463999999999974e+00 2.623709000000000111e-02
2.328494000000000064e+00 2.649345999999999993e-02
2.333543999999999841e+00 2.675276999999999863e-02
2.338581000000000021e+00 2.701206999999999914e-02
2.343590999999999980e+00 2.726728000000000138e-02
2.348624000000000045e+00 2.752715999999999844e-02
2.353658999999999946e+00 2.778411999999999896e-02
2.358693000000000151e+00 2.804167000000000118e-02
2.363350000000000062e+00 2.828284000000000006e-02
2.368393000000000193e+00 2.854390000000000052e-02
2.373421000000000003e+00 2.879852000000000106e-02
2.378457000000000043e+00 2.905898999999999982e-02
2.383471000000000117e+00 2.931829999999999853e-02
2.388514999999999944e+00 2.957643000000000078e-02
2.393540999999999919e+00 2.983633000000000118e-02
2.398588000000000164e+00 3.009623000000000159e-02
2.403615999999999975e+00 3.035612000000000033e-02
2.408656000000000130e+00 3.061542000000000083e-02
2.413686000000000220e+00 3.087648999999999949e-02
2.418366999999999933e+00 3.111705999999999847e-02
2.423420999999999825e+00 3.137695000000000067e-02
2.428417000000000048e+00 3.162979999999999958e-02
2.433460000000000178e+00 3.188971000000000167e-02
2.438492000000000104e+00 3.215018000000000042e-02
2.443541000000000185e+00 3.240773000000000265e-02
2.448541000000000079e+00 3.266585999999999795e-02
2.453558000000000128e+00 3.292222999999999677e-02
2.458596000000000004e+00 3.318096000000000240e-02
2.463637999999999995e+00 3.343966999999999773e-02
2.468650999999999929e+00 3.369956999999999814e-02
2.473355999999999888e+00 3.394189999999999707e-02
2.478397000000000183e+00 3.420060999999999934e-02
2.483432000000000084e+00 3.445698999999999984e-02
2.488471000000000100e+00 3.471802999999999695e-02
2.493513999999999786e+00 3.497557999999999917e-02
2.498555000000000081e+00 3.523372999999999783e-02
2.503918000000000088e+00 3.550998999999999822e-02
2.508955999999999964e+00 3.576697000000000209e-02
2.513970000000000038e+00 3.602571000000000245e-02
2.519004999999999939e+00 3.628558999999999951e-02
2.524036000000000168e+00 3.654079999999999828e-02
2.529077000000000019e+00 3.680010000000000225e-02
2.534075000000000077e+00 3.705706999999999751e-02
2.539099000000000217e+00 3.731577999999999978e-02
2.544141999999999904e+00 3.757392999999999844e-02
2.549173000000000133e+00 3.783381999999999717e-02
2.553859000000000101e+00 3.807556000000000135e-02
2.558905999999999903e+00 3.833837999999999829e-02
2.563943000000000083e+00 3.859827999999999870e-02
2.568964999999999943e+00 3.885581999999999925e-02
2.574014000000000024e+00 3.911687999999999971e-02
2.579003000000000156e+00 3.937559999999999671e-02
2.584035000000000082e+00 3.963429999999999731e-02
2.589049000000000156e+00 3.989125000000000310e-02
2.594104999999999883e+00 4.465828000000000159e-02
2.599127999999999883e+00 4.496967999999999799e-02
2.603826999999999892e+00 4.531798000000000076e-02
2.608854000000000006e+00 4.564986000000000044e-02
2.613906000000000063e+00 4.601862999999999787e-02
2.618897000000000030e+00 4.641019999999999868e-02
2.623930000000000096e+00 4.676663999999999821e-02
2.628962000000000021e+00 4.709210999999999953e-02
2.634011000000000102e+00 4.740645999999999749e-02
2.639046000000000003e+00 4.770672000000000107e-02
2.644060000000000077e+00 4.800407999999999759e-02
2.649093999999999838e+00 4.830435999999999758e-02
2.654132000000000158e+00 4.860111000000000292e-02
2.658838999999999952e+00 4.888093000000000299e-02
2.663886000000000198e+00 4.917650999999999967e-02
2.668934000000000140e+00 4.947562999999999961e-02
2.673956000000000000e+00 4.976653000000000326e-02
2.678993000000000180e+00 5.006680000000000158e-02
2.684013000000000204e+00 5.037003000000000313e-02
2.689046999999999965e+00 5.066912999999999973e-02
2.694075000000000220e+00 5.096881000000000328e-02
2.699110000000000120e+00 5.127028000000000141e-02
2.704454999999999831e+00 5.158929000000000292e-02
2.709483000000000086e+00 5.189132999999999940e-02
2.714528000000000052e+00 5.218807000000000307e-02
2.719552999999999887e+00 5.248720999999999942e-02
2.724604999999999944e+00 5.278747999999999774e-02
2.729608999999999952e+00 5.308307999999999777e-02
2.734652999999999778e+00 5.337808000000000136e-02
2.739338000000000051e+00 5.365140000000000187e-02
2.744383000000000017e+00 5.395230000000000165e-02
2.749417000000000222e+00 5.425258000000000164e-02
2.754446000000000172e+00 5.455342999999999998e-02
2.759471000000000007e+00 5.485427999999999832e-02
2.764502999999999933e+00 5.515752000000000155e-02
2.769537000000000138e+00 5.546129999999999810e-02
2.774563999999999808e+00 5.576335000000000319e-02
2.779598000000000013e+00 5.606654999999999972e-02
2.784628999999999799e+00 5.636739999999999806e-02
2.789346999999999799e+00 5.665480999999999989e-02
2.794337000000000071e+00 5.695097999999999827e-02
2.799361999999999906e+00 5.760068000000000132e-02
2.804399000000000086e+00 6.018148000000000247e-02
2.809429999999999872e+00 6.094825999999999716e-02
2.814446999999999921e+00 6.141478999999999688e-02
2.819478999999999846e+00 6.181574000000000096e-02
2.824530000000000207e+00 6.222666000000000308e-02
2.829559999999999853e+00 6.260303000000000395e-02
2.834619000000000000e+00 6.293079999999999508e-02
2.839646999999999810e+00 6.328256000000000159e-02
2.844345999999999819e+00 6.359868000000000465e-02
2.849380000000000024e+00 6.393582000000000432e-02
2.854398000000000213e+00 6.426070999999999867e-02
2.859442000000000039e+00 6.457561000000000551e-02
2.864475000000000104e+00 6.489520999999999484e-02
2.869505999999999890e+00 6.522239999999999982e-02
2.874549000000000021e+00 6.555489000000000455e-02
2.879541999999999824e+00 6.587036999999999753e-02
2.884574999999999889e+00 6.619173000000000417e-02
2.889606999999999815e+00 6.650783000000000389e-02
2.894648000000000110e+00 6.682976000000000194e-02
2.899322999999999873e+00 6.712476000000000553e-02
2.905034999999999812e+00 6.748181000000000318e-02
2.910060999999999787e+00 6.779849999999999766e-02
2.915109000000000172e+00 6.811865999999999755e-02
2.920138000000000122e+00 6.843936000000000464e-02
2.924834000000000156e+00 6.873730999999999591e-02
2.929876000000000147e+00 6.905691999999999386e-02
2.934911000000000048e+00 6.937419000000000224e-02
2.939944999999999808e+00 6.969145999999999674e-02
2.944970000000000088e+00 7.000697000000000170e-02
2.950009000000000103e+00 7.032542999999999433e-02
2.955032999999999799e+00 7.064325000000000465e-02
2.960081000000000184e+00 7.096225999999999923e-02
2.965069000000000177e+00 7.127719000000000416e-02
2.970105000000000217e+00 7.159150000000000236e-02
2.975127000000000077e+00 7.190931999999999880e-02
2.979843999999999937e+00 7.220377000000000045e-02
2.984853000000000200e+00 7.251974999999999394e-02
2.989888000000000101e+00 7.283881999999999857e-02
2.994933000000000067e+00 7.316079000000000332e-02
2.999960999999999878e+00 7.347684000000000160e-02
