1.499940999999999969e+00 -3.118262999999999726e-05
1.506640999999999897e+00 -3.469478999999999787e-05
1.512348999999999943e+00 -3.352408999999999907e-05
1.519063000000000052e+00 -3.001202000000000137e-05
1.525091999999999892e+00 -3.176790999999999854e-05
1.531458999999999904e+00 -3.118274999999999888e-05
1.537490000000000023e+00 -3.059728999999999856e-05
1.543870999999999993e+00 -3.176801999999999946e-05
1.549927999999999972e+00 -3.176801999999999946e-05
1.556634999999999991e+00 -3.352405999999999697e-05
1.562686999999999937e+00 -3.176797000000000274e-05
1.569036000000000097e+00 -3.118278000000000098e-05
1.575086999999999904e+00 -3.118265999999999936e-05
1.581464999999999899e+00 -3.059737999999999808e-05
1.587433000000000094e+00 -3.176823000000000060e-05
1.593847999999999931e+00 -3.176810999999999898e-05
1.600556000000000090e+00 -3.001207000000000148e-05
1.606599000000000110e+00 -3.235351000000000188e-05
1.612964999999999982e+00 -2.942665000000000057e-05
1.619064000000000059e+00 -3.118278000000000098e-05
1.625393000000000088e+00 -3.118265999999999936e-05
1.631447000000000092e+00 -2.942671000000000138e-05
1.638187999999999978e+00 -3.001207000000000148e-05
1.644206999999999974e+00 -3.118278000000000098e-05
1.650592000000000059e+00 -2.532926999999999949e-05
1.656625000000000014e+00 -2.767067000000000048e-05
1.662979999999999903e+00 -2.591460000000000088e-05
1.669021000000000088e+00 -2.825605999999999929e-05
1.675365999999999911e+00 -2.474395999999999950e-05
1.681418000000000079e+00 -2.298786000000000118e-05
1.688136999999999999e+00 -2.357328999999999940e-05
1.694214000000000109e+00 -1.889045000000000139e-05
1.700574000000000030e+00 -1.889048000000000010e-05
1.706908000000000092e+00 -1.713438999999999910e-05
1.712955999999999923e+00 -1.537878000000000118e-05
1.719602999999999993e+00 -1.362269000000000018e-05
1.725343999999999989e+00 -9.524956000000000763e-06
1.732061000000000073e+00 -6.598478999999999644e-06
1.738088000000000077e+00 -4.842294999999999858e-06
1.744466999999999990e+00 1.011096000000000043e-06
1.750509000000000093e+00 6.279297000000000300e-06
1.756895000000000095e+00 1.096192999999999959e-05
1.762896000000000019e+00 1.681535000000000156e-05
1.769611000000000045e+00 2.969298000000000044e-05
1.775649000000000033e+00 3.671706999999999911e-05
1.782010000000000094e+00 4.783845999999999666e-05
1.788049999999999917e+00 6.247221999999999595e-05
1.794426999999999994e+00 7.710567999999999459e-05
1.801160000000000094e+00 9.876352999999999933e-05
1.806885999999999992e+00 1.145678999999999979e-04
1.813584000000000085e+00 1.432496000000000116e-04
1.819620999999999933e+00 1.701754000000000038e-04
1.825981000000000076e+00 2.011984999999999880e-04
1.832019999999999982e+00 2.351483999999999931e-04
1.838403000000000009e+00 2.796348000000000149e-04
1.844449000000000005e+00 3.247060999999999979e-04
1.851115999999999984e+00 3.791433000000000195e-04
1.857167000000000012e+00 4.353359000000000005e-04
1.863539999999999974e+00 5.032361000000000386e-04
1.869552000000000103e+00 5.746478000000000176e-04
1.875944999999999974e+00 6.577668000000000056e-04
1.881972999999999896e+00 7.443975000000000028e-04
1.888419000000000070e+00 8.503453999999999917e-04
1.894455999999999918e+00 9.562916999999999772e-04
1.901162999999999936e+00 1.085653000000000009e-03
1.907545000000000046e+00 1.219697000000000055e-03
1.913569000000000075e+00 1.356666999999999986e-03
1.919952000000000103e+00 1.514123000000000031e-03
1.925988000000000033e+00 1.676849999999999912e-03
1.932665000000000077e+00 1.865916000000000016e-03
1.938372999999999902e+00 2.042689999999999784e-03
1.945084999999999953e+00 2.256339999999999908e-03
1.951135999999999981e+00 2.465307999999999822e-03
1.957492999999999927e+00 2.694176999999999857e-03
1.963532000000000055e+00 2.924216999999999789e-03
1.969924000000000008e+00 3.177671999999999875e-03
1.975986999999999938e+00 3.429370000000000161e-03
1.982696999999999932e+00 3.714430999999999809e-03
1.988739999999999952e+00 3.985444999999999786e-03
1.995123999999999898e+00 4.275189000000000419e-03
2.001472999999999836e+00 4.575471000000000225e-03
2.007518999999999831e+00 4.869313000000000113e-03
2.014241000000000170e+00 5.204132000000000202e-03
2.019902999999999782e+00 5.492704000000000163e-03
2.026619000000000170e+00 5.836884999999999990e-03
2.032653999999999961e+00 6.159412000000000394e-03
2.039017999999999997e+00 6.502421999999999890e-03
2.045065000000000133e+00 6.835484000000000178e-03
2.051435000000000120e+00 7.189029999999999899e-03
2.057484000000000091e+00 7.533798999999999878e-03
2.064188000000000134e+00 7.916029999999999248e-03
2.070241000000000220e+00 8.268993000000000523e-03
2.076607999999999787e+00 8.638342999999999716e-03
2.082629999999999981e+00 8.997153000000000789e-03
2.089008000000000198e+00 9.378799999999999637e-03
2.095044000000000128e+00 9.745814999999999687e-03
2.101428999999999991e+00 1.013271999999999957e-02
2.108112000000000208e+00 1.054304999999999999e-02
2.114139999999999908e+00 1.091824999999999914e-02
2.120516999999999985e+00 1.131569999999999972e-02
2.126548999999999801e+00 1.169735000000000046e-02
2.132925999999999878e+00 1.210064999999999925e-02
2.138975999999999988e+00 1.248755999999999998e-02
2.145719000000000154e+00 1.291838000000000014e-02
2.151412000000000102e+00 1.328947999999999935e-02
2.158120999999999956e+00 1.371853999999999955e-02
2.164163999999999977e+00 1.411599000000000013e-02
2.170517999999999947e+00 1.453217000000000050e-02
2.176574000000000009e+00 1.493136999999999937e-02
2.182948999999999806e+00 1.535281999999999966e-02
2.188950000000000173e+00 1.575143000000000029e-02
2.195663000000000142e+00 1.619864000000000026e-02
2.202036000000000104e+00 1.662651999999999880e-02
2.208080999999999960e+00 1.703216000000000105e-02
2.214436000000000071e+00 1.746123000000000119e-02
2.220489000000000157e+00 1.787214000000000164e-02
2.227198000000000011e+00 1.832519999999999982e-02
2.232918999999999876e+00 1.871853999999999879e-02
2.239621000000000084e+00 1.917334999999999873e-02
2.245658999999999850e+00 1.958777999999999908e-02
2.252041000000000182e+00 2.002094000000000096e-02
2.258061000000000096e+00 2.043183999999999972e-02
2.264431999999999778e+00 2.086440999999999990e-02
2.270487000000000144e+00 2.128292999999999852e-02
2.277165000000000106e+00 2.173539999999999847e-02
2.283202999999999872e+00 2.215508999999999881e-02
2.289581000000000088e+00 2.259527000000000063e-02
2.295637000000000150e+00 2.301260999999999932e-02
2.301981000000000055e+00 2.344811000000000117e-02
2.308685999999999794e+00 2.390878000000000100e-02
2.314407000000000103e+00 2.430681000000000161e-02
2.321137999999999924e+00 2.477332999999999966e-02
2.327191000000000010e+00 2.519831000000000154e-02
2.333566999999999947e+00 2.563729999999999828e-02
2.339589000000000141e+00 2.605582000000000037e-02
2.345960999999999963e+00 2.650009999999999866e-02
2.352003999999999984e+00 2.692036999999999902e-02
2.358722999999999903e+00 2.739039999999999878e-02
2.364395000000000024e+00 2.779428999999999927e-02
2.371109999999999829e+00 2.826021999999999909e-02
2.377139999999999809e+00 2.867990999999999943e-02
2.383499000000000034e+00 2.912535999999999944e-02
2.389543000000000195e+00 2.954972999999999975e-02
2.395925999999999778e+00 2.999693999999999972e-02
2.402655999999999903e+00 3.047048999999999938e-02
2.408679999999999932e+00 3.089311000000000140e-02
2.415033999999999903e+00 3.133737999999999801e-02
2.421082000000000178e+00 3.176584999999999825e-02
2.427448000000000050e+00 3.221186999999999662e-02
2.433475000000000055e+00 3.263858000000000037e-02
2.440201000000000064e+00 3.310744999999999660e-02
2.445918999999999954e+00 3.351016999999999885e-02
2.452579000000000065e+00 3.397785999999999862e-02
2.458617999999999970e+00 3.440398000000000067e-02
2.465012000000000203e+00 3.485235999999999890e-02
2.471026999999999862e+00 3.527555999999999747e-02
2.477406999999999915e+00 3.571984000000000270e-02
2.483445999999999820e+00 3.614596999999999949e-02
2.490181999999999896e+00 3.661600999999999745e-02
2.495893000000000139e+00 3.701812000000000158e-02
2.502603000000000133e+00 3.748640999999999779e-02
2.508973000000000120e+00 3.793243000000000309e-02
2.514994000000000174e+00 3.835387999999999992e-02
2.521713000000000093e+00 3.882392999999999955e-02
2.527423000000000197e+00 3.922546999999999839e-02
2.534101000000000159e+00 3.969024000000000163e-02
2.540148999999999990e+00 4.011577000000000198e-02
2.546510000000000051e+00 4.056003999999999859e-02
2.552563000000000137e+00 4.098618999999999873e-02
2.558933000000000124e+00 4.143220999999999710e-02
2.564964999999999939e+00 4.185483000000000259e-02
2.571686000000000138e+00 4.232135000000000064e-02
2.577348999999999890e+00 4.271878999999999954e-02
2.584058000000000188e+00 4.318297000000000108e-02
2.590094999999999814e+00 4.360557999999999795e-02
2.596464000000000105e+00 4.404576000000000324e-02
2.602825999999999862e+00 4.448941000000000007e-02
2.608865999999999907e+00 4.491089000000000192e-02
2.615597000000000172e+00 4.537742000000000164e-02
2.621595999999999815e+00 4.579416000000000042e-02
2.627985999999999933e+00 4.623668999999999696e-02
2.634027000000000118e+00 4.665404000000000079e-02
2.640372000000000163e+00 4.709362999999999744e-02
2.646430000000000060e+00 4.751041000000000292e-02
2.653131999999999824e+00 4.797459999999999919e-02
2.658851999999999993e+00 4.837087000000000331e-02
2.665585000000000093e+00 4.883387000000000144e-02
2.671638000000000179e+00 4.925297000000000008e-02
2.677998999999999796e+00 4.968613000000000196e-02
2.684035000000000171e+00 5.010113000000000066e-02
2.690414000000000083e+00 5.054307999999999718e-02
2.696435999999999833e+00 5.095807000000000114e-02
2.703176000000000023e+00 5.142109000000000263e-02
2.709505000000000052e+00 5.185424999999999757e-02
2.715540999999999983e+00 5.226808000000000148e-02
2.721938000000000191e+00 5.270592999999999806e-02
2.727961000000000080e+00 5.312151999999999846e-02
2.734672999999999909e+00 5.357925999999999661e-02
2.740365000000000162e+00 5.397027000000000074e-02
2.747079999999999966e+00 5.442331000000000252e-02
2.753117000000000036e+00 5.483833999999999931e-02
2.759501999999999899e+00 5.527147999999999783e-02
2.765546000000000060e+00 5.568414000000000003e-02
2.771889999999999965e+00 5.611378999999999673e-02
2.777940000000000076e+00 5.652763000000000232e-02
2.784654000000000185e+00 5.698186000000000223e-02
2.790329999999999977e+00 5.737052000000000124e-02
2.797044999999999781e+00 5.782415999999999945e-02
2.803396999999999917e+00 5.825609999999999816e-02
2.809454000000000118e+00 5.866526999999999853e-02
2.815818000000000154e+00 5.909786000000000206e-02
2.821870999999999796e+00 5.950409999999999727e-02
2.828583000000000069e+00 5.995832000000000245e-02
2.834655000000000147e+00 6.036865999999999760e-02
2.841013999999999928e+00 6.079534999999999800e-02
2.847048000000000023e+00 6.120217000000000018e-02
2.853448000000000206e+00 6.163416000000000033e-02
2.859468000000000121e+00 6.204097000000000084e-02
2.866172999999999860e+00 6.248936000000000074e-02
2.871891999999999889e+00 6.287336000000000313e-02
2.878557999999999950e+00 6.331878000000000506e-02
2.884596999999999856e+00 6.372500000000000386e-02
2.890979999999999883e+00 6.415173000000000403e-02
2.897021000000000068e+00 6.455502999999999936e-02
2.903372000000000064e+00 6.498057000000000138e-02
2.910102000000000189e+00 6.542776999999999621e-02
2.916138999999999815e+00 6.583398999999999501e-02
2.922524000000000122e+00 6.626363999999999865e-02
2.928567000000000142e+00 6.666458000000000106e-02
2.934931000000000179e+00 6.708896000000000304e-02
2.940949999999999953e+00 6.748759999999999482e-02
2.947658999999999807e+00 6.793538000000000354e-02
2.953380000000000116e+00 6.831703000000000081e-02
2.960093999999999781e+00 6.876010999999999929e-02
2.966096999999999984e+00 6.915641000000000149e-02
2.972465999999999831e+00 6.958079000000000347e-02
2.978498000000000090e+00 6.997820999999999902e-02
2.984875000000000167e+00 7.040261000000000435e-02
2.990924000000000138e+00 7.080121999999999804e-02
2.997634000000000132e+00 7.124257999999999980e-02
3.004030000000000200e+00 7.166226000000000540e-02
3.010073999999999916e+00 7.206848000000000420e-02
3.016455000000000108e+00 7.249577000000000104e-02
3.022488000000000063e+00 7.289789000000000685e-02
3.028847999999999985e+00 7.332287999999999306e-02
3.034895000000000120e+00 7.372148000000000589e-02
3.041611000000000065e+00 7.417045999999999362e-02
3.047625000000000028e+00 7.457141999999999937e-02
3.054002000000000105e+00 7.499809999999999810e-02
3.060026000000000135e+00 7.539791999999999328e-02
3.066412000000000138e+00 7.581702999999999359e-02
3.072426000000000101e+00 7.621269999999999434e-02
3.079156999999999922e+00 7.665876000000000634e-02
3.084862000000000215e+00 7.703042000000000222e-02
3.091572000000000209e+00 7.747297999999999685e-02
3.097605999999999860e+00 7.786924000000000623e-02
3.103969000000000200e+00 7.828422999999999632e-02
3.110364000000000129e+00 7.870568999999999482e-02
3.116385000000000183e+00 7.909671999999999537e-02
3.123086999999999946e+00 7.953744999999999565e-02
3.129141000000000172e+00 7.993200000000000305e-02
3.135479999999999823e+00 8.034876999999999991e-02
3.141519000000000172e+00 8.074444999999999539e-02
3.147896999999999945e+00 8.116178999999999755e-02
3.153948999999999891e+00 8.155448999999999338e-02
3.160629999999999828e+00 8.199355999999999312e-02
3.166333999999999982e+00 8.236229000000000466e-02
3.173048999999999786e+00 8.280250000000000110e-02
3.179119000000000028e+00 8.320172000000000678e-02
3.185500000000000220e+00 8.361556000000000544e-02
3.191529000000000060e+00 8.400831000000000270e-02
3.197900000000000187e+00 8.442154999999999798e-02
3.204603999999999786e+00 8.485940000000000150e-02
3.210644999999999971e+00 8.525040000000000395e-02
3.217032999999999809e+00 8.566187000000000107e-02
3.223046000000000078e+00 8.605350000000000499e-02
3.229416000000000064e+00 8.646616000000000024e-02
3.235444999999999904e+00 8.685655999999999932e-02
3.241819000000000006e+00 8.727044999999999941e-02
3.247853999999999797e+00 8.766377999999999671e-02
3.254567999999999905e+00 8.809809000000000390e-02
3.260637000000000008e+00 8.848968999999999585e-02
3.267053999999999903e+00 8.890525000000000511e-02
3.273087999999999997e+00 8.929570000000000563e-02
3.279469999999999885e+00 8.970836999999999561e-02
3.285487999999999964e+00 9.009704999999999797e-02
3.292203999999999908e+00 9.053313999999999806e-02
3.297892000000000046e+00 9.089838999999999558e-02
3.304638999999999882e+00 9.133797000000000443e-02
3.310967999999999911e+00 9.175007999999999775e-02
3.317009999999999792e+00 9.214456999999999509e-02
3.323385000000000034e+00 9.255958000000000241e-02
3.329400999999999833e+00 9.295116999999999963e-02
3.336116000000000081e+00 9.338723999999999636e-02
3.342165000000000052e+00 9.378058000000000227e-02
3.348574999999999857e+00 9.419914000000000065e-02
3.354617999999999878e+00 9.459249000000000129e-02
3.360978999999999939e+00 9.500688999999999662e-02
3.367024999999999935e+00 1.010738999999999943e-01
3.373721999999999888e+00 1.016716000000000009e-01
3.379442000000000057e+00 1.021158999999999956e-01
3.386143000000000125e+00 1.026081999999999966e-01
3.392161999999999900e+00 1.030477999999999950e-01
3.398521999999999821e+00 1.035048999999999969e-01
3.404901999999999873e+00 1.039621000000000017e-01
3.410953999999999819e+00 1.043975999999999932e-01
3.417660999999999838e+00 1.048752000000000018e-01
3.423686000000000007e+00 1.053024999999999933e-01
3.430063999999999780e+00 1.057566999999999952e-01
3.436100999999999850e+00 1.061922000000000005e-01
3.442473000000000116e+00 1.066465000000000052e-01
3.448522000000000087e+00 1.070795999999999970e-01
3.454898000000000025e+00 1.075268000000000057e-01
3.460910999999999849e+00 1.079558000000000045e-01
3.467617999999999867e+00 1.084393000000000024e-01
3.473675000000000068e+00 1.088689999999999936e-01
3.480018999999999973e+00 1.093319999999999986e-01
3.486067999999999945e+00 1.097611000000000003e-01
3.492436000000000096e+00 1.102159000000000055e-01
3.498460999999999821e+00 1.106425999999999937e-01
3.505158999999999914e+00 1.111160999999999954e-01
3.511550999999999867e+00 1.115656000000000009e-01
3.517592000000000052e+00 1.119940999999999992e-01
3.523991000000000096e+00 1.124465999999999938e-01
3.530044000000000182e+00 1.128727000000000064e-01
3.536411000000000193e+00 1.133239999999999942e-01
3.542432999999999943e+00 1.137525000000000064e-01
3.549157999999999813e+00 1.142301000000000011e-01
3.555182999999999982e+00 1.146579999999999960e-01
3.561567999999999845e+00 1.151092999999999977e-01
3.567575999999999858e+00 1.155372000000000066e-01
3.573948999999999820e+00 1.159897000000000011e-01
3.579997000000000096e+00 1.164204999999999962e-01
3.586702999999999975e+00 1.168957999999999942e-01
3.592395999999999923e+00 1.172997000000000067e-01
3.599105000000000221e+00 1.177749000000000018e-01
3.605520999999999976e+00 1.182332999999999995e-01
3.611537000000000219e+00 1.186653000000000013e-01
3.617896000000000001e+00 1.191188999999999998e-01
3.623944999999999972e+00 1.195456000000000019e-01
3.630630000000000024e+00 1.200237999999999999e-01
3.636686000000000085e+00 1.204522999999999983e-01
3.643073999999999923e+00 1.209042000000000033e-01
3.649075999999999986e+00 1.213309000000000054e-01
3.655441000000000162e+00 1.217869000000000035e-01
3.661474000000000117e+00 1.222154000000000018e-01
3.667863999999999791e+00 1.226707999999999965e-01
3.673883000000000010e+00 1.231021999999999950e-01
3.680613999999999830e+00 1.235804000000000069e-01
3.686647999999999925e+00 1.240112000000000020e-01
3.693046999999999969e+00 1.244625000000000037e-01
3.699091000000000129e+00 1.248887000000000053e-01
3.705457000000000001e+00 1.253399000000000041e-01
3.712184000000000150e+00 1.258145999999999987e-01
3.718210000000000015e+00 1.262443000000000037e-01
3.724561000000000011e+00 1.266914000000000096e-01
3.730611000000000121e+00 1.271228000000000080e-01
3.736969999999999903e+00 1.275718000000000130e-01
3.743002000000000162e+00 1.279995999999999912e-01
3.749375999999999820e+00 1.284474999999999922e-01
3.755435999999999996e+00 1.288735000000000019e-01
3.762116999999999933e+00 1.293361000000000094e-01
3.768145000000000078e+00 1.297474999999999878e-01
3.774554000000000187e+00 1.301841999999999999e-01
3.780574999999999797e+00 1.305933999999999984e-01
3.786953000000000014e+00 1.310242000000000073e-01
3.792987999999999804e+00 1.314275000000000027e-01
3.799679999999999946e+00 1.318776000000000115e-01
3.806067999999999785e+00 1.323091000000000128e-01
3.812116000000000060e+00 1.327110999999999985e-01
3.818487999999999882e+00 1.331361000000000072e-01
3.824488999999999805e+00 1.335370999999999919e-01
3.830878999999999923e+00 1.339573000000000014e-01
3.836897000000000002e+00 1.343559000000000003e-01
3.843592999999999815e+00 1.347983000000000098e-01
3.849654999999999827e+00 1.351906999999999970e-01
3.856012000000000217e+00 1.356063000000000129e-01
3.862074999999999925e+00 1.359984999999999944e-01
3.868488999999999844e+00 1.364176000000000000e-01
3.874502999999999808e+00 1.368026999999999993e-01
3.880866999999999845e+00 1.372142000000000084e-01
3.886899000000000104e+00 1.376040000000000041e-01
3.893615000000000048e+00 1.380371999999999988e-01
3.899649999999999839e+00 1.384276000000000117e-01
3.906032999999999866e+00 1.388390999999999931e-01
3.912377000000000216e+00 1.392442000000000124e-01
3.918422000000000072e+00 1.396275999999999906e-01
3.925136999999999876e+00 1.400578000000000101e-01
3.931143000000000054e+00 1.404375999999999958e-01
3.937546999999999908e+00 1.408474999999999866e-01
3.943601999999999830e+00 1.412255000000000038e-01
3.949943000000000204e+00 1.416283000000000125e-01
3.955986999999999920e+00 1.420086999999999877e-01
3.962362000000000162e+00 1.424143999999999965e-01
3.968395999999999813e+00 1.427907999999999955e-01
3.975095000000000045e+00 1.432145999999999975e-01
3.981136999999999926e+00 1.435908999999999935e-01
3.987500999999999962e+00 1.439901000000000098e-01
3.993522000000000016e+00 1.443595000000000017e-01
3.999896999999999814e+00 1.447534000000000043e-01
