1.000102999999999964e+00 -2.706155999999999913e-05
1.005163999999999946e+00 -2.706149999999999832e-05
1.009843000000000046e+00 -2.530540000000000000e-05
1.014901000000000053e+00 -2.823231999999999874e-05
1.019911000000000012e+00 -2.764680999999999831e-05
1.024934000000000012e+00 -2.940312999999999846e-05
1.029976000000000003e+00 -2.764704000000000085e-05
1.035010999999999903e+00 -2.472011999999999872e-05
1.040057999999999927e+00 -2.823245999999999837e-05
1.045093000000000050e+00 -2.472006999999999861e-05
1.050125999999999893e+00 -2.471995000000000038e-05
1.055123999999999951e+00 -2.589079999999999951e-05
1.059827999999999992e+00 -2.764689000000000052e-05
1.064848999999999934e+00 -2.530537000000000129e-05
1.069895000000000040e+00 -2.589087999999999833e-05
1.074905999999999917e+00 -2.940312999999999846e-05
1.079949000000000048e+00 -2.764698000000000004e-05
1.084969999999999990e+00 -2.764698000000000004e-05
1.090000000000000080e+00 -2.706155999999999913e-05
1.095024999999999915e+00 -2.530528999999999908e-05
1.100398999999999905e+00 -2.647615999999999961e-05
1.105445000000000011e+00 -2.706153000000000042e-05
1.110457000000000027e+00 -2.589083000000000161e-05
1.115520999999999985e+00 -2.472021000000000163e-05
1.120551000000000075e+00 -2.706164000000000133e-05
1.125596000000000041e+00 -2.472010000000000071e-05
1.130622000000000016e+00 -2.530537000000000129e-05
1.135666999999999982e+00 -2.589093999999999914e-05
1.140331999999999901e+00 -2.589070999999999999e-05
1.145369999999999999e+00 -2.706149999999999832e-05
1.150376000000000065e+00 -3.057385999999999936e-05
1.155445000000000055e+00 -2.823242999999999966e-05
1.160336000000000034e+00 -2.589091000000000043e-05
1.165488000000000079e+00 -2.589077000000000080e-05
1.170503999999999989e+00 -2.589083000000000161e-05
1.175532000000000021e+00 -2.647624999999999913e-05
1.180555000000000021e+00 -2.647628000000000123e-05
1.185696000000000083e+00 -2.472011999999999872e-05
1.190622999999999987e+00 -2.589091000000000043e-05
1.195327000000000028e+00 -2.530563999999999985e-05
1.200382999999999978e+00 -2.530548999999999952e-05
1.205440000000000067e+00 -2.472011999999999872e-05
1.210477999999999943e+00 -2.530555000000000033e-05
1.215492000000000017e+00 -2.881788999999999998e-05
1.220596999999999932e+00 -2.530555000000000033e-05
1.225557999999999925e+00 -2.647622000000000042e-05
1.230591999999999908e+00 -2.764710000000000165e-05
1.235646000000000022e+00 -2.589087999999999833e-05
1.240669999999999940e+00 -2.647642000000000086e-05
1.245354999999999990e+00 -2.647630999999999994e-05
1.250372000000000039e+00 -2.647633999999999865e-05
1.255412999999999890e+00 -2.823245999999999837e-05
1.260434999999999972e+00 -2.413472999999999991e-05
1.265457999999999972e+00 -2.647637000000000075e-05
1.270489999999999897e+00 -2.764706999999999956e-05
1.275533999999999946e+00 -2.706173000000000085e-05
1.280542000000000069e+00 -2.647642000000000086e-05
1.285598999999999936e+00 -2.413479000000000072e-05
1.290658000000000083e+00 -2.413481999999999943e-05
1.295706000000000024e+00 -2.764724000000000128e-05
1.301063000000000081e+00 -2.764698000000000004e-05
1.306097000000000063e+00 -2.706160999999999924e-05
1.311113999999999891e+00 -2.764710000000000165e-05
1.316162000000000054e+00 -2.472021000000000163e-05
1.321190000000000087e+00 -2.647630999999999994e-05
1.325893999999999906e+00 -2.706190999999999989e-05
1.330886000000000013e+00 -2.530552000000000162e-05
1.335933000000000037e+00 -2.647633999999999865e-05
1.340907000000000071e+00 -2.530566000000000125e-05
1.345995999999999970e+00 -2.647642000000000086e-05
1.351037999999999961e+00 -2.530561000000000114e-05
1.356047000000000002e+00 -2.647642000000000086e-05
1.361091000000000051e+00 -2.589093999999999914e-05
1.366109999999999935e+00 -2.823242999999999966e-05
1.371159999999999934e+00 -2.706173000000000085e-05
1.376177999999999901e+00 -2.764729999999999870e-05
1.380894999999999984e+00 -2.764713000000000036e-05
1.385925000000000074e+00 -2.530566000000000125e-05
1.390964000000000089e+00 -2.647630999999999994e-05
1.395966000000000040e+00 -2.647633999999999865e-05
1.401275000000000048e+00 -2.589097000000000124e-05
1.406039000000000039e+00 -2.647637000000000075e-05
1.411075999999999997e+00 -2.589102999999999866e-05
1.416080000000000005e+00 -2.589097000000000124e-05
1.421122999999999914e+00 -2.881796999999999880e-05
1.426155999999999979e+00 -2.413472999999999991e-05
1.431189999999999962e+00 -2.296412000000000063e-05
1.435850000000000071e+00 -2.237874999999999983e-05
1.440898000000000012e+00 -2.589099999999999995e-05
1.445931999999999995e+00 -2.589099999999999995e-05
1.450963000000000003e+00 -2.589102999999999866e-05
1.455996999999999986e+00 -2.530563999999999985e-05
1.461125000000000007e+00 -2.706182000000000037e-05
1.466142999999999974e+00 -2.589106000000000076e-05
1.471141999999999950e+00 -2.647642000000000086e-05
1.476174000000000097e+00 -2.706184999999999908e-05
1.481187000000000031e+00 -2.354954000000000154e-05
1.485876999999999892e+00 -2.354944999999999863e-05
1.490884000000000098e+00 -2.530563999999999985e-05
1.495927000000000007e+00 -2.413493000000000035e-05
1.501633999999999913e+00 -2.589102999999999866e-05
1.506666000000000061e+00 -2.354941999999999992e-05
1.511363000000000012e+00 -2.179337999999999902e-05
1.516389999999999905e+00 -2.530590000000000110e-05
1.521431999999999896e+00 -2.354954000000000154e-05
1.526448999999999945e+00 -2.530566000000000125e-05
1.531487999999999960e+00 -2.589120000000000039e-05
1.536518000000000050e+00 -2.589108999999999947e-05
1.541557999999999984e+00 -2.530566000000000125e-05
1.546599000000000057e+00 -2.354950999999999944e-05
1.551627000000000089e+00 -2.413493000000000035e-05
1.556631000000000098e+00 -2.354968000000000117e-05
1.561695999999999973e+00 -2.120815999999999855e-05
1.566378000000000048e+00 -2.062263000000000011e-05
1.571415999999999924e+00 -2.237872000000000111e-05
1.576453000000000104e+00 -2.354963000000000106e-05
1.581476000000000104e+00 -1.886656000000000051e-05
1.586521999999999988e+00 -1.945203999999999884e-05
1.591320999999999986e+00 -2.003743000000000104e-05
1.596546999999999938e+00 -1.828125000000000052e-05
1.601582999999999979e+00 -1.593984999999999952e-05
1.606624000000000052e+00 -1.593969999999999919e-05
1.611631999999999953e+00 -1.886665000000000003e-05
1.616646999999999945e+00 -1.476888000000000047e-05
1.621367999999999920e+00 -1.652504000000000128e-05
1.626387999999999945e+00 -1.476893999999999958e-05
1.631466000000000083e+00 -1.242742000000000036e-05
1.636503999999999959e+00 -8.915201999999999418e-06
1.641536000000000106e+00 -1.008599000000000065e-05
1.646578000000000097e+00 -8.915114000000000377e-06
1.651567000000000007e+00 -7.159106000000000367e-06
1.656625000000000014e+00 -1.890584999999999958e-06
1.661664999999999948e+00 -2.475949999999999986e-06
1.666692000000000062e+00 1.621578000000000096e-06
1.671392999999999907e+00 3.963097999999999744e-06
1.676479999999999970e+00 1.215830000000000013e-05
1.681434000000000095e+00 1.157299000000000014e-05
1.686466000000000021e+00 1.625574000000000032e-05
1.691500000000000004e+00 2.269523000000000124e-05
1.696509999999999962e+00 2.854907999999999941e-05
1.701883999999999952e+00 3.557317999999999879e-05
1.706914000000000042e+00 4.084177999999999778e-05
1.711951000000000001e+00 5.196427999999999844e-05
1.716989000000000098e+00 5.898856999999999755e-05
1.722021999999999942e+00 6.659856000000000022e-05
1.727057000000000064e+00 7.830598000000000408e-05
1.732081999999999899e+00 8.942830000000000570e-05
1.737133999999999956e+00 1.058189000000000043e-04
1.742145999999999972e+00 1.175264999999999936e-04
1.747190000000000021e+00 1.345025000000000018e-04
1.751878000000000046e+00 1.508930000000000069e-04
1.756922000000000095e+00 1.748936000000000089e-04
1.761913000000000062e+00 1.930400999999999883e-04
1.766947999999999963e+00 2.141137999999999895e-04
1.771973999999999938e+00 2.427972999999999937e-04
1.777012000000000036e+00 2.708952999999999947e-04
1.782030000000000003e+00 3.013350000000000143e-04
1.787060000000000093e+00 3.358721999999999858e-04
1.792103000000000002e+00 3.756780000000000037e-04
1.797136999999999984e+00 4.172398000000000231e-04
1.802202999999999999e+00 4.588015999999999883e-04
1.806907000000000041e+00 5.044611000000000277e-04
1.811935000000000073e+00 5.542182999999999788e-04
1.816969999999999974e+00 6.133415999999999825e-04
1.821998999999999924e+00 6.683668999999999721e-04
1.827012999999999998e+00 7.333437999999999632e-04
1.832044999999999924e+00 8.018324999999999975e-04
1.837089999999999890e+00 8.779321000000000303e-04
1.842130000000000045e+00 9.569585000000000027e-04
1.847121999999999931e+00 1.037740000000000103e-03
1.852149000000000045e+00 1.126716999999999953e-03
1.857191999999999954e+00 1.224475999999999950e-03
1.861888999999999905e+00 1.316965000000000019e-03
1.866907000000000094e+00 1.424675000000000030e-03
1.871941000000000077e+00 1.534725999999999929e-03
1.876980000000000093e+00 1.651801999999999958e-03
1.882006999999999985e+00 1.777658000000000103e-03
1.887053000000000091e+00 1.905856000000000043e-03
1.892142999999999908e+00 2.045176000000000112e-03
1.897172999999999998e+00 2.185667000000000079e-03
1.902541000000000038e+00 2.343717999999999843e-03
1.907586000000000004e+00 2.495330999999999938e-03
1.912589000000000095e+00 2.651625999999999810e-03
1.917632999999999921e+00 2.817289000000000165e-03
1.922655000000000003e+00 2.983533999999999926e-03
1.927702999999999944e+00 3.159149999999999892e-03
1.932701999999999920e+00 3.337689999999999928e-03
1.937400999999999929e+00 3.510376999999999855e-03
1.942436000000000051e+00 3.697109999999999980e-03
1.947470999999999952e+00 3.890286000000000178e-03
1.952496999999999927e+00 4.086972000000000348e-03
1.957534000000000107e+00 4.287173000000000025e-03
1.962569999999999926e+00 4.491468999999999670e-03
1.967594999999999983e+00 4.701033000000000295e-03
1.972647999999999957e+00 4.915280999999999643e-03
1.977697999999999956e+00 5.135383000000000309e-03
1.982725999999999988e+00 5.351388999999999799e-03
1.987754999999999939e+00 5.575001999999999909e-03
1.992463000000000095e+00 5.790420999999999589e-03
1.997478000000000087e+00 6.016963999999999646e-03
2.002508999999999872e+00 6.252282999999999973e-03
2.007553999999999839e+00 6.489362999999999729e-03
2.012579999999999814e+00 6.726438999999999856e-03
2.017586999999999797e+00 6.967613999999999579e-03
2.022613000000000216e+00 7.212302999999999770e-03
2.027658000000000182e+00 7.460503999999999747e-03
2.032696000000000058e+00 7.708699999999999754e-03
2.037726999999999844e+00 7.960416999999999146e-03
2.042731999999999992e+00 8.214470999999999232e-03
2.047438000000000091e+00 8.456230999999999817e-03
2.052468000000000181e+00 8.712042999999999177e-03
2.057509000000000032e+00 8.970776999999999224e-03
2.062556999999999974e+00 9.234776000000000096e-03
2.067576999999999998e+00 9.498783000000000226e-03
2.072601999999999833e+00 9.762791999999999304e-03
2.077640999999999849e+00 1.002738000000000067e-02
2.082666000000000128e+00 1.029959000000000083e-02
2.087692999999999799e+00 1.056592999999999942e-02
2.092735999999999930e+00 1.083871999999999960e-02
2.097439000000000053e+00 1.109628000000000003e-02
2.103104999999999780e+00 1.140301999999999982e-02
2.108138999999999985e+00 1.168106999999999999e-02
2.113175000000000026e+00 1.195855000000000008e-02
2.118202000000000140e+00 1.223426000000000027e-02
2.123254000000000197e+00 1.251407000000000040e-02
2.127912999999999943e+00 1.277515000000000074e-02
2.132948999999999984e+00 1.305847000000000084e-02
2.137986999999999860e+00 1.427430000000000018e-02
2.143035999999999941e+00 1.472913999999999994e-02
2.148082000000000047e+00 1.522962999999999921e-02
2.153125999999999873e+00 1.559841999999999999e-02
2.158148999999999873e+00 1.597598999999999894e-02
2.163184999999999913e+00 1.634771000000000141e-02
2.168198999999999987e+00 1.669365999999999906e-02
2.173245999999999789e+00 1.703669999999999837e-02
2.177942999999999962e+00 1.735220999999999986e-02
2.182983000000000118e+00 1.768998000000000098e-02
2.188022000000000133e+00 1.802540000000000045e-02
2.193001999999999896e+00 1.835847999999999994e-02
2.198049000000000142e+00 1.869741000000000111e-02
2.203072999999999837e+00 1.903107000000000062e-02
2.208112999999999992e+00 1.936239000000000016e-02
2.213141999999999943e+00 1.969430000000000139e-02
2.218179999999999819e+00 2.003206999999999904e-02
2.223199999999999843e+00 2.036222000000000032e-02
2.228244000000000113e+00 2.069589000000000151e-02
2.232946999999999793e+00 2.101199000000000122e-02
2.237972000000000072e+00 2.134273000000000073e-02
2.243015000000000203e+00 2.167581000000000022e-02
2.248041000000000178e+00 2.200830999999999968e-02
2.253068999999999988e+00 2.234138999999999917e-02
2.258087000000000177e+00 2.267270000000000049e-02
2.263135999999999814e+00 2.300637000000000168e-02
2.268156999999999979e+00 2.333885999999999947e-02
2.273219000000000101e+00 2.367371000000000059e-02
2.278195000000000192e+00 2.400093000000000018e-02
2.283237000000000183e+00 2.433576000000000142e-02
2.287939999999999863e+00 2.464484000000000119e-02
2.292969999999999953e+00 2.497792000000000068e-02
2.297987000000000002e+00 2.531040999999999846e-02
2.303694000000000131e+00 2.569033000000000080e-02
2.308723000000000081e+00 2.602633999999999850e-02
2.313433999999999990e+00 2.633717000000000003e-02
2.318484999999999907e+00 2.667258999999999949e-02
2.323523999999999923e+00 2.700684000000000071e-02
2.328548000000000062e+00 2.734226000000000018e-02
2.333598999999999979e+00 2.767885999999999957e-02
2.338633999999999880e+00 2.801309999999999911e-02
2.343642000000000003e+00 2.834267000000000036e-02
2.348679999999999879e+00 2.867868000000000153e-02
2.353715999999999919e+00 2.901528000000000093e-02
2.358750000000000124e+00 2.935010999999999870e-02
2.363408999999999871e+00 2.966152999999999845e-02
2.368444999999999911e+00 2.999635999999999969e-02
2.373469000000000051e+00 3.032885000000000095e-02
2.378508000000000067e+00 3.066895999999999858e-02
2.383519000000000165e+00 3.100438000000000152e-02
2.388564999999999827e+00 3.133862999999999926e-02
2.393590999999999802e+00 3.167405000000000220e-02
2.398633999999999933e+00 3.200888999999999818e-02
2.403665999999999858e+00 3.234664999999999763e-02
2.408707000000000154e+00 3.268205999999999889e-02
2.413736000000000104e+00 3.301690999999999654e-02
2.418417999999999957e+00 3.332949999999999802e-02
2.423470000000000013e+00 3.366550000000000098e-02
2.428468000000000071e+00 3.399682999999999872e-02
2.433513000000000037e+00 3.433342000000000338e-02
2.438537999999999872e+00 3.466766999999999765e-02
2.443591000000000069e+00 3.499954999999999733e-02
2.448582000000000036e+00 3.533263999999999849e-02
2.453625000000000167e+00 3.566455999999999793e-02
2.458645999999999887e+00 3.599941000000000252e-02
2.463687000000000182e+00 3.633190000000000031e-02
2.468700999999999812e+00 3.666145999999999988e-02
2.473402999999999796e+00 3.697345999999999966e-02
2.478445999999999927e+00 3.730479999999999907e-02
2.483474000000000181e+00 3.763495000000000035e-02
2.488519999999999843e+00 3.796918999999999988e-02
2.493564000000000114e+00 3.829816999999999944e-02
2.498613999999999891e+00 3.863185000000000230e-02
2.503969999999999807e+00 3.898247999999999991e-02
2.509002999999999872e+00 3.931205000000000116e-02
2.514018999999999782e+00 3.964045000000000069e-02
2.519055999999999962e+00 3.997057999999999861e-02
2.524090000000000167e+00 4.029958000000000151e-02
2.529122000000000092e+00 4.063031999999999755e-02
2.534117999999999871e+00 4.095870000000000066e-02
2.539156000000000191e+00 4.128769999999999663e-02
2.544197000000000042e+00 4.161961000000000133e-02
2.549221999999999877e+00 4.194624999999999743e-02
2.553916000000000075e+00 4.225240000000000246e-02
2.558959000000000206e+00 4.258079000000000031e-02
2.563991000000000131e+00 4.291094000000000158e-02
2.569021000000000221e+00 4.323990999999999946e-02
2.574062000000000072e+00 4.356771999999999728e-02
2.579057000000000155e+00 4.389731000000000188e-02
2.584083000000000130e+00 4.422161000000000147e-02
2.589116999999999891e+00 4.455118999999999746e-02
2.594157000000000046e+00 4.487899000000000055e-02
2.599175999999999931e+00 4.520562999999999665e-02
2.603868999999999989e+00 4.550649999999999834e-02
2.608899000000000079e+00 4.583488000000000145e-02
2.613945000000000185e+00 4.616154000000000091e-02
2.618945000000000078e+00 4.648527000000000214e-02
2.623975999999999864e+00 4.680778000000000022e-02
2.629004999999999814e+00 4.713326000000000321e-02
2.634052000000000060e+00 4.746167999999999915e-02
2.639086999999999961e+00 4.778655999999999876e-02
2.644101000000000035e+00 4.810794000000000181e-02
2.649131000000000125e+00 4.843279999999999808e-02
2.654161000000000215e+00 4.875589999999999785e-02
2.658862000000000059e+00 4.905736000000000124e-02
2.663928999999999991e+00 4.938228000000000062e-02
2.668975999999999793e+00 4.970953000000000177e-02
2.673995000000000122e+00 5.002912999999999805e-02
2.679034999999999833e+00 5.035401999999999934e-02
2.684051000000000187e+00 5.067481000000000069e-02
2.689089000000000063e+00 5.099911000000000028e-02
2.694118000000000013e+00 5.132105000000000000e-02
2.699158000000000168e+00 5.164769000000000304e-02
2.704495000000000093e+00 5.198897999999999714e-02
2.709519999999999929e+00 5.230858000000000035e-02
2.714569000000000010e+00 5.262996000000000341e-02
2.719602000000000075e+00 5.295191999999999954e-02
2.724645000000000206e+00 5.327271000000000090e-02
2.729649999999999910e+00 5.359288000000000246e-02
2.734691999999999901e+00 5.391017000000000031e-02
2.739384999999999959e+00 5.421398999999999663e-02
2.744419000000000164e+00 5.453360000000000152e-02
2.749467000000000105e+00 5.485381000000000284e-02
2.754485999999999990e+00 5.517284000000000077e-02
2.759519000000000055e+00 5.549304000000000042e-02
2.764553999999999956e+00 5.581147999999999665e-02
2.769575000000000120e+00 5.612932999999999811e-02
2.774605999999999906e+00 5.644952999999999776e-02
2.779643999999999782e+00 5.676914999999999739e-02
2.784686999999999912e+00 5.708992999999999707e-02
2.789397000000000126e+00 5.738966999999999680e-02
2.794376999999999889e+00 5.770220999999999684e-02
2.799418000000000184e+00 5.802242999999999984e-02
2.804448999999999970e+00 5.834264000000000117e-02
2.809482000000000035e+00 5.865814999999999918e-02
2.814500999999999920e+00 5.897718999999999878e-02
2.819538999999999795e+00 5.929270999999999847e-02
2.824580999999999786e+00 5.961174000000000334e-02
2.829610000000000181e+00 5.993020000000000291e-02
2.834671999999999858e+00 6.024569999999999925e-02
2.839703000000000088e+00 6.056766000000000233e-02
2.844387999999999916e+00 6.086210999999999705e-02
2.849431000000000047e+00 6.117875999999999870e-02
2.854454000000000047e+00 6.149662999999999657e-02
2.859490000000000087e+00 6.181332999999999966e-02
2.864524999999999988e+00 6.212944000000000105e-02
2.869552000000000103e+00 6.244787999999999728e-02
2.874598000000000209e+00 6.276516999999999513e-02
2.879592000000000152e+00 6.307657999999999321e-02
2.884618999999999822e+00 6.339264999999999484e-02
2.889650000000000052e+00 6.370936000000000654e-02
2.894700999999999969e+00 6.402607000000000437e-02
2.899372000000000060e+00 6.431760999999999728e-02
2.905085999999999835e+00 6.467641999999999836e-02
2.910108999999999835e+00 6.499251999999999807e-02
2.915159000000000056e+00 6.531040000000000456e-02
2.920193999999999956e+00 6.563117000000000256e-02
2.924887000000000015e+00 6.592444000000000082e-02
2.929924000000000195e+00 6.624112999999999529e-02
2.934953999999999841e+00 6.656368000000000007e-02
2.939986999999999906e+00 6.688853000000000160e-02
2.945015999999999856e+00 6.720993000000000106e-02
2.950051999999999897e+00 6.753188000000000246e-02
2.955076000000000036e+00 6.785618999999999679e-02
2.960122999999999838e+00 6.817757000000000678e-02
2.965110999999999830e+00 6.849307999999999785e-02
2.970150999999999986e+00 6.881212000000000439e-02
2.975171000000000010e+00 6.912587000000000592e-02
2.979881999999999920e+00 6.942265000000000241e-02
2.984898999999999969e+00 6.973817000000000210e-02
2.989930999999999894e+00 7.005487999999999993e-02
2.994978000000000140e+00 7.037155000000000493e-02
3.000007999999999786e+00 7.068591000000000457e-02
