1.000072000000000072e+00 -3.586676999999999812e-05
1.005134999999999890e+00 -3.820827000000000273e-05
1.009798999999999891e+00 -3.586685999999999764e-05
1.014821999999999891e+00 -3.762278000000000031e-05
1.019876000000000005e+00 -3.703747999999999763e-05
1.024836999999999998e+00 -3.528144000000000012e-05
1.029935999999999963e+00 -3.703745000000000230e-05
1.034966999999999970e+00 -3.469628000000000046e-05
1.039992999999999945e+00 -3.937890999999999733e-05
1.045028000000000068e+00 -3.528176000000000218e-05
1.050098999999999894e+00 -3.879372000000000235e-05
1.055079000000000100e+00 -3.820820999999999853e-05
1.059776000000000051e+00 -3.703742000000000021e-05
1.064810999999999952e+00 -3.762290000000000192e-05
1.069882999999999917e+00 -3.586676999999999812e-05
1.074859999999999927e+00 -3.411076999999999664e-05
1.079885999999999902e+00 -3.703771000000000016e-05
1.084885000000000099e+00 -3.411079999999999874e-05
1.089960999999999958e+00 -3.411076999999999664e-05
1.094967999999999941e+00 -3.645208000000000150e-05
1.100352999999999914e+00 -3.645213999999999892e-05
1.105369999999999964e+00 -3.645213999999999892e-05
1.110416999999999987e+00 -3.586676999999999812e-05
1.115469000000000044e+00 -3.586688999999999974e-05
1.120514999999999928e+00 -3.411074000000000132e-05
1.125548999999999911e+00 -3.469619000000000094e-05
1.130578000000000083e+00 -3.703762000000000064e-05
1.135620000000000074e+00 -3.645217000000000102e-05
1.140292000000000083e+00 -3.586701000000000136e-05
1.145326000000000066e+00 -3.645213999999999892e-05
1.150371000000000032e+00 -3.528147000000000222e-05
1.155658999999999992e+00 -3.469622000000000304e-05
1.160393000000000008e+00 -3.352549000000000214e-05
1.165429000000000048e+00 -3.528152999999999964e-05
1.170509000000000022e+00 -3.820827000000000273e-05
1.175499000000000072e+00 -3.645213999999999892e-05
1.180520999999999932e+00 -3.469612999999999674e-05
1.185553999999999997e+00 -3.703765000000000274e-05
1.190541000000000071e+00 -3.469633999999999788e-05
1.195289999999999964e+00 -3.645213999999999892e-05
1.200333000000000094e+00 -3.469619000000000094e-05
1.205413999999999985e+00 -3.528152999999999964e-05
1.210447000000000051e+00 -3.586694999999999716e-05
1.215368000000000004e+00 -3.645230999999999726e-05
1.220512000000000041e+00 -3.411094000000000176e-05
1.225557999999999925e+00 -3.703756000000000322e-05
1.230580000000000007e+00 -3.645220000000000312e-05
1.235595999999999917e+00 -3.586701000000000136e-05
1.240626999999999924e+00 -3.762290000000000192e-05
1.245301999999999909e+00 -3.528160999999999846e-05
1.250307999999999975e+00 -3.762304999999999887e-05
1.255365999999999982e+00 -3.528158000000000314e-05
1.260405999999999915e+00 -3.528160999999999846e-05
1.265503999999999962e+00 -3.352549000000000214e-05
1.270459999999999923e+00 -3.469619000000000094e-05
1.275514999999999954e+00 -3.528158000000000314e-05
1.280534999999999979e+00 -3.469622000000000304e-05
1.285590000000000011e+00 -3.352560000000000305e-05
1.291123999999999938e+00 -3.586685999999999764e-05
1.295662000000000091e+00 -3.586676999999999812e-05
1.301018999999999926e+00 -3.469606999999999932e-05
1.306070000000000064e+00 -3.645239999999999678e-05
1.311102999999999907e+00 -3.528178999999999750e-05
1.316130999999999940e+00 -3.294026999999999828e-05
1.321163000000000087e+00 -3.235484000000000005e-05
1.325981000000000076e+00 -3.469615999999999884e-05
1.330859000000000014e+00 -3.352537000000000052e-05
1.335900000000000087e+00 -3.352549000000000214e-05
1.340929000000000038e+00 -3.411079999999999874e-05
1.345958999999999905e+00 -3.411076999999999664e-05
1.351034999999999986e+00 -3.645213999999999892e-05
1.356130000000000058e+00 -3.469615999999999884e-05
1.361061999999999994e+00 -3.352566000000000048e-05
1.366098999999999952e+00 -3.352560000000000305e-05
1.371064000000000060e+00 -3.235484000000000005e-05
1.376136000000000026e+00 -3.294017999999999876e-05
1.380846000000000018e+00 -3.411106000000000337e-05
1.385877000000000026e+00 -3.235501999999999909e-05
1.390922999999999909e+00 -3.294005999999999714e-05
1.395950999999999942e+00 -3.235487000000000215e-05
1.400989999999999958e+00 -3.352554999999999956e-05
1.406015000000000015e+00 -3.176942000000000253e-05
1.411040999999999990e+00 -3.235479000000000333e-05
1.416050000000000031e+00 -3.118399999999999823e-05
1.420936999999999895e+00 -3.176947999999999995e-05
1.426117999999999997e+00 -3.294041000000000129e-05
1.431159000000000070e+00 -3.059889000000000207e-05
1.435856000000000021e+00 -3.294021000000000085e-05
1.440889000000000086e+00 -3.176953999999999737e-05
1.445921999999999930e+00 -3.294037999999999919e-05
1.450933999999999946e+00 -2.767204000000000145e-05
1.455967000000000011e+00 -2.884285999999999849e-05
1.461025000000000018e+00 -2.942818999999999988e-05
1.466061999999999976e+00 -2.884271000000000155e-05
1.471098999999999934e+00 -2.474539000000000128e-05
1.476140000000000008e+00 -2.767204000000000145e-05
1.481357999999999953e+00 -2.416002000000000048e-05
1.485853000000000090e+00 -2.416002000000000048e-05
1.490887999999999991e+00 -2.123337000000000030e-05
1.495932000000000039e+00 -2.416004999999999919e-05
1.501565000000000039e+00 -2.064808999999999902e-05
1.506669999999999954e+00 -1.596522999999999961e-05
1.511328999999999922e+00 -2.006263999999999940e-05
1.516350000000000087e+00 -1.479452000000000010e-05
1.521395999999999971e+00 -1.772125999999999980e-05
1.526464000000000043e+00 -1.128254000000000023e-05
1.531447000000000003e+00 -9.526498999999999945e-06
1.536478000000000010e+00 -1.128257000000000064e-05
1.541525999999999952e+00 -2.502406000000000127e-06
1.546556000000000042e+00 -5.429174000000000173e-06
1.551581000000000099e+00 2.765649999999999940e-06
1.556621999999999950e+00 4.242756000000000117e-07
1.561576999999999993e+00 3.936234999999999592e-06
1.566338999999999926e+00 1.622844000000000145e-05
1.571382999999999974e+00 1.154580999999999949e-05
1.576422999999999908e+00 2.676470000000000143e-05
1.581447999999999965e+00 2.091116000000000123e-05
1.586537000000000086e+00 3.203263999999999829e-05
1.591485999999999956e+00 3.144724000000000217e-05
1.596535000000000037e+00 3.671527000000000194e-05
1.601536999999999988e+00 5.661699000000000289e-05
1.606584000000000012e+00 5.076357000000000091e-05
1.611609000000000069e+00 7.476247000000000589e-05
1.616643999999999970e+00 7.242136000000000146e-05
1.621329000000000020e+00 8.003061999999999373e-05
1.626373000000000069e+00 1.005176000000000013e-04
1.631437999999999944e+00 1.052003999999999965e-04
1.636446000000000067e+00 1.286139000000000054e-04
1.641502000000000017e+00 1.338820999999999967e-04
1.646552000000000016e+00 1.625638999999999904e-04
1.651580000000000048e+00 1.684172000000000110e-04
1.656600999999999990e+00 1.889040999999999995e-04
1.661618999999999957e+00 2.181712999999999892e-04
1.666658999999999891e+00 2.310489000000000097e-04
1.671361000000000097e+00 2.585595999999999901e-04
1.676355000000000040e+00 2.808029000000000081e-04
1.681395999999999891e+00 3.100698999999999838e-04
1.686428000000000038e+00 3.410930999999999750e-04
1.691470999999999947e+00 3.727014999999999755e-04
1.696482000000000046e+00 4.136756000000000005e-04
1.701853000000000060e+00 4.487959000000000241e-04
1.706890999999999936e+00 4.926963999999999606e-04
1.711916999999999911e+00 5.342554000000000010e-04
1.716949000000000058e+00 5.787419000000000027e-04
1.721989999999999910e+00 6.349344000000000038e-04
1.727023999999999893e+00 6.817619000000000023e-04
1.732053000000000065e+00 7.397108000000000329e-04
1.737090000000000023e+00 7.976596000000000294e-04
1.742097999999999924e+00 8.638033000000000039e-04
1.747144999999999948e+00 9.299466999999999846e-04
1.751841999999999899e+00 9.960904999999999933e-04
1.756869999999999932e+00 1.071013999999999907e-03
1.761870000000000047e+00 1.150035999999999897e-03
1.766896000000000022e+00 1.234910000000000087e-03
1.771933999999999898e+00 1.322126000000000074e-03
1.776966000000000045e+00 1.413439000000000058e-03
1.781997000000000053e+00 1.512944999999999915e-03
1.787023000000000028e+00 1.611870000000000056e-03
1.792059000000000069e+00 1.718401999999999950e-03
1.797099000000000002e+00 1.826104999999999959e-03
1.802159999999999984e+00 1.941416999999999969e-03
1.806856000000000018e+00 2.053802999999999879e-03
1.811897000000000091e+00 2.170285000000000096e-03
1.816923000000000066e+00 2.295549000000000027e-03
1.821951000000000098e+00 2.424908999999999832e-03
1.826966000000000090e+00 2.556610999999999866e-03
1.832001999999999908e+00 2.692996000000000018e-03
1.837037999999999949e+00 2.833477000000000044e-03
1.842084000000000055e+00 2.979228999999999905e-03
1.847077999999999998e+00 3.124978000000000044e-03
1.852109999999999923e+00 3.276581000000000198e-03
1.857145999999999963e+00 3.435795000000000168e-03
1.861841999999999997e+00 3.583301000000000108e-03
1.866856000000000071e+00 3.741926999999999927e-03
1.871904000000000012e+00 3.911676999999999689e-03
1.876932999999999963e+00 4.080840999999999982e-03
1.881963000000000052e+00 4.258198999999999838e-03
1.887002999999999986e+00 4.434971999999999699e-03
1.892096000000000000e+00 4.619352999999999654e-03
1.897119000000000000e+00 4.805491999999999750e-03
1.902504999999999891e+00 5.008021999999999994e-03
1.907534000000000063e+00 5.198257999999999872e-03
1.912541000000000047e+00 5.391420000000000066e-03
1.917591999999999963e+00 5.593362999999999634e-03
1.922612999999999905e+00 5.792964000000000273e-03
1.927656999999999954e+00 6.000176000000000294e-03
1.932668000000000053e+00 6.205040999999999682e-03
1.937348000000000070e+00 6.402882999999999838e-03
1.942382999999999971e+00 6.617707999999999924e-03
1.947422999999999904e+00 6.833114000000000375e-03
1.952455000000000052e+00 7.049691999999999764e-03
1.957484000000000002e+00 7.269781000000000333e-03
1.962531999999999943e+00 7.496308999999999612e-03
1.967551000000000050e+00 7.719321999999999816e-03
1.972599999999999909e+00 7.945262999999999284e-03
1.977648000000000073e+00 8.175300999999999402e-03
1.982680999999999916e+00 8.406507000000000562e-03
1.987710000000000088e+00 8.635379000000000319e-03
1.992420000000000080e+00 8.856638999999999484e-03
1.997433999999999932e+00 9.091945000000000582e-03
2.002464999999999939e+00 9.329594000000000081e-03
2.007509000000000210e+00 9.569582999999999562e-03
2.012538000000000160e+00 9.808986999999999915e-03
2.017541000000000029e+00 1.004898000000000076e-02
2.022574999999999790e+00 1.029130999999999969e-02
2.027616000000000085e+00 1.053716000000000028e-02
2.032649999999999846e+00 1.078065999999999920e-02
2.037690000000000001e+00 1.102942999999999979e-02
2.042696999999999985e+00 1.127410000000000044e-02
2.047393000000000018e+00 1.150647999999999949e-02
2.052433000000000174e+00 1.175759000000000006e-02
2.057468000000000075e+00 1.200285000000000067e-02
2.062504000000000115e+00 1.225513999999999944e-02
2.067536000000000040e+00 1.250800000000000002e-02
2.072572000000000081e+00 1.276322000000000047e-02
2.077601000000000031e+00 1.301431999999999936e-02
2.082619000000000220e+00 1.326835999999999988e-02
2.087645999999999891e+00 1.352533000000000034e-02
2.092680000000000096e+00 1.378111999999999913e-02
2.097389000000000170e+00 1.401876999999999984e-02
2.103054999999999897e+00 1.430500000000000001e-02
2.108096999999999888e+00 1.456606000000000047e-02
2.113128000000000117e+00 1.482361999999999916e-02
2.118164000000000158e+00 1.508115999999999970e-02
2.123196000000000083e+00 1.533987000000000024e-02
2.127873999999999821e+00 1.558222000000000079e-02
2.132918000000000092e+00 1.584152000000000129e-02
2.137945000000000206e+00 1.610142000000000170e-02
2.142994999999999983e+00 1.636539999999999870e-02
2.148041999999999785e+00 1.662645999999999916e-02
2.153071000000000179e+00 1.688519000000000131e-02
2.158107000000000220e+00 1.714801000000000172e-02
2.163149000000000211e+00 1.741434000000000037e-02
2.168156000000000194e+00 1.767188000000000092e-02
2.173194000000000070e+00 1.793586000000000139e-02
2.177909999999999791e+00 1.818171999999999844e-02
2.182939999999999880e+00 1.844629999999999881e-02
2.187978999999999896e+00 1.870793000000000109e-02
2.192965000000000053e+00 1.896605999999999986e-02
2.198005999999999904e+00 1.923064999999999844e-02
2.203024999999999789e+00 1.949696999999999888e-02
2.208077999999999985e+00 1.975980000000000097e-02
2.213080999999999854e+00 2.002144999999999966e-02
2.218138000000000165e+00 2.028777999999999831e-02
2.223160000000000025e+00 2.055001000000000050e-02
2.228203999999999851e+00 2.081751000000000087e-02
2.232906999999999975e+00 2.106335000000000152e-02
2.237931000000000115e+00 2.133260999999999838e-02
2.242964000000000180e+00 2.159426000000000054e-02
2.248000999999999916e+00 2.185884000000000091e-02
2.253026000000000195e+00 2.212458000000000133e-02
2.258051000000000030e+00 2.239149000000000000e-02
2.263094999999999857e+00 2.265841000000000036e-02
2.268117000000000161e+00 2.292355999999999908e-02
2.273165000000000102e+00 2.319047000000000122e-02
2.278159000000000045e+00 2.345623000000000152e-02
2.283201000000000036e+00 2.372372999999999843e-02
2.287895999999999930e+00 2.397014999999999910e-02
2.292928999999999995e+00 2.423942000000000110e-02
2.297938999999999954e+00 2.450574000000000155e-02
2.303656000000000148e+00 2.480720000000000147e-02
2.308682999999999819e+00 2.508290000000000172e-02
2.313391000000000197e+00 2.533401000000000056e-02
2.318445000000000089e+00 2.560503000000000084e-02
2.323481999999999825e+00 2.587369999999999948e-02
2.328510000000000080e+00 2.613943000000000169e-02
2.333559000000000161e+00 2.641044999999999851e-02
2.338592999999999922e+00 2.667676999999999896e-02
2.343602000000000185e+00 2.694194000000000103e-02
2.348637000000000086e+00 2.720944000000000140e-02
2.353670000000000151e+00 2.747575999999999838e-02
2.358712000000000142e+00 2.774561999999999862e-02
2.363360999999999823e+00 2.799029000000000100e-02
2.368409999999999904e+00 2.825837000000000140e-02
2.373432999999999904e+00 2.852352999999999833e-02
2.378470000000000084e+00 2.878928000000000043e-02
2.383484999999999854e+00 2.905794000000000085e-02
2.388523999999999869e+00 2.932428000000000118e-02
2.393555999999999795e+00 2.959412000000000154e-02
2.398598999999999926e+00 2.985987000000000016e-02
2.403626000000000040e+00 3.012619999999999881e-02
2.408663999999999916e+00 3.039371000000000086e-02
2.413704000000000072e+00 3.066295999999999952e-02
2.418378000000000139e+00 3.090996999999999842e-02
2.423433000000000170e+00 3.117688999999999877e-02
2.428433000000000064e+00 3.144262999999999919e-02
2.433470999999999940e+00 3.171246999999999955e-02
2.438495000000000079e+00 3.197587000000000346e-02
2.443550999999999807e+00 3.224454000000000209e-02
2.448544000000000054e+00 3.250970000000000248e-02
2.453581999999999930e+00 3.277427000000000118e-02
2.458609000000000044e+00 3.304002999999999801e-02
2.463649999999999896e+00 3.330460999999999838e-02
2.468658000000000019e+00 3.356975999999999710e-02
2.473360000000000003e+00 3.381854000000000110e-02
2.478403999999999829e+00 3.408309999999999812e-02
2.483438000000000034e+00 3.434943000000000024e-02
2.488485999999999976e+00 3.461459000000000064e-02
2.493523999999999852e+00 3.488091000000000108e-02
2.498568999999999818e+00 3.514725999999999961e-02
2.503934000000000104e+00 3.543057000000000151e-02
2.508964000000000194e+00 3.569279999999999675e-02
2.513977000000000128e+00 3.595620000000000066e-02
2.519010999999999889e+00 3.622194000000000108e-02
2.524048000000000069e+00 3.648534999999999973e-02
2.529085999999999945e+00 3.675110000000000182e-02
2.534085999999999839e+00 3.701332999999999707e-02
2.539114000000000093e+00 3.727732999999999741e-02
2.544150999999999829e+00 3.754071999999999965e-02
2.549179999999999779e+00 3.780236000000000013e-02
2.553875000000000117e+00 3.804877999999999733e-02
2.558917999999999804e+00 3.831454000000000110e-02
2.563950000000000173e+00 3.857851999999999809e-02
2.568982000000000099e+00 3.884366999999999681e-02
2.574018000000000139e+00 3.910589999999999899e-02
2.579019000000000172e+00 3.936875000000000097e-02
2.584045999999999843e+00 3.963156000000000317e-02
2.589075999999999933e+00 3.989261999999999669e-02
2.594116999999999784e+00 4.015836999999999879e-02
2.599134999999999973e+00 4.041944000000000092e-02
2.603833999999999982e+00 4.066643999999999814e-02
2.608861999999999792e+00 4.092749999999999860e-02
2.613914999999999988e+00 4.119148999999999727e-02
2.618911000000000211e+00 4.145606999999999764e-02
2.623944999999999972e+00 4.171770999999999813e-02
2.628979000000000177e+00 4.197995999999999672e-02
2.634017000000000053e+00 4.224334999999999896e-02
2.639054999999999929e+00 4.250791999999999765e-02
2.644066000000000027e+00 4.277074000000000153e-02
2.649100999999999928e+00 4.303532000000000191e-02
2.654135999999999829e+00 4.329696999999999713e-02
2.658841999999999928e+00 4.354281000000000124e-02
2.663895000000000124e+00 4.380562999999999818e-02
2.668937000000000115e+00 4.448346000000000244e-02
2.673960999999999810e+00 4.970470999999999917e-02
2.678997999999999990e+00 5.004887999999999698e-02
2.684010999999999925e+00 5.036261000000000210e-02
2.689046999999999965e+00 5.067400999999999850e-02
2.694078999999999890e+00 5.097956000000000015e-02
2.699117999999999906e+00 5.128278000000000003e-02
2.704461999999999922e+00 5.160351999999999995e-02
2.709493000000000151e+00 5.191611000000000142e-02
2.714541999999999788e+00 5.222457999999999961e-02
2.719564000000000092e+00 5.252427999999999958e-02
2.724610999999999894e+00 5.283220000000000277e-02
2.729614999999999903e+00 5.313186000000000297e-02
2.734661000000000008e+00 5.343449000000000115e-02
2.739348999999999812e+00 5.371545999999999960e-02
2.744390999999999803e+00 5.402101000000000125e-02
2.749423000000000172e+00 5.432772999999999769e-02
2.754452000000000123e+00 5.463446000000000274e-02
2.759481000000000073e+00 5.493823999999999930e-02
2.764517000000000113e+00 5.523912000000000266e-02
2.769553999999999849e+00 5.554230999999999752e-02
2.774564999999999948e+00 5.584784999999999749e-02
2.779602000000000128e+00 5.614869000000000110e-02
2.784637000000000029e+00 5.645133000000000095e-02
2.789362000000000119e+00 5.673758999999999747e-02
2.794341000000000186e+00 5.703492999999999757e-02
2.799383999999999872e+00 5.734107000000000093e-02
2.804403000000000201e+00 5.764426000000000272e-02
2.809439999999999937e+00 5.794512000000000274e-02
2.814461999999999797e+00 5.825183999999999918e-02
2.819497000000000142e+00 5.855213000000000084e-02
2.824536000000000158e+00 5.885945000000000066e-02
2.829581000000000124e+00 5.916090000000000237e-02
2.834636999999999851e+00 5.946760999999999714e-02
2.839659999999999851e+00 5.976846999999999716e-02
2.844358999999999860e+00 6.005179000000000072e-02
2.849387000000000114e+00 6.035614000000000257e-02
2.854407000000000139e+00 6.066052999999999723e-02
2.859465000000000146e+00 6.096781999999999896e-02
2.864488999999999841e+00 6.127393999999999896e-02
2.869514000000000120e+00 6.158124999999999710e-02
2.874559000000000086e+00 6.188975000000000032e-02
2.879560000000000120e+00 6.219704000000000205e-02
2.884581999999999979e+00 6.250551000000000024e-02
2.889632000000000200e+00 6.281575999999999826e-02
2.894655000000000200e+00 6.312189999999999468e-02
2.899335999999999913e+00 6.340518000000000542e-02
2.905051999999999968e+00 6.375348000000000126e-02
2.910076000000000107e+00 6.405961000000000294e-02
2.915115999999999818e+00 6.436574000000000462e-02
2.920160999999999785e+00 6.467129000000000627e-02
2.924849000000000032e+00 6.495401000000000646e-02
2.929882000000000097e+00 6.525780000000000469e-02
2.934921999999999809e+00 6.556394999999999584e-02
2.939957000000000154e+00 6.668137999999999843e-02
2.944976000000000038e+00 7.011966000000000032e-02
2.950021000000000004e+00 7.051944000000000268e-02
2.955035000000000078e+00 7.087295000000000400e-02
2.960091999999999945e+00 7.121189999999999465e-02
2.965073999999999987e+00 7.153967999999999439e-02
2.970111999999999863e+00 7.186981000000000619e-02
2.975137000000000143e+00 7.219644999999999535e-02
2.979842999999999797e+00 7.250373999999999708e-02
2.984868000000000077e+00 7.282977999999999674e-02
2.989898999999999862e+00 7.315641999999999978e-02
2.994941999999999993e+00 7.348477999999999954e-02
2.999964999999999993e+00 7.380728000000000288e-02
