1.499989000000000017e+00 -3.000547000000000056e-05
1.506520999999999999e+00 -2.824942999999999966e-05
1.512391000000000041e+00 -2.766395000000000133e-05
1.519077000000000011e+00 -2.766389000000000052e-05
1.525093000000000032e+00 -3.176148000000000274e-05
1.531468000000000051e+00 -2.824934000000000014e-05
1.537698000000000009e+00 -3.000547000000000056e-05
1.543906999999999918e+00 -2.883471000000000094e-05
1.549936999999999898e+00 -2.824942999999999966e-05
1.556667999999999941e+00 -2.942009999999999976e-05
1.562697000000000003e+00 -2.824960000000000139e-05
1.569056000000000006e+00 -3.059100999999999970e-05
1.575263000000000080e+00 -3.059100999999999970e-05
1.581466000000000038e+00 -3.117633999999999770e-05
1.587480000000000002e+00 -3.000534999999999894e-05
1.593858999999999915e+00 -2.824936999999999885e-05
1.600573999999999941e+00 -3.000554999999999938e-05
1.606484999999999941e+00 -2.942001000000000024e-05
1.613000999999999907e+00 -2.766409000000000096e-05
1.619029000000000051e+00 -2.942009999999999976e-05
1.625393000000000088e+00 -3.117613999999999726e-05
1.631480000000000041e+00 -2.824945999999999837e-05
1.638214000000000059e+00 -3.000554999999999938e-05
1.644246000000000096e+00 -2.649333000000000135e-05
1.650611000000000050e+00 -3.117620000000000146e-05
1.656617999999999924e+00 -2.766414999999999838e-05
1.663006999999999902e+00 -2.766418000000000048e-05
1.669246000000000008e+00 -2.942018999999999928e-05
1.675445999999999991e+00 -2.766414999999999838e-05
1.681408000000000014e+00 -2.707883999999999839e-05
1.688199000000000005e+00 -2.532281000000000159e-05
1.694188999999999945e+00 -2.356668000000000117e-05
1.700539000000000023e+00 -2.298132000000000107e-05
1.707038000000000055e+00 -2.239595000000000027e-05
1.712922000000000056e+00 -2.005448999999999847e-05
1.719618000000000091e+00 -2.063979999999999846e-05
1.725373000000000046e+00 -1.888385000000000047e-05
1.732083000000000039e+00 -1.537176999999999869e-05
1.737980999999999998e+00 -1.420103999999999948e-05
1.744594999999999896e+00 -1.185964000000000018e-05
1.750528000000000084e+00 -8.347560999999999477e-06
1.756895000000000095e+00 -6.591405999999999856e-06
1.762912999999999952e+00 -1.908599999999999819e-06
1.769667000000000101e+00 3.944908000000000347e-06
1.775601999999999903e+00 1.038378000000000072e-05
1.782026000000000110e+00 1.565204000000000134e-05
1.788067999999999991e+00 2.326160999999999835e-05
1.794435999999999920e+00 3.087101999999999772e-05
1.801163000000000070e+00 4.374879000000000300e-05
1.806893000000000082e+00 5.311443000000000300e-05
1.813593000000000011e+00 6.716294000000000311e-05
1.819641000000000064e+00 8.647985000000000177e-05
1.825992999999999977e+00 1.034548999999999978e-04
1.832038999999999973e+00 1.280397000000000067e-04
1.838408000000000042e+00 1.549658999999999997e-04
1.844470000000000054e+00 1.854044999999999966e-04
1.851134000000000057e+00 2.216960999999999932e-04
1.857177000000000078e+00 2.568170999999999844e-04
1.863553999999999933e+00 3.059868999999999892e-04
1.869575999999999905e+00 3.539861000000000158e-04
1.875961999999999907e+00 4.154483999999999846e-04
1.881999999999999895e+00 4.763249999999999906e-04
1.888433999999999946e+00 5.547625000000000473e-04
1.894473000000000074e+00 6.326145999999999723e-04
1.901186999999999960e+00 7.327094000000000358e-04
1.907575999999999938e+00 8.398299000000000345e-04
1.913596999999999992e+00 9.463638999999999602e-04
1.919975999999999905e+00 1.070458000000000043e-03
1.926015000000000033e+00 1.202748000000000012e-03
1.932692000000000077e+00 1.355525999999999910e-03
1.938399999999999901e+00 1.503035000000000005e-03
1.945106000000000002e+00 1.685078999999999917e-03
1.951160000000000005e+00 1.860099999999999948e-03
1.957516000000000034e+00 2.057949999999999797e-03
1.963554999999999939e+00 2.255212999999999836e-03
1.969942000000000082e+00 2.477647999999999830e-03
1.975996000000000086e+00 2.695982999999999886e-03
1.982715000000000005e+00 2.957636999999999940e-03
1.988753999999999911e+00 3.195290999999999843e-03
1.995143000000000111e+00 3.459872000000000121e-03
2.001492999999999967e+00 3.734986999999999942e-03
2.007535999999999987e+00 4.002493000000000196e-03
2.014259000000000022e+00 4.309804000000000412e-03
2.019922999999999913e+00 4.578480999999999697e-03
2.026639999999999997e+00 4.903353000000000052e-03
2.032678000000000207e+00 5.205394999999999814e-03
2.039034000000000013e+00 5.526752999999999701e-03
2.045078999999999869e+00 5.839918999999999839e-03
2.051448999999999856e+00 6.172982999999999942e-03
2.057498999999999967e+00 6.498437999999999611e-03
2.064204000000000150e+00 6.857845000000000434e-03
2.070260000000000211e+00 7.197351000000000269e-03
2.076624999999999943e+00 7.551486999999999956e-03
2.082648999999999972e+00 7.893334999999999588e-03
2.089029000000000025e+00 8.260938000000000656e-03
2.095057000000000169e+00 8.609808999999999518e-03
2.101452999999999793e+00 8.984433000000000002e-03
2.108131000000000199e+00 9.378960000000000422e-03
2.114158000000000204e+00 9.741882000000000319e-03
2.120538999999999952e+00 1.012529000000000033e-02
2.126561000000000146e+00 1.049170999999999958e-02
2.132935999999999943e+00 1.088331000000000021e-02
2.138980999999999799e+00 1.125911999999999920e-02
2.145735000000000170e+00 1.167763999999999955e-02
2.151426999999999978e+00 1.203939000000000051e-02
2.158128000000000046e+00 1.245908000000000085e-02
2.164182999999999968e+00 1.284717999999999971e-02
2.170542999999999889e+00 1.325049000000000018e-02
2.176597000000000115e+00 1.364207999999999914e-02
2.182961999999999847e+00 1.405416999999999951e-02
2.188972000000000140e+00 1.444753000000000009e-02
2.195678000000000019e+00 1.488362000000000018e-02
2.202055000000000096e+00 1.530156000000000051e-02
2.208095000000000141e+00 1.570252999999999927e-02
2.214449999999999807e+00 1.612163999999999958e-02
2.220507000000000009e+00 1.652377999999999833e-02
2.227214000000000027e+00 1.696982000000000004e-02
2.232934000000000196e+00 1.735497999999999902e-02
2.239641999999999911e+00 1.780278000000000069e-02
2.245670000000000055e+00 1.821369000000000113e-02
2.252056000000000058e+00 1.864626999999999951e-02
2.258071999999999857e+00 1.905601999999999990e-02
2.264441000000000148e+00 1.949035000000000004e-02
2.270493999999999790e+00 1.990244999999999861e-02
2.277175999999999867e+00 2.036019000000000023e-02
2.283221000000000167e+00 2.077462000000000059e-02
2.289591999999999850e+00 2.121421000000000071e-02
2.295650000000000190e+00 2.163098999999999925e-02
2.301998000000000211e+00 2.207001000000000102e-02
2.308704000000000089e+00 2.253242999999999913e-02
2.314417000000000169e+00 2.293281000000000139e-02
2.321150999999999964e+00 2.340050000000000116e-02
2.327201000000000075e+00 2.382195999999999966e-02
2.333577000000000012e+00 2.426154999999999978e-02
2.339602000000000182e+00 2.468595000000000164e-02
2.345972000000000168e+00 2.513140000000000165e-02
2.352012000000000214e+00 2.555696000000000009e-02
2.358734999999999804e+00 2.602700000000000152e-02
2.364408000000000065e+00 2.642854000000000037e-02
2.371119000000000199e+00 2.689917000000000002e-02
2.377152999999999849e+00 2.732588999999999851e-02
2.383509000000000100e+00 2.777251999999999846e-02
2.389555999999999791e+00 2.820040000000000047e-02
2.395931000000000033e+00 2.865227000000000052e-02
2.402661999999999853e+00 2.912934999999999830e-02
2.408694000000000113e+00 2.955549000000000023e-02
2.415049999999999919e+00 3.000680999999999835e-02
2.421097000000000055e+00 3.043997000000000022e-02
2.427458999999999811e+00 3.089126999999999845e-02
2.433494000000000046e+00 3.131740000000000218e-02
2.440214000000000105e+00 3.179213000000000178e-02
2.445927999999999880e+00 3.219894999999999702e-02
2.452592000000000105e+00 3.267131999999999675e-02
2.458631000000000011e+00 3.310391000000000028e-02
2.465022999999999964e+00 3.355696999999999847e-02
2.471029999999999838e+00 3.398661000000000043e-02
2.477415000000000145e+00 3.444024999999999864e-02
2.483454000000000050e+00 3.487517999999999868e-02
2.490187999999999846e+00 3.535457999999999656e-02
2.495902000000000065e+00 3.576432999999999696e-02
2.502615000000000034e+00 3.624257000000000173e-02
2.508986999999999856e+00 3.669678999999999996e-02
2.515000999999999820e+00 3.712762000000000007e-02
2.521716000000000069e+00 3.760702999999999963e-02
2.527422000000000057e+00 3.801734999999999837e-02
2.534104000000000134e+00 3.849442000000000141e-02
2.540150999999999826e+00 3.892523999999999984e-02
2.546511999999999887e+00 3.938064000000000148e-02
2.552576999999999874e+00 3.982025000000000148e-02
2.558940999999999910e+00 4.026980000000000143e-02
2.564967999999999915e+00 4.070295000000000163e-02
2.571684999999999999e+00 4.118410000000000126e-02
2.577357000000000120e+00 4.159561999999999982e-02
2.584065999999999974e+00 4.207501999999999770e-02
2.590111999999999970e+00 4.251227999999999951e-02
2.596487000000000211e+00 4.297120000000000106e-02
2.602841999999999878e+00 4.342601000000000100e-02
2.608884999999999899e+00 4.386034999999999934e-02
2.615603999999999818e+00 4.433916000000000246e-02
2.621607000000000021e+00 4.476996999999999921e-02
2.627994000000000163e+00 4.522713999999999901e-02
2.634033000000000069e+00 4.566146000000000094e-02
2.640384000000000064e+00 4.611512000000000250e-02
2.646421999999999830e+00 4.654417999999999750e-02
2.653131000000000128e+00 4.702475999999999878e-02
2.658853000000000133e+00 4.743508999999999920e-02
2.665598000000000134e+00 4.791509000000000046e-02
2.671641999999999850e+00 4.834592000000000056e-02
2.678005000000000191e+00 4.879661999999999888e-02
2.684029000000000220e+00 4.922920000000000074e-02
2.690418000000000198e+00 4.968225999999999892e-02
2.696445000000000203e+00 5.011190000000000089e-02
2.703176000000000023e+00 5.059013999999999872e-02
2.709503999999999913e+00 5.104261999999999688e-02
2.715542999999999818e+00 5.147167999999999882e-02
2.721931000000000100e+00 5.192590999999999873e-02
2.727955000000000130e+00 5.235731999999999886e-02
2.734678000000000164e+00 5.283500000000000002e-02
2.740362000000000187e+00 5.324003000000000069e-02
2.747094999999999843e+00 5.371886000000000022e-02
2.753118000000000176e+00 5.414556000000000230e-02
2.759491999999999834e+00 5.459805000000000214e-02
2.765550999999999870e+00 5.502769999999999884e-02
2.771894000000000080e+00 5.547491999999999701e-02
2.777943000000000051e+00 5.590397999999999895e-02
2.784653000000000045e+00 5.638044999999999862e-02
2.790328000000000142e+00 5.678376000000000257e-02
2.797031000000000045e+00 5.725612000000000062e-02
2.803398000000000057e+00 5.770742999999999706e-02
2.809460000000000068e+00 5.813593000000000233e-02
2.815818999999999850e+00 5.858373000000000053e-02
2.821867999999999821e+00 5.901160999999999907e-02
2.828584999999999905e+00 5.948516000000000220e-02
2.834649000000000196e+00 5.991306999999999883e-02
2.841022999999999854e+00 6.036144000000000231e-02
2.847055999999999809e+00 6.078403000000000278e-02
2.853442999999999952e+00 6.123477000000000087e-02
2.859468999999999816e+00 6.165680999999999939e-02
2.866176999999999975e+00 6.349014000000000046e-02
2.871881000000000128e+00 6.570629999999999526e-02
2.878557999999999950e+00 6.652755000000000474e-02
2.884609999999999896e+00 6.714098000000000288e-02
2.890976999999999908e+00 6.767539999999999667e-02
2.897022999999999904e+00 6.816007999999999789e-02
2.903373999999999899e+00 6.866055999999999548e-02
2.910086000000000173e+00 6.917744000000000670e-02
2.916138999999999815e+00 6.964220999999999606e-02
2.922525999999999957e+00 7.012511000000000438e-02
2.928564999999999863e+00 7.058813999999999367e-02
2.934930000000000039e+00 7.106811000000000378e-02
2.940955000000000208e+00 7.152295999999999654e-02
2.947670000000000012e+00 7.202928999999999582e-02
2.953374999999999861e+00 7.246241999999999961e-02
2.960113000000000216e+00 7.296875999999999363e-02
2.966098999999999819e+00 7.342302000000000550e-02
2.972468999999999806e+00 7.389946999999999488e-02
2.978502000000000205e+00 7.435250999999999666e-02
2.984872999999999887e+00 7.482782999999999796e-02
2.990921999999999858e+00 7.527970999999999968e-02
2.997649000000000008e+00 7.578838999999999715e-02
3.004023999999999806e+00 7.626661999999999331e-02
3.010067999999999966e+00 7.672260999999999664e-02
3.016443999999999903e+00 7.719969999999999610e-02
3.022489999999999899e+00 7.764804999999999624e-02
3.028843000000000174e+00 7.812338000000000615e-02
3.034898999999999791e+00 7.857232000000000105e-02
3.041603999999999974e+00 7.907221999999999862e-02
3.047620999999999913e+00 7.951885000000000203e-02
3.054000999999999966e+00 7.999359000000000330e-02
3.060032000000000085e+00 8.044255000000000155e-02
3.066409999999999858e+00 8.091492000000000129e-02
3.072439000000000142e+00 8.136387999999999954e-02
3.079155000000000086e+00 8.186261999999999706e-02
3.084868000000000166e+00 8.228699000000000430e-02
3.091571000000000069e+00 8.278278999999999499e-02
3.097596999999999934e+00 8.322762999999999689e-02
3.103962999999999806e+00 8.369943000000000521e-02
3.110374000000000194e+00 8.417299000000000309e-02
3.116373999999999977e+00 8.461725999999999970e-02
3.123079999999999856e+00 8.511422999999999905e-02
3.129129999999999967e+00 8.556205000000000060e-02
3.135469000000000062e+00 8.602677000000000240e-02
3.141513999999999918e+00 8.647401999999999866e-02
3.147892999999999830e+00 8.694222999999999535e-02
3.153945999999999916e+00 8.738772000000000206e-02
3.160633999999999943e+00 8.788060999999999789e-02
3.166332999999999842e+00 8.829855000000000342e-02
3.173062999999999967e+00 8.879141999999999590e-02
3.179120000000000168e+00 8.923688000000000453e-02
3.185506000000000171e+00 8.970514999999999739e-02
3.191540999999999961e+00 9.014532999999999574e-02
3.197903000000000162e+00 9.061184999999999379e-02
3.204601999999999951e+00 9.110527000000000208e-02
3.210655000000000037e+00 9.154903000000000346e-02
3.217035999999999785e+00 9.201373999999999664e-02
3.223043999999999798e+00 9.245219999999999827e-02
3.229423999999999850e+00 9.291813999999999629e-02
3.235453999999999830e+00 9.335598999999999981e-02
3.241823000000000121e+00 9.382546999999999415e-02
3.247853999999999797e+00 9.426503999999999439e-02
3.254573000000000160e+00 9.475849000000000077e-02
3.260638000000000147e+00 9.520219000000000598e-02
3.267059999999999853e+00 9.567805999999999533e-02
3.273095000000000088e+00 9.612062999999999857e-02
3.279479999999999951e+00 9.659239000000000019e-02
3.285490999999999939e+00 9.703256000000000381e-02
3.292205000000000048e+00 9.752309000000000672e-02
3.297900999999999971e+00 9.794400000000000328e-02
3.304651999999999923e+00 9.843627000000000626e-02
3.310972000000000026e+00 9.889868999999999744e-02
3.317010999999999932e+00 9.934237999999999402e-02
3.323388000000000009e+00 9.980596999999999386e-02
3.329403000000000112e+00 1.002438999999999969e-01
3.336123000000000172e+00 1.007320000000000021e-01
3.342169000000000167e+00 1.011716000000000004e-01
3.348574999999999857e+00 1.016415999999999986e-01
3.354620000000000157e+00 1.020824000000000037e-01
3.360990999999999840e+00 1.025448000000000054e-01
3.367030000000000189e+00 1.029891000000000001e-01
3.373718999999999912e+00 1.034785000000000010e-01
3.379440000000000222e+00 1.038951999999999931e-01
3.386143000000000125e+00 1.043869000000000047e-01
3.392157999999999785e+00 1.048223999999999961e-01
3.398528000000000215e+00 1.052894999999999942e-01
3.404897000000000062e+00 1.057526000000000022e-01
3.410951999999999984e+00 1.061973999999999974e-01
3.417663000000000117e+00 1.066826000000000024e-01
3.423690000000000122e+00 1.071204999999999935e-01
3.430076999999999821e+00 1.075852999999999948e-01
3.436106999999999800e+00 1.080225999999999964e-01
3.442490999999999968e+00 1.084856000000000015e-01
3.448520999999999948e+00 1.089234000000000036e-01
3.454911000000000065e+00 1.093906000000000045e-01
3.460916000000000103e+00 1.098294999999999966e-01
3.467626000000000097e+00 1.103188999999999975e-01
3.473683999999999994e+00 1.107608000000000065e-01
3.480017999999999834e+00 1.112221000000000043e-01
3.486069999999999780e+00 1.116652000000000061e-01
3.492437999999999931e+00 1.121299999999999936e-01
3.498466000000000076e+00 1.125690000000000024e-01
3.505173000000000094e+00 1.130590000000000067e-01
3.511566999999999883e+00 1.135224999999999984e-01
3.517608000000000068e+00 1.139556999999999931e-01
3.524001999999999857e+00 1.144209999999999949e-01
3.530056000000000083e+00 1.148601000000000066e-01
3.536423999999999790e+00 1.153195999999999943e-01
3.542453000000000074e+00 1.157544999999999963e-01
3.549164999999999903e+00 1.162414999999999976e-01
3.555191000000000212e+00 1.166781999999999958e-01
3.561579000000000050e+00 1.171370999999999940e-01
3.567594000000000154e+00 1.175703000000000026e-01
3.573958999999999886e+00 1.180285999999999974e-01
3.580010000000000137e+00 1.184623000000000065e-01
3.586707999999999785e+00 1.189411999999999969e-01
3.592404999999999848e+00 1.193497000000000030e-01
3.599115999999999982e+00 1.198332000000000008e-01
3.605525999999999787e+00 1.202904000000000057e-01
3.611542000000000030e+00 1.207242000000000037e-01
3.617903999999999787e+00 1.211794999999999956e-01
3.623959000000000152e+00 1.216145000000000004e-01
3.630641999999999925e+00 1.220902999999999988e-01
3.636693000000000175e+00 1.225234999999999935e-01
3.643079999999999874e+00 1.229818000000000022e-01
3.649090999999999863e+00 1.234120999999999968e-01
3.655450999999999784e+00 1.238709999999999950e-01
3.661488999999999994e+00 1.243042000000000036e-01
3.667877999999999972e+00 1.247600999999999988e-01
3.673903000000000141e+00 1.251933000000000074e-01
3.680619000000000085e+00 1.256714999999999915e-01
3.686656000000000155e+00 1.261010999999999938e-01
3.693064000000000124e+00 1.265560000000000018e-01
3.699094999999999800e+00 1.269874000000000003e-01
3.705468000000000206e+00 1.274350999999999956e-01
3.712202000000000002e+00 1.279127999999999932e-01
3.718221999999999916e+00 1.283336999999999950e-01
3.724580000000000002e+00 1.287796999999999970e-01
3.730623000000000022e+00 1.292034999999999989e-01
3.736987000000000059e+00 1.296489000000000114e-01
3.743012999999999924e+00 1.300708999999999893e-01
3.749390000000000001e+00 1.305147000000000113e-01
3.755452000000000012e+00 1.309331999999999996e-01
3.762125000000000163e+00 1.313991999999999938e-01
3.768164000000000069e+00 1.318159999999999887e-01
3.774570999999999898e+00 1.322625000000000051e-01
3.780584999999999862e+00 1.326710999999999863e-01
3.786957000000000129e+00 1.331083000000000127e-01
3.793001999999999985e+00 1.335240000000000038e-01
3.799695999999999962e+00 1.339788000000000090e-01
3.806065999999999949e+00 1.344120000000000037e-01
3.812120999999999871e+00 1.348041000000000100e-01
3.818500999999999923e+00 1.352421000000000040e-01
3.824494000000000060e+00 1.356436000000000031e-01
3.830887000000000153e+00 1.360685000000000089e-01
3.836923000000000084e+00 1.364647999999999972e-01
3.843618000000000201e+00 1.369121000000000088e-01
3.849666000000000032e+00 1.373053999999999941e-01
3.856021000000000143e+00 1.377214999999999967e-01
3.862084999999999990e+00 1.381153999999999993e-01
3.868491999999999820e+00 1.385305000000000009e-01
3.874511000000000038e+00 1.389198000000000099e-01
3.880882999999999861e+00 1.393340999999999885e-01
3.886900999999999939e+00 1.397151000000000087e-01
3.893616000000000188e+00 1.401496000000000131e-01
3.899655000000000094e+00 1.405299999999999883e-01
3.906038999999999817e+00 1.409356999999999971e-01
3.912386000000000141e+00 1.413385000000000058e-01
3.918422000000000072e+00 1.417193999999999954e-01
3.925142000000000131e+00 1.421404000000000001e-01
3.931159000000000070e+00 1.425166999999999962e-01
3.937562999999999924e+00 1.429153999999999980e-01
3.943611000000000200e+00 1.432912000000000075e-01
3.949946000000000179e+00 1.436861999999999862e-01
3.955979999999999830e+00 1.440543999999999991e-01
3.962371999999999783e+00 1.444525000000000114e-01
3.968408000000000158e+00 1.448206999999999967e-01
3.975099999999999856e+00 1.452345999999999915e-01
3.981158999999999892e+00 1.456062999999999941e-01
3.987511000000000028e+00 1.459913999999999934e-01
3.993522000000000016e+00 1.463531000000000137e-01
3.999909999999999854e+00 1.467459000000000124e-01
