1.000104000000000104e+00 -3.000598999999999966e-05
1.005136000000000029e+00 -3.000587000000000143e-05
1.009811999999999932e+00 -3.234733999999999716e-05
1.014844999999999997e+00 -3.176244000000000213e-05
1.019813000000000081e+00 -3.000627999999999962e-05
1.024902999999999897e+00 -3.234751000000000228e-05
1.029935000000000045e+00 -3.351814999999999688e-05
1.034982000000000069e+00 -3.117651999999999674e-05
1.040016000000000052e+00 -3.176197000000000314e-05
1.045053000000000010e+00 -3.176197000000000314e-05
1.050073000000000034e+00 -3.117658000000000094e-05
1.055114000000000107e+00 -3.117658000000000094e-05
1.059846999999999984e+00 -3.117662999999999766e-05
1.064821999999999935e+00 -3.117671999999999718e-05
1.069868999999999959e+00 -3.351817999999999898e-05
1.074869999999999992e+00 -3.293288000000000308e-05
1.079906000000000033e+00 -3.117678000000000138e-05
1.084670999999999941e+00 -3.000596000000000095e-05
1.089971999999999941e+00 -3.117662999999999766e-05
1.094978999999999925e+00 -3.059124000000000223e-05
1.100365999999999955e+00 -3.176194000000000104e-05
1.105399000000000020e+00 -3.234736999999999926e-05
1.110430000000000028e+00 -3.293276000000000146e-05
1.115483999999999920e+00 -3.176212000000000008e-05
1.120521000000000100e+00 -3.059135999999999708e-05
1.125556000000000001e+00 -3.117669000000000186e-05
1.130590999999999902e+00 -2.883523000000000005e-05
1.135628000000000082e+00 -3.000596000000000095e-05
1.140301999999999927e+00 -3.117665999999999976e-05
1.145245000000000068e+00 -2.883531999999999957e-05
1.150371999999999950e+00 -3.176215000000000218e-05
1.155412000000000106e+00 -3.059135999999999708e-05
1.160406999999999966e+00 -3.059135999999999708e-05
1.165434000000000081e+00 -3.059135999999999708e-05
1.170466000000000006e+00 -3.176199999999999846e-05
1.175524999999999931e+00 -3.176203000000000056e-05
1.180547999999999931e+00 -2.883523000000000005e-05
1.185567999999999955e+00 -3.293272999999999936e-05
1.190595999999999988e+00 -3.000585000000000003e-05
1.195297000000000054e+00 -2.942060000000000085e-05
1.200355000000000061e+00 -3.176208999999999798e-05
1.205405000000000060e+00 -3.234765999999999922e-05
1.210453999999999919e+00 -3.234742000000000276e-05
1.215492999999999935e+00 -2.883552000000000001e-05
1.220531999999999950e+00 -2.883535000000000167e-05
1.225532999999999983e+00 -3.059135999999999708e-05
1.230607999999999924e+00 -3.117671999999999718e-05
1.235616000000000048e+00 -2.883523000000000005e-05
1.240644999999999998e+00 -3.059135999999999708e-05
1.245311000000000057e+00 -3.000611000000000128e-05
1.250345000000000040e+00 -2.942062999999999956e-05
1.255382999999999916e+00 -3.059135999999999708e-05
1.260421000000000014e+00 -3.059135999999999708e-05
1.265436000000000005e+00 -3.059135999999999708e-05
1.270466000000000095e+00 -3.176215000000000218e-05
1.275522000000000045e+00 -3.059153000000000219e-05
1.280537999999999954e+00 -2.883525999999999876e-05
1.285584000000000060e+00 -3.117671999999999718e-05
1.290637999999999952e+00 -3.059138999999999918e-05
1.295671000000000017e+00 -3.234748000000000018e-05
1.301231999999999944e+00 -3.000607999999999918e-05
1.306068999999999924e+00 -2.766473000000000169e-05
1.311037999999999926e+00 -3.293278999999999678e-05
1.316132000000000080e+00 -3.059126999999999756e-05
1.321163000000000087e+00 -2.824989000000000135e-05
1.325870000000000104e+00 -2.942062999999999956e-05
1.330862999999999907e+00 -3.117669000000000186e-05
1.335854000000000097e+00 -2.883535000000000167e-05
1.340932000000000013e+00 -2.883549000000000130e-05
1.345963000000000021e+00 -3.059138999999999918e-05
1.351015999999999995e+00 -3.293290999999999840e-05
1.356049000000000060e+00 -3.176223000000000100e-05
1.361053000000000068e+00 -3.117703999999999923e-05
1.366096999999999895e+00 -2.942076999999999919e-05
1.371154999999999902e+00 -2.942062999999999956e-05
1.376168000000000058e+00 -2.942065000000000096e-05
1.380864000000000091e+00 -3.000598999999999966e-05
1.385947000000000040e+00 -2.942062999999999956e-05
1.390924999999999967e+00 -3.117674999999999928e-05
1.395934999999999926e+00 -3.000601999999999837e-05
1.400981999999999950e+00 -2.707933999999999949e-05
1.406009999999999982e+00 -2.824998000000000087e-05
1.411049999999999915e+00 -2.824986999999999995e-05
1.416055000000000064e+00 -3.059135999999999708e-05
1.421103000000000005e+00 -2.825000999999999958e-05
1.426117999999999997e+00 -3.117671999999999718e-05
1.431162000000000045e+00 -2.649393999999999998e-05
1.435859999999999914e+00 -2.707960000000000074e-05
1.440865000000000062e+00 -3.000616999999999870e-05
1.445901000000000103e+00 -2.883538000000000038e-05
1.450939999999999896e+00 -2.766458999999999867e-05
1.455991000000000035e+00 -2.649382999999999906e-05
1.461036999999999919e+00 -2.649400000000000079e-05
1.466080000000000050e+00 -2.649396999999999869e-05
1.471100000000000074e+00 -2.590870000000000149e-05
1.476148999999999933e+00 -2.473775999999999945e-05
1.481146999999999991e+00 -2.825018999999999862e-05
1.485859000000000041e+00 -2.649396999999999869e-05
1.490884000000000098e+00 -2.649393999999999998e-05
1.495927000000000007e+00 -2.590870000000000149e-05
1.501608000000000054e+00 -2.473790999999999978e-05
1.506637000000000004e+00 -2.473782000000000026e-05
1.511338999999999988e+00 -2.473784999999999897e-05
1.516690000000000094e+00 -2.415248000000000156e-05
1.521393999999999913e+00 -2.415251000000000027e-05
1.526399000000000061e+00 -2.298192999999999970e-05
1.531455000000000011e+00 -2.239655999999999890e-05
1.536491000000000051e+00 -2.122570999999999977e-05
1.541541999999999968e+00 -2.122579999999999928e-05
1.546564999999999968e+00 -2.005506999999999838e-05
1.551601999999999926e+00 -1.829903000000000088e-05
1.556629000000000040e+00 -2.181123000000000089e-05
1.561665999999999999e+00 -1.771383999999999912e-05
1.566348000000000074e+00 -1.654305000000000079e-05
1.571382999999999974e+00 -1.712832999999999869e-05
1.576448000000000071e+00 -1.127484999999999929e-05
1.581455999999999973e+00 -1.361625999999999929e-05
1.586516999999999955e+00 -1.478687000000000027e-05
1.591501000000000055e+00 -9.518757000000000113e-06
1.596524000000000054e+00 -1.010427000000000041e-05
1.601555999999999980e+00 -7.177354000000000095e-06
1.606560999999999906e+00 -6.006827000000000349e-06
1.611622000000000110e+00 -1.532608000000000008e-07
1.616651000000000060e+00 -1.909328000000000009e-06
1.621340999999999921e+00 1.602892999999999952e-06
1.626387000000000027e+00 8.041824999999999869e-06
1.631445999999999952e+00 8.041707999999999815e-06
1.636471000000000009e+00 2.033414999999999911e-05
1.641516999999999893e+00 1.799276999999999951e-05
1.646562000000000081e+00 2.091934000000000087e-05
1.651589999999999892e+00 3.145594000000000092e-05
1.656598000000000015e+00 3.204090000000000014e-05
1.661632999999999916e+00 4.140688999999999752e-05
1.666668999999999956e+00 4.784564999999999820e-05
1.671372000000000080e+00 6.130876000000000218e-05
1.676368999999999998e+00 6.365050999999999717e-05
1.681405000000000038e+00 7.184515999999999841e-05
1.686430000000000096e+00 8.589351999999999480e-05
1.691475999999999980e+00 9.642975000000000624e-05
1.696480999999999906e+00 1.198440999999999932e-04
1.701869999999999994e+00 1.274536999999999957e-04
1.706898999999999944e+00 1.444290000000000092e-04
1.711924000000000001e+00 1.614041999999999886e-04
1.716955000000000009e+00 1.830621999999999903e-04
1.721989999999999910e+00 2.058910000000000113e-04
1.727028999999999925e+00 2.287199000000000122e-04
1.732061999999999991e+00 2.556456000000000245e-04
1.737104999999999899e+00 2.808159999999999758e-04
1.742113000000000023e+00 3.100835999999999935e-04
1.747157999999999989e+00 3.452050999999999926e-04
1.751840000000000064e+00 3.797407999999999947e-04
1.756882999999999972e+00 4.207155000000000074e-04
1.761894000000000071e+00 4.611048999999999769e-04
1.766914000000000096e+00 5.050063000000000035e-04
1.771949999999999914e+00 5.571025999999999539e-04
1.776982000000000061e+00 6.062720000000000392e-04
1.782005000000000061e+00 6.636367000000000221e-04
1.787025000000000086e+00 7.198305999999999585e-04
1.792079999999999895e+00 7.871459999999999612e-04
1.797099000000000002e+00 8.532907999999999856e-04
1.802172000000000107e+00 9.293866999999999493e-04
1.806867000000000001e+00 1.001385000000000036e-03
1.811890999999999918e+00 1.080407000000000025e-03
1.816924999999999901e+00 1.168210000000000038e-03
1.821966999999999892e+00 1.257183999999999949e-03
1.826970999999999901e+00 1.354352999999999980e-03
1.832011999999999974e+00 1.457961000000000023e-03
1.837045999999999957e+00 1.562152000000000028e-03
1.842084999999999972e+00 1.677466999999999977e-03
1.847091000000000038e+00 1.793951999999999916e-03
1.852131999999999890e+00 1.916291000000000088e-03
1.857156999999999947e+00 2.043896999999999815e-03
1.861855999999999955e+00 2.167993000000000003e-03
1.866873000000000005e+00 2.305550999999999868e-03
1.871909999999999963e+00 2.447205999999999947e-03
1.876948999999999979e+00 2.593544000000000144e-03
1.881976000000000093e+00 2.743391999999999879e-03
1.887019999999999920e+00 2.897340999999999892e-03
1.892104999999999926e+00 3.062411000000000126e-03
1.897137000000000073e+00 3.225137999999999790e-03
1.902504999999999891e+00 3.406597999999999831e-03
1.907556999999999947e+00 3.583375000000000189e-03
1.912560999999999956e+00 3.757223000000000073e-03
1.917605000000000004e+00 3.940438000000000100e-03
1.922630999999999979e+00 4.128922999999999621e-03
1.927670999999999912e+00 4.317406999999999669e-03
1.932666999999999913e+00 4.512328999999999819e-03
1.937368999999999897e+00 4.697299000000000266e-03
1.942404999999999937e+00 4.899831000000000325e-03
1.947438000000000002e+00 5.105875000000000170e-03
1.952461999999999920e+00 5.314842999999999651e-03
1.957494000000000067e+00 5.529084000000000082e-03
1.962534000000000001e+00 5.745664999999999627e-03
1.967567999999999984e+00 5.964589000000000175e-03
1.972607999999999917e+00 6.188774000000000185e-03
1.977659999999999973e+00 6.418820999999999902e-03
1.982698000000000071e+00 6.644767999999999682e-03
1.987721000000000071e+00 6.875398999999999920e-03
1.992423999999999973e+00 7.093732000000000162e-03
1.997435000000000072e+00 7.327283999999999881e-03
2.002470000000000194e+00 7.566699999999999988e-03
2.007515999999999856e+00 7.806689999999999810e-03
2.012547000000000086e+00 8.046098999999999266e-03
2.017552999999999930e+00 8.289605999999999711e-03
2.022583000000000020e+00 8.538382000000000610e-03
2.027623000000000175e+00 8.788323000000000662e-03
2.032649999999999846e+00 9.039441000000000490e-03
2.037694000000000116e+00 9.289386999999999645e-03
2.042705999999999911e+00 9.543431999999999263e-03
2.047406000000000059e+00 9.781085999999999600e-03
2.052436999999999845e+00 1.003805999999999969e-02
2.057474000000000025e+00 1.029561000000000018e-02
2.062508999999999926e+00 1.055492000000000062e-02
2.067537999999999876e+00 1.081364999999999930e-02
2.072572000000000081e+00 1.107529999999999973e-02
2.077605000000000146e+00 1.133812000000000014e-02
2.082631000000000121e+00 1.160562000000000052e-02
2.087661999999999907e+00 1.187196000000000085e-02
2.092684000000000211e+00 1.213536999999999949e-02
2.097396999999999956e+00 1.238473000000000004e-02
2.103060999999999847e+00 1.268501000000000004e-02
2.108108999999999789e+00 1.295721000000000026e-02
2.113137000000000043e+00 1.322881000000000057e-02
2.118173999999999779e+00 1.349983000000000086e-02
2.123206000000000149e+00 1.377142999999999944e-02
2.127882000000000051e+00 1.402546999999999995e-02
2.132922000000000207e+00 1.430118000000000014e-02
2.137952999999999992e+00 1.457688000000000039e-02
2.143003999999999909e+00 1.485082000000000069e-02
2.148051999999999850e+00 1.512827999999999916e-02
2.153084000000000220e+00 1.540397999999999941e-02
2.158112000000000030e+00 1.567968999999999960e-02
2.163158000000000136e+00 1.595948000000000158e-02
2.168161000000000005e+00 1.623459999999999834e-02
2.173204000000000136e+00 1.651613999999999860e-02
2.177904999999999980e+00 1.677311000000000080e-02
2.182938000000000045e+00 1.705173999999999926e-02
2.187983000000000011e+00 1.733095999999999942e-02
2.192969000000000168e+00 1.761191999999999966e-02
2.198011000000000159e+00 1.789113000000000162e-02
2.203028000000000208e+00 1.817445000000000171e-02
2.208072000000000035e+00 1.845542000000000016e-02
2.213083999999999829e+00 1.873346000000000039e-02
2.218131000000000075e+00 1.901502000000000053e-02
2.223157000000000050e+00 1.930008999999999891e-02
2.228197999999999901e+00 1.958280999999999911e-02
2.232905999999999835e+00 1.984972999999999946e-02
2.237938000000000205e+00 2.012836000000000139e-02
2.242970000000000130e+00 2.040930999999999995e-02
2.247999000000000080e+00 2.069321000000000008e-02
2.253029999999999866e+00 2.097477000000000022e-02
2.258051000000000030e+00 2.125691000000000039e-02
2.263100999999999807e+00 2.154315000000000049e-02
2.268120999999999832e+00 2.182703999999999894e-02
2.273174000000000028e+00 2.211093999999999907e-02
2.278163999999999856e+00 2.239073999999999925e-02
2.283202999999999872e+00 2.267523000000000108e-02
2.287901000000000185e+00 2.294039000000000147e-02
2.292936000000000085e+00 2.322487000000000162e-02
2.297950000000000159e+00 2.350876000000000007e-02
2.303657999999999983e+00 2.382895000000000152e-02
2.308686999999999934e+00 2.411577999999999986e-02
2.313394000000000172e+00 2.438094000000000025e-02
2.318445999999999785e+00 2.466308000000000042e-02
2.323482999999999965e+00 2.494696999999999887e-02
2.328511000000000220e+00 2.522852999999999901e-02
2.333565000000000111e+00 2.551184000000000091e-02
2.338598999999999872e+00 2.579514999999999933e-02
2.343611000000000111e+00 2.607728999999999950e-02
2.348644000000000176e+00 2.636118000000000142e-02
2.353673000000000126e+00 2.664566000000000157e-02
2.358712999999999838e+00 2.692956000000000169e-02
2.363363999999999798e+00 2.719121000000000038e-02
2.368414000000000019e+00 2.747687000000000046e-02
2.373435000000000183e+00 2.775959000000000065e-02
2.378468999999999944e+00 2.804289999999999908e-02
2.383490000000000109e+00 2.832563000000000095e-02
2.388526000000000149e+00 2.861245999999999928e-02
2.393555999999999795e+00 2.889049000000000131e-02
2.398608999999999991e+00 2.917731999999999964e-02
2.403633999999999826e+00 2.946061999999999986e-02
2.408666999999999891e+00 2.974510000000000001e-02
2.413704000000000072e+00 3.003192999999999835e-02
2.418388000000000204e+00 3.029300000000000048e-02
2.423430999999999891e+00 3.057806000000000066e-02
2.428439000000000014e+00 3.086196000000000078e-02
2.433478000000000030e+00 3.114292999999999922e-02
2.438502999999999865e+00 3.142506999999999939e-02
2.443554999999999922e+00 3.170661999999999786e-02
2.448545000000000194e+00 3.198581999999999814e-02
2.453574000000000144e+00 3.226914000000000171e-02
2.458603000000000094e+00 3.255361999999999839e-02
2.463649999999999896e+00 3.283400999999999681e-02
2.468665000000000109e+00 3.311672999999999700e-02
2.473361000000000143e+00 3.337897000000000086e-02
2.478406999999999805e+00 3.366521000000000097e-02
2.483435000000000059e+00 3.394500000000000295e-02
2.488484000000000140e+00 3.422714999999999785e-02
2.493526000000000131e+00 3.450870000000000326e-02
2.498574000000000073e+00 3.479084000000000343e-02
2.503931000000000129e+00 3.508935999999999999e-02
2.508967999999999865e+00 3.537032999999999844e-02
2.513977999999999824e+00 3.565129999999999688e-02
2.519010000000000193e+00 3.593285999999999702e-02
2.524049999999999905e+00 3.621499999999999719e-02
2.529084999999999805e+00 3.649480000000000085e-02
2.534086999999999978e+00 3.677284000000000108e-02
2.539118999999999904e+00 3.705438999999999955e-02
2.544160999999999895e+00 3.733361999999999792e-02
2.549185000000000034e+00 3.761164000000000174e-02
2.553878999999999788e+00 3.787271999999999861e-02
2.558917000000000108e+00 3.815252000000000226e-02
2.563956000000000124e+00 3.843172999999999728e-02
2.568985000000000074e+00 3.870918999999999749e-02
2.574024000000000090e+00 3.899132000000000292e-02
2.579019999999999868e+00 3.926351000000000147e-02
2.584044000000000008e+00 3.954036999999999830e-02
2.589078000000000213e+00 3.981958000000000025e-02
2.594117999999999924e+00 4.009822999999999860e-02
2.599139999999999784e+00 4.037509999999999710e-02
2.603836999999999957e+00 4.063380999999999937e-02
2.608868000000000187e+00 4.091187999999999769e-02
2.613913000000000153e+00 4.118697999999999804e-02
2.618910000000000071e+00 4.146385999999999822e-02
2.623944999999999972e+00 4.173837999999999854e-02
2.628975000000000062e+00 4.201701000000000047e-02
2.634018000000000193e+00 4.229447000000000068e-02
2.639056000000000068e+00 4.256957000000000102e-02
2.644064000000000192e+00 4.284646000000000288e-02
2.649099000000000093e+00 4.312097000000000152e-02
2.654135000000000133e+00 4.339785000000000170e-02
2.658856000000000108e+00 4.365772999999999876e-02
2.663895000000000124e+00 4.393462000000000062e-02
2.668934999999999835e+00 4.420211999999999752e-02
2.673958999999999975e+00 4.447899999999999771e-02
2.679000999999999966e+00 4.475352999999999970e-02
2.684013000000000204e+00 4.502923000000000342e-02
2.689062999999999981e+00 4.530258000000000201e-02
2.694074000000000080e+00 4.557417999999999886e-02
2.699120000000000186e+00 4.585163999999999906e-02
2.704460000000000086e+00 4.614022000000000262e-02
2.709492000000000012e+00 4.641651000000000110e-02
2.714532999999999863e+00 4.668752999999999792e-02
2.719577000000000133e+00 4.696265000000000162e-02
2.724613999999999869e+00 4.723718999999999835e-02
2.729616000000000042e+00 4.750878000000000045e-02
2.734663999999999984e+00 4.778331999999999719e-02
2.739344000000000001e+00 4.803440999999999961e-02
2.744388999999999967e+00 4.830953999999999804e-02
2.749442000000000164e+00 4.858467000000000341e-02
2.754453999999999958e+00 4.885567999999999855e-02
2.759478000000000097e+00 4.912669000000000064e-02
2.764520000000000088e+00 4.939712999999999743e-02
2.769550999999999874e+00 4.967106999999999772e-02
2.774570999999999898e+00 4.994149999999999978e-02
2.779621000000000119e+00 5.021193000000000184e-02
2.784647000000000094e+00 5.048528000000000043e-02
2.789359999999999840e+00 5.073877000000000248e-02
2.794348999999999972e+00 5.100802000000000114e-02
2.799377999999999922e+00 5.127902000000000154e-02
2.804409000000000152e+00 5.154712000000000183e-02
2.809454000000000118e+00 5.181754000000000221e-02
2.814458000000000126e+00 5.208797999999999900e-02
2.819500000000000117e+00 5.235665999999999931e-02
2.824543999999999944e+00 5.262942999999999788e-02
2.829571000000000058e+00 5.947394999999999765e-02
2.834635000000000016e+00 5.985030999999999685e-02
2.839672000000000196e+00 6.018107999999999791e-02
2.844354000000000049e+00 6.048600999999999978e-02
2.849390000000000089e+00 6.080387999999999765e-02
2.854407000000000139e+00 6.111706000000000083e-02
2.859449000000000130e+00 6.143078999999999901e-02
2.864481000000000055e+00 6.174219000000000235e-02
2.869520000000000071e+00 6.205244000000000038e-02
2.874551999999999996e+00 6.236793000000000198e-02
2.879550000000000054e+00 6.267875000000000529e-02
2.884580000000000144e+00 6.299192000000000680e-02
2.889609000000000094e+00 6.330273999999999623e-02
2.894646999999999970e+00 6.361590000000000300e-02
2.899326999999999988e+00 6.390740000000000309e-02
2.905046000000000017e+00 6.426447999999999883e-02
2.910064000000000206e+00 6.456998999999999378e-02
2.915115000000000123e+00 6.488779999999999548e-02
2.920148999999999884e+00 6.519986999999999311e-02
2.924844000000000221e+00 6.548669999999999491e-02
2.929885000000000073e+00 6.579867999999999828e-02
2.934918999999999834e+00 6.611008999999999636e-02
2.939950000000000063e+00 6.641972999999999627e-02
2.944971999999999923e+00 6.672938999999999954e-02
2.950009000000000103e+00 6.703963000000000283e-02
2.955030999999999963e+00 6.735747000000000262e-02
2.960084999999999855e+00 6.768290999999999891e-02
2.965069999999999872e+00 6.799842999999999860e-02
2.970107000000000053e+00 6.831805000000000516e-02
2.975124999999999797e+00 6.863236000000000336e-02
2.979836000000000151e+00 6.892676999999999832e-02
2.984859000000000151e+00 6.924054999999999793e-02
2.989895999999999887e+00 6.955546999999999425e-02
2.994936000000000043e+00 6.986631000000000091e-02
2.999972999999999779e+00 7.017946999999999380e-02
