1.499959999999999960e+00 -3.294160999999999715e-05
1.506640999999999897e+00 -3.001483999999999874e-05
1.512348000000000026e+00 -3.469769999999999815e-05
1.519034999999999913e+00 -3.352688999999999843e-05
1.525034000000000001e+00 -3.235642000000000216e-05
1.531449000000000060e+00 -3.352705999999999677e-05
1.537496999999999892e+00 -3.177088000000000302e-05
1.543949000000000016e+00 -3.294183999999999969e-05
1.549932000000000087e+00 -3.352723000000000189e-05
1.556610000000000049e+00 -3.235642000000000216e-05
1.562673999999999896e+00 -3.411248000000000107e-05
1.569034000000000040e+00 -3.235624000000000312e-05
1.575086999999999904e+00 -3.294163999999999925e-05
1.581450999999999940e+00 -3.352717999999999839e-05
1.587420999999999971e+00 -3.469773000000000025e-05
1.593849999999999989e+00 -3.352696999999999725e-05
1.600565000000000015e+00 -3.469764000000000073e-05
1.606599000000000110e+00 -3.352696999999999725e-05
1.612964000000000064e+00 -3.118565999999999916e-05
1.619119999999999893e+00 -3.118580000000000218e-05
1.625377999999999989e+00 -3.060040999999999998e-05
1.631478999999999902e+00 -2.884431000000000167e-05
1.638169999999999904e+00 -3.060023000000000094e-05
1.644203999999999999e+00 -3.001494999999999966e-05
1.650536000000000003e+00 -2.708838999999999900e-05
1.656619999999999981e+00 -3.060044000000000208e-05
1.662944999999999895e+00 -2.591753999999999987e-05
1.669021000000000088e+00 -2.591762999999999939e-05
1.675362000000000018e+00 -2.533226999999999929e-05
1.681416999999999939e+00 -2.474684000000000107e-05
1.688115999999999950e+00 -2.240566999999999922e-05
1.694174000000000069e+00 -2.299097999999999921e-05
1.700528999999999957e+00 -2.006417999999999871e-05
1.706911000000000067e+00 -1.596676999999999892e-05
1.712949999999999973e+00 -1.245483999999999915e-05
1.719656999999999991e+00 -1.128402000000000043e-05
1.725375000000000103e+00 -5.430686999999999797e-06
1.732069999999999999e+00 -2.504064000000000154e-06
1.738091999999999970e+00 4.519941000000000200e-06
1.744477999999999973e+00 8.617439999999999269e-06
1.750517000000000101e+00 1.447077000000000003e-05
1.756907999999999914e+00 2.500685999999999998e-05
1.762898999999999994e+00 3.086018999999999904e-05
1.769619999999999971e+00 4.432307000000000049e-05
1.775646999999999975e+00 5.310310999999999715e-05
1.782024999999999970e+00 6.949263999999999539e-05
1.788052999999999892e+00 8.412615999999999822e-05
1.794427999999999912e+00 1.046129000000000026e-04
1.801152000000000086e+00 1.291972999999999971e-04
1.806875999999999927e+00 1.520252999999999893e-04
1.813577999999999912e+00 1.807067999999999891e-04
1.819623999999999908e+00 2.117297999999999934e-04
1.825987000000000027e+00 2.515333000000000130e-04
1.832022999999999957e+00 2.942630999999999914e-04
1.838397000000000059e+00 3.387487999999999914e-04
1.844454999999999956e+00 3.926000000000000019e-04
1.851121000000000016e+00 4.564022000000000261e-04
1.857154999999999889e+00 5.196183000000000052e-04
1.863540999999999892e+00 5.968834000000000119e-04
1.869560000000000111e+00 6.741482999999999504e-04
1.875947999999999949e+00 7.695586000000000353e-04
1.881984000000000101e+00 8.632124999999999824e-04
1.888417000000000012e+00 9.785251000000000886e-04
1.894462000000000090e+00 1.094422000000000060e-03
1.901175000000000059e+00 1.234903000000000086e-03
1.907556999999999947e+00 1.384164999999999918e-03
1.913577000000000083e+00 1.531084999999999955e-03
1.919960000000000111e+00 1.701419000000000022e-03
1.925991000000000009e+00 1.875265000000000092e-03
1.932671999999999946e+00 2.077793000000000088e-03
1.938382000000000049e+00 2.265685999999999829e-03
1.945089000000000068e+00 2.492798000000000062e-03
1.951152999999999915e+00 2.711714999999999959e-03
1.957495999999999903e+00 2.950532000000000068e-03
1.963535999999999948e+00 3.189350999999999992e-03
1.969918999999999976e+00 3.450997999999999826e-03
1.975986999999999938e+00 3.707375000000000167e-03
1.982696000000000014e+00 4.002387999999999953e-03
1.988745999999999903e+00 4.277498000000000238e-03
1.995120999999999922e+00 4.576606999999999897e-03
2.001472000000000140e+00 4.880396999999999860e-03
2.007515999999999856e+00 5.179505000000000046e-03
2.014238999999999891e+00 5.514905999999999975e-03
2.019902000000000086e+00 5.810499999999999693e-03
2.026631000000000071e+00 6.157598000000000238e-03
2.032659999999999911e+00 6.485397000000000384e-03
2.039017999999999997e+00 6.831333999999999670e-03
2.045062999999999853e+00 7.166732999999999784e-03
2.051429999999999865e+00 7.520861999999999686e-03
2.057482999999999951e+00 7.867384999999999309e-03
2.064198000000000199e+00 8.248435999999999615e-03
2.070243000000000055e+00 8.604913000000000492e-03
2.076607000000000092e+00 8.975431000000000728e-03
2.082640000000000047e+00 9.338924999999999657e-03
2.089014000000000149e+00 9.721152000000000265e-03
2.095041999999999849e+00 1.008699000000000054e-02
2.101445000000000007e+00 1.047799999999999947e-02
2.108115000000000183e+00 1.088890999999999991e-02
2.114135999999999793e+00 1.126528000000000078e-02
2.120525000000000215e+00 1.166623999999999960e-02
2.126548000000000105e+00 1.204494000000000051e-02
2.132928000000000157e+00 1.245000999999999920e-02
2.138978999999999964e+00 1.283983999999999993e-02
2.145716999999999874e+00 1.326890000000000014e-02
2.151410999999999962e+00 1.364057999999999937e-02
2.158113000000000170e+00 1.407080999999999957e-02
2.164163999999999977e+00 1.446884000000000017e-02
2.170520999999999923e+00 1.488326000000000059e-02
2.176587000000000049e+00 1.528362999999999944e-02
2.182945999999999831e+00 1.570625000000000146e-02
2.188956999999999820e+00 1.610251999999999864e-02
2.195657999999999888e+00 1.655030999999999863e-02
2.202036000000000104e+00 1.697291999999999898e-02
2.208079000000000125e+00 1.738090000000000121e-02
2.214447999999999972e+00 1.780643999999999977e-02
2.220479999999999787e+00 1.821383999999999850e-02
2.227186999999999806e+00 1.866454999999999850e-02
2.232905000000000140e+00 1.905497999999999914e-02
2.239621999999999780e+00 1.950626999999999917e-02
2.245652999999999899e+00 1.992245000000000127e-02
2.252040000000000042e+00 2.035736000000000143e-02
2.258058999999999816e+00 2.076942999999999845e-02
2.264426999999999968e+00 2.120549999999999866e-02
2.270471000000000128e+00 2.161700000000000080e-02
2.277163999999999966e+00 2.207063999999999901e-02
2.283196999999999921e+00 2.248446999999999946e-02
2.289569000000000187e+00 2.291937999999999961e-02
2.295627000000000084e+00 2.333379999999999829e-02
2.301972000000000129e+00 2.376636999999999847e-02
2.308691000000000049e+00 2.422937999999999828e-02
2.314401999999999848e+00 2.462624000000000063e-02
2.321133000000000113e+00 2.508747999999999881e-02
2.327176000000000133e+00 2.550774999999999917e-02
2.333559000000000161e+00 2.594323999999999936e-02
2.339583999999999886e+00 2.636410999999999963e-02
2.345956000000000152e+00 2.680721000000000145e-02
2.351996000000000198e+00 2.722689000000000012e-02
2.358711000000000002e+00 2.768989000000000172e-02
2.364381999999999984e+00 2.808967000000000061e-02
2.371103999999999878e+00 2.855328000000000033e-02
2.377127999999999908e+00 2.897413000000000072e-02
2.383490999999999804e+00 2.941898999999999903e-02
2.389539000000000080e+00 2.983985000000000110e-02
2.395913999999999877e+00 3.028236999999999943e-02
2.402645000000000142e+00 3.075297999999999921e-02
2.408672999999999842e+00 3.117032999999999957e-02
2.415032000000000068e+00 3.161284000000000316e-02
2.421072000000000113e+00 3.203721999999999820e-02
2.427445000000000075e+00 3.248030999999999835e-02
2.433478000000000030e+00 3.290173999999999876e-02
2.440198000000000089e+00 3.336886000000000019e-02
2.445920000000000094e+00 3.376923999999999898e-02
2.452573999999999810e+00 3.423281999999999714e-02
2.458614999999999995e+00 3.465719999999999912e-02
2.464998000000000022e+00 3.510495000000000282e-02
2.471017999999999937e+00 3.552348000000000311e-02
2.477397999999999989e+00 3.596951999999999788e-02
2.483442000000000149e+00 3.638628000000000001e-02
2.490172999999999970e+00 3.686099000000000320e-02
2.495887000000000189e+00 3.726604000000000028e-02
2.502597999999999878e+00 3.773371999999999837e-02
2.508970000000000145e+00 3.818209000000000186e-02
2.514991999999999894e+00 3.860235000000000055e-02
2.521703000000000028e+00 3.906537000000000204e-02
2.527411999999999992e+00 3.946397000000000099e-02
2.534088000000000118e+00 3.992757999999999724e-02
2.540137999999999785e+00 4.035020000000000273e-02
2.546494000000000035e+00 4.078392000000000128e-02
2.552557999999999883e+00 4.121182000000000317e-02
2.558917000000000108e+00 4.165023999999999810e-02
2.564954000000000178e+00 4.206700000000000023e-02
2.571676000000000073e+00 4.251711999999999853e-02
2.577342999999999940e+00 4.291339999999999738e-02
2.584045999999999843e+00 4.338517000000000068e-02
2.590082000000000217e+00 4.380777999999999756e-02
2.596461000000000130e+00 4.424854999999999761e-02
2.602828000000000142e+00 4.468404000000000126e-02
2.608867000000000047e+00 4.510138999999999815e-02
2.615591000000000221e+00 4.556146999999999975e-02
2.621595999999999815e+00 4.597413999999999668e-02
2.627991999999999884e+00 4.640964000000000200e-02
2.634021999999999863e+00 4.682462999999999903e-02
2.640375000000000139e+00 4.726131000000000082e-02
2.646418000000000159e+00 4.767338000000000131e-02
2.653122999999999898e+00 4.812993000000000132e-02
2.658856999999999804e+00 4.852387999999999840e-02
2.665589000000000208e+00 4.897983999999999671e-02
2.671631000000000089e+00 4.939774999999999722e-02
2.677998999999999796e+00 4.983266000000000084e-02
2.684022999999999826e+00 5.024358999999999770e-02
2.690406999999999993e+00 5.067674999999999957e-02
2.696441999999999783e+00 5.108649999999999997e-02
2.703174999999999883e+00 5.154482999999999981e-02
2.709503000000000217e+00 5.197150999999999854e-02
2.715542999999999818e+00 5.236895999999999912e-02
2.721925000000000150e+00 5.279684999999999934e-02
2.727952999999999850e+00 5.321772000000000308e-02
2.734668999999999794e+00 5.367894000000000138e-02
2.740359999999999907e+00 5.406466000000000049e-02
2.747078999999999827e+00 5.451832000000000206e-02
2.753114000000000061e+00 5.492865999999999721e-02
2.759487000000000023e+00 5.535889000000000087e-02
2.765544999999999920e+00 5.576802000000000148e-02
2.771885000000000154e+00 5.619235999999999676e-02
2.777937999999999796e+00 5.660037999999999875e-02
2.784644999999999815e+00 5.705343000000000220e-02
2.790329999999999977e+00 5.743975999999999943e-02
2.797032000000000185e+00 5.788636999999999949e-02
2.803399000000000196e+00 5.831247999999999987e-02
2.809454000000000118e+00 5.871930000000000205e-02
2.815811000000000064e+00 5.914484999999999881e-02
2.821874000000000215e+00 5.955401999999999918e-02
2.828583000000000069e+00 5.999945000000000278e-02
2.834640999999999966e+00 6.040684999999999805e-02
2.841012000000000093e+00 6.082946000000000186e-02
2.847049999999999859e+00 6.123336000000000057e-02
2.853444999999999787e+00 6.165829999999999922e-02
2.859462000000000170e+00 6.205866000000000160e-02
2.866166999999999909e+00 6.250585999999999642e-02
2.871869999999999923e+00 6.288277999999999923e-02
2.878549000000000024e+00 6.332706999999999919e-02
2.884587999999999930e+00 6.372571999999999959e-02
2.890976000000000212e+00 6.414894000000000152e-02
2.897009000000000167e+00 6.454867999999999717e-02
2.903366999999999809e+00 6.497126999999999764e-02
2.910076000000000107e+00 6.541558999999999569e-02
2.916132999999999864e+00 6.581480000000000663e-02
2.922505999999999826e+00 6.623331000000000357e-02
2.928555999999999937e+00 6.663368999999999542e-02
2.934921999999999809e+00 6.705569000000000113e-02
2.940951999999999789e+00 6.746546999999999961e-02
2.947661999999999782e+00 6.791265000000000496e-02
2.953377999999999837e+00 6.828961000000000059e-02
2.960093000000000085e+00 6.873326999999999909e-02
2.966095000000000148e+00 6.913307999999999953e-02
2.972461000000000020e+00 6.955097000000000362e-02
2.978502000000000205e+00 6.994728999999999530e-02
2.984869000000000216e+00 7.036580000000000612e-02
2.990918000000000188e+00 7.076150999999999969e-02
2.997628999999999877e+00 7.120340999999999476e-02
3.004020999999999830e+00 7.161784999999999679e-02
3.010063999999999851e+00 7.201296000000000086e-02
3.016450999999999993e+00 7.242912999999999435e-02
3.022486999999999924e+00 7.281836999999999338e-02
3.028837999999999919e+00 7.323688000000000420e-02
3.034889000000000170e+00 7.363318000000000640e-02
3.041600999999999999e+00 7.407627999999999435e-02
3.047616000000000103e+00 7.447196000000000371e-02
3.053999999999999826e+00 7.488988000000000589e-02
3.060029000000000110e+00 7.528495000000000326e-02
3.066406999999999883e+00 7.570411000000000501e-02
3.072426999999999797e+00 7.609744999999999704e-02
3.079155000000000086e+00 7.653292999999999902e-02
3.084856999999999960e+00 7.690751999999999311e-02
3.091565999999999814e+00 7.734243999999999841e-02
3.097599000000000213e+00 7.773639999999999717e-02
3.103969000000000200e+00 7.815431999999999935e-02
3.110357000000000038e+00 7.856406000000000500e-02
3.116372000000000142e+00 7.895446999999999882e-02
3.123083999999999971e+00 7.938936000000000603e-02
3.129135000000000222e+00 7.978333999999999426e-02
3.135470000000000201e+00 8.019189999999999652e-02
3.141509999999999803e+00 8.058173999999999892e-02
3.147895000000000110e+00 8.099264000000000463e-02
3.153944000000000081e+00 8.138362000000000374e-02
3.160626000000000158e+00 8.181502000000000219e-02
3.166328000000000031e+00 8.218321000000000653e-02
3.173049999999999926e+00 8.261696000000000317e-02
3.179105999999999987e+00 8.300618999999999359e-02
3.185496000000000105e+00 8.341827000000000270e-02
3.191523000000000110e+00 8.380693000000000170e-02
3.197886000000000006e+00 8.421956999999999360e-02
3.204591999999999885e+00 8.465272999999999548e-02
3.210639000000000021e+00 8.504432000000000658e-02
3.217029999999999834e+00 8.545466999999999647e-02
3.223037999999999847e+00 8.583981999999999724e-02
3.229408999999999974e+00 8.624895000000000478e-02
3.235438999999999954e+00 8.663413000000000364e-02
3.241807000000000105e+00 8.703919000000000239e-02
3.247844000000000175e+00 8.742903000000000480e-02
3.254560000000000120e+00 8.785982999999999987e-02
3.260632999999999893e+00 8.824732000000000409e-02
3.267046000000000117e+00 8.866058000000000272e-02
3.273083000000000187e+00 8.905042000000000513e-02
3.279468000000000050e+00 8.945954000000000406e-02
3.285483999999999849e+00 8.984996000000000649e-02
3.292196000000000122e+00 9.028020000000000489e-02
3.297899000000000136e+00 9.582570999999999450e-02
3.304631999999999792e+00 9.648592999999999753e-02
3.310956000000000010e+00 9.698228999999999878e-02
3.317009000000000096e+00 9.743066999999999700e-02
3.323379000000000083e+00 9.787782000000000426e-02
3.329391999999999907e+00 9.829925000000000468e-02
3.336123000000000172e+00 9.878863000000000227e-02
3.342163000000000217e+00 9.923294000000000559e-02
3.348568000000000211e+00 9.969888000000000361e-02
3.354607999999999812e+00 1.001284999999999953e-01
3.360977000000000103e+00 1.005915000000000004e-01
3.367021999999999959e+00 1.010474999999999984e-01
3.373727999999999838e+00 1.015375000000000028e-01
3.379430000000000156e+00 1.019612000000000018e-01
3.386136000000000035e+00 1.024371000000000032e-01
3.392154999999999809e+00 1.028707999999999984e-01
3.398518999999999846e+00 1.033198000000000033e-01
3.404885999999999857e+00 1.037711000000000050e-01
3.410966999999999860e+00 1.041954999999999965e-01
3.417651999999999912e+00 1.046654999999999947e-01
3.423684000000000172e+00 1.050957000000000002e-01
3.430057000000000134e+00 1.055428999999999951e-01
3.436100999999999850e+00 1.059684999999999933e-01
3.442470999999999837e+00 1.064115000000000061e-01
3.448519999999999808e+00 1.068371000000000043e-01
3.454896000000000189e+00 1.072802000000000061e-01
3.460907000000000178e+00 1.076981000000000049e-01
3.467619000000000007e+00 1.081652000000000030e-01
3.473669999999999813e+00 1.085855000000000015e-01
3.480001999999999818e+00 1.090256000000000003e-01
3.486072000000000060e+00 1.094482999999999984e-01
3.492424000000000195e+00 1.098959999999999937e-01
3.498461999999999961e+00 1.103227999999999986e-01
3.505160000000000053e+00 1.107887000000000038e-01
3.511547000000000196e+00 1.112370000000000025e-01
3.517592000000000052e+00 1.116631000000000012e-01
3.523991000000000096e+00 1.121097000000000066e-01
3.530034999999999812e+00 1.125347000000000014e-01
3.536404000000000103e+00 1.129808000000000062e-01
3.542434000000000083e+00 1.134022999999999975e-01
3.549150000000000027e+00 1.138775000000000065e-01
3.555180000000000007e+00 1.143012999999999946e-01
3.561566000000000010e+00 1.147495999999999933e-01
3.567566999999999933e+00 1.151693000000000022e-01
3.573935000000000084e+00 1.156187999999999938e-01
3.579998999999999931e+00 1.160473999999999950e-01
3.586692000000000213e+00 1.165168000000000037e-01
3.592388000000000137e+00 1.169213000000000058e-01
3.599098000000000130e+00 1.173953999999999970e-01
3.605515000000000025e+00 1.178479000000000054e-01
3.611524000000000179e+00 1.182727999999999974e-01
3.617890000000000050e+00 1.187234999999999957e-01
3.623934000000000211e+00 1.191477999999999982e-01
3.630622999999999934e+00 1.196220999999999951e-01
3.636677000000000159e+00 1.200510999999999939e-01
3.643070999999999948e+00 1.205012000000000028e-01
3.649074000000000151e+00 1.209303000000000045e-01
3.655431999999999793e+00 1.213792000000000065e-01
3.661468999999999863e+00 1.218082999999999944e-01
3.667854999999999865e+00 1.222601999999999994e-01
3.673883000000000010e+00 1.226862999999999981e-01
3.680610000000000159e+00 1.231575000000000031e-01
3.686640000000000139e+00 1.235860000000000014e-01
3.693038000000000043e+00 1.240360999999999964e-01
3.699082000000000203e+00 1.244598999999999983e-01
3.705445000000000100e+00 1.249112000000000000e-01
3.712177000000000060e+00 1.253858999999999946e-01
3.718201999999999785e+00 1.258179000000000103e-01
3.724562999999999846e+00 1.262674000000000019e-01
3.730605000000000171e+00 1.266934999999999867e-01
3.736966999999999928e+00 1.271372000000000058e-01
3.742996000000000212e+00 1.275598000000000010e-01
3.749366999999999894e+00 1.280029000000000028e-01
3.755430000000000046e+00 1.284144000000000119e-01
3.762103999999999893e+00 1.288710000000000133e-01
3.768135000000000012e+00 1.292801000000000089e-01
3.774548999999999932e+00 1.297097999999999862e-01
3.780561000000000060e+00 1.301124999999999921e-01
3.786942999999999948e+00 1.305421999999999971e-01
3.792982999999999993e+00 1.309442000000000106e-01
3.799671000000000021e+00 1.313912999999999887e-01
3.806052000000000213e+00 1.318151999999999935e-01
3.812100000000000044e+00 1.322149999999999992e-01
3.818474999999999842e+00 1.326371000000000078e-01
3.824469000000000118e+00 1.330321999999999893e-01
3.830865999999999882e+00 1.334552999999999989e-01
3.836898000000000142e+00 1.338486999999999871e-01
3.843595999999999790e+00 1.342870999999999926e-01
3.849651999999999852e+00 1.346804000000000057e-01
3.855999999999999872e+00 1.350889999999999869e-01
3.862073000000000089e+00 1.354864000000000068e-01
3.868484000000000034e+00 1.359020999999999979e-01
3.874511000000000038e+00 1.362931000000000004e-01
3.880862000000000034e+00 1.367028000000000132e-01
3.886896000000000129e+00 1.370919999999999916e-01
3.893609000000000098e+00 1.375229000000000035e-01
3.899650999999999978e+00 1.379080000000000028e-01
3.906025000000000080e+00 1.383129999999999915e-01
3.912370000000000125e+00 1.387210000000000110e-01
3.918407999999999891e+00 1.391051000000000093e-01
3.925127999999999950e+00 1.395365000000000077e-01
3.931138999999999939e+00 1.399146000000000001e-01
3.937546000000000213e+00 1.403236999999999957e-01
3.943595999999999879e+00 1.407053000000000054e-01
3.949936000000000114e+00 1.411040000000000072e-01
3.955963999999999814e+00 1.414837999999999929e-01
3.962353999999999932e+00 1.418882999999999950e-01
3.968395000000000117e+00 1.422693999999999903e-01
3.975089000000000095e+00 1.426908000000000065e-01
3.981145000000000156e+00 1.430677999999999950e-01
3.987490000000000201e+00 1.434633999999999909e-01
3.993504999999999860e+00 1.438380999999999965e-01
3.999902000000000069e+00 1.442365999999999926e-01
