1.000135999999999914e+00 -2.352498000000000122e-05
1.005181000000000102e+00 -2.469594000000000127e-05
1.009862999999999955e+00 -2.176865000000000036e-05
1.014904000000000028e+00 -2.235407000000000127e-05
1.019933999999999896e+00 -2.293946000000000009e-05
1.024956999999999896e+00 -2.235412999999999870e-05
1.029992999999999936e+00 -2.411043000000000084e-05
1.035034999999999927e+00 -2.059780000000000123e-05
1.040086999999999984e+00 -2.352494999999999912e-05
1.045112000000000041e+00 -2.293961000000000041e-05
1.050154999999999950e+00 -2.293957999999999832e-05
1.055150999999999950e+00 -2.118325000000000085e-05
1.059857000000000049e+00 -2.293957999999999832e-05
1.064880999999999966e+00 -2.411039999999999874e-05
1.069925999999999933e+00 -2.235401000000000047e-05
1.074918000000000040e+00 -2.059794000000000086e-05
1.079965999999999982e+00 -2.411052000000000036e-05
1.084978999999999916e+00 -2.469584999999999836e-05
1.090022999999999964e+00 -2.293957999999999832e-05
1.095050000000000079e+00 -2.293963999999999913e-05
1.100416999999999978e+00 -2.293963999999999913e-05
1.105442999999999953e+00 -2.293957999999999832e-05
1.110495000000000010e+00 -2.293963999999999913e-05
1.115547000000000066e+00 -2.352499999999999923e-05
1.120584000000000024e+00 -2.118340000000000118e-05
1.125609000000000082e+00 -2.118340000000000118e-05
1.130643000000000065e+00 -2.176881999999999870e-05
1.135688000000000031e+00 -2.352506000000000004e-05
1.140357999999999983e+00 -2.235422000000000160e-05
1.145396000000000081e+00 -2.293963999999999913e-05
1.150414000000000048e+00 -2.235423999999999961e-05
1.155469000000000079e+00 -2.411052000000000036e-05
1.160468999999999973e+00 -2.235422000000000160e-05
1.165499000000000063e+00 -2.176881999999999870e-05
1.170538000000000078e+00 -2.293967000000000122e-05
1.175575000000000037e+00 -2.235423999999999961e-05
1.180576000000000070e+00 -2.352514999999999956e-05
1.185616999999999921e+00 -2.235436000000000123e-05
1.190633000000000052e+00 -2.352529999999999988e-05
1.195348000000000077e+00 -2.293969999999999993e-05
1.200404000000000027e+00 -2.469608000000000090e-05
1.205460999999999894e+00 -2.352527000000000117e-05
1.210499999999999909e+00 -2.176905000000000124e-05
1.215530999999999917e+00 -2.235436000000000123e-05
1.220580999999999916e+00 -2.293977999999999875e-05
1.225578000000000056e+00 -2.176900000000000113e-05
1.230625999999999998e+00 -2.293983999999999956e-05
1.235649999999999915e+00 -2.352529999999999988e-05
1.240685000000000038e+00 -2.176905000000000124e-05
1.245362000000000080e+00 -2.176900000000000113e-05
1.250394000000000005e+00 -2.118356999999999952e-05
1.255419000000000063e+00 -2.352521000000000036e-05
1.260464999999999947e+00 -2.118365999999999904e-05
1.265487000000000029e+00 -2.118363000000000033e-05
1.270518999999999954e+00 -2.001278000000000120e-05
1.275560000000000027e+00 -2.176907999999999995e-05
1.280575999999999937e+00 -2.235445000000000075e-05
1.285625000000000018e+00 -2.352529999999999988e-05
1.290694999999999926e+00 -2.293983999999999956e-05
1.295724000000000098e+00 -2.059838000000000115e-05
1.301090000000000080e+00 -2.118365999999999904e-05
1.306130000000000013e+00 -2.118371999999999985e-05
1.311142000000000030e+00 -1.942747999999999852e-05
1.316181999999999963e+00 -2.176929000000000109e-05
1.321212999999999971e+00 -2.294001999999999860e-05
1.325911999999999979e+00 -2.294005000000000070e-05
1.330915999999999988e+00 -2.176910999999999866e-05
1.335944999999999938e+00 -2.235461999999999909e-05
1.340977000000000086e+00 -2.294005000000000070e-05
1.346020999999999912e+00 -2.235459000000000038e-05
1.351058000000000092e+00 -2.235470999999999861e-05
1.356068000000000051e+00 -2.411094999999999994e-05
1.361107000000000067e+00 -2.176920000000000157e-05
1.366122999999999976e+00 -2.118380999999999937e-05
1.371173999999999893e+00 -2.176920000000000157e-05
1.376211000000000073e+00 -2.059834999999999905e-05
1.380916000000000032e+00 -2.352547000000000161e-05
1.385941000000000090e+00 -2.176929000000000109e-05
1.390976999999999908e+00 -2.176929000000000109e-05
1.395990999999999982e+00 -2.352550000000000032e-05
1.401029000000000080e+00 -2.294012999999999952e-05
1.406058000000000030e+00 -2.176931999999999980e-05
1.411094000000000070e+00 -2.294025000000000114e-05
1.416107000000000005e+00 -2.118389000000000158e-05
1.421138999999999930e+00 -2.176934999999999851e-05
1.426179000000000086e+00 -2.235494000000000115e-05
1.431299000000000099e+00 -2.176945999999999943e-05
1.435913999999999913e+00 -2.118403999999999852e-05
1.440919999999999979e+00 -2.176939999999999862e-05
1.445956999999999937e+00 -2.118392000000000029e-05
1.450987000000000027e+00 -1.942771000000000106e-05
1.456029999999999935e+00 -2.059849999999999938e-05
1.461095000000000033e+00 -2.176934999999999851e-05
1.466126000000000040e+00 -2.001307000000000116e-05
1.471160999999999941e+00 -1.884229000000000015e-05
1.476186999999999916e+00 -2.411103999999999946e-05
1.481200000000000072e+00 -2.235496999999999986e-05
1.485905999999999949e+00 -2.059856000000000019e-05
1.490933999999999982e+00 -2.176949000000000153e-05
1.495970999999999940e+00 -2.118400999999999981e-05
1.501662999999999970e+00 -2.118407000000000062e-05
1.506683999999999912e+00 -2.059863999999999901e-05
1.511384000000000061e+00 -2.059861000000000030e-05
1.516410999999999953e+00 -2.118413000000000143e-05
1.521447999999999912e+00 -2.001338999999999983e-05
1.526453000000000060e+00 -2.294036999999999937e-05
1.531504999999999894e+00 -2.001327999999999891e-05
1.536539000000000099e+00 -2.001318999999999939e-05
1.541571000000000025e+00 -2.118407000000000062e-05
1.546613000000000016e+00 -2.001327999999999891e-05
1.551644000000000023e+00 -2.059885000000000015e-05
1.556680999999999981e+00 -2.176960999999999976e-05
1.561722000000000055e+00 -1.767158000000000064e-05
1.566394000000000064e+00 -1.884245999999999849e-05
1.571442999999999923e+00 -1.825706999999999967e-05
1.576475000000000071e+00 -1.942791000000000149e-05
1.581504000000000021e+00 -1.884255000000000139e-05
1.586545000000000094e+00 -1.767173000000000097e-05
1.591547000000000045e+00 -1.767175999999999968e-05
1.596568999999999905e+00 -1.884255000000000139e-05
1.601610999999999896e+00 -1.884258000000000010e-05
1.606648999999999994e+00 -1.708644999999999969e-05
1.611660000000000093e+00 -1.591542999999999883e-05
1.616703000000000001e+00 -1.591546000000000093e-05
1.621394999999999920e+00 -1.650102999999999878e-05
1.626425000000000010e+00 -1.591580999999999831e-05
1.631496999999999975e+00 -1.415930000000000011e-05
1.636530000000000040e+00 -1.357400000000000082e-05
1.641561999999999966e+00 -1.181766999999999997e-05
1.646600999999999981e+00 -1.181784000000000000e-05
1.651642999999999972e+00 -9.476120000000000338e-06
1.656649000000000038e+00 -7.134483999999999606e-06
1.661678999999999906e+00 -8.890724999999999483e-06
1.666720999999999897e+00 -5.963548999999999609e-06
1.671418000000000070e+00 -5.378154999999999840e-06
1.676417999999999964e+00 -1.280218999999999931e-06
1.681451999999999947e+00 1.646637000000000003e-06
1.686484000000000094e+00 4.573754000000000154e-06
1.691521999999999970e+00 2.817337999999999893e-06
1.696541999999999994e+00 9.842479000000000264e-06
1.701902999999999944e+00 1.276936000000000068e-05
1.706941000000000042e+00 1.569645000000000114e-05
1.711975000000000025e+00 2.330687000000000001e-05
1.717006000000000032e+00 2.740459999999999847e-05
1.722050000000000081e+00 3.267332999999999978e-05
1.727082000000000006e+00 3.911287000000000081e-05
1.732118000000000047e+00 5.082114000000000314e-05
1.737155000000000005e+00 5.667537000000000079e-05
1.742161000000000071e+00 6.721258999999999339e-05
1.747203000000000062e+00 7.716470000000000338e-05
1.751894999999999980e+00 8.828743000000000658e-05
1.756934999999999913e+00 1.017521000000000045e-04
1.761938000000000004e+00 1.193142999999999971e-04
1.766968000000000094e+00 1.316078000000000039e-04
1.771997999999999962e+00 1.515118999999999884e-04
1.777025999999999994e+00 1.720012999999999891e-04
1.782059999999999977e+00 1.983448000000000123e-04
1.787085999999999952e+00 2.223469000000000107e-04
1.792116999999999960e+00 2.492754999999999819e-04
1.797158000000000033e+00 2.785460000000000128e-04
1.802224000000000048e+00 3.124997000000000126e-04
1.806923000000000057e+00 3.482100999999999816e-04
1.811960999999999933e+00 3.874330000000000157e-04
1.816990000000000105e+00 4.301679999999999783e-04
1.822016999999999998e+00 4.740734000000000137e-04
1.827034000000000047e+00 5.250043000000000244e-04
1.832063999999999915e+00 5.823742999999999715e-04
1.837104000000000070e+00 6.420866999999999590e-04
1.842138000000000053e+00 7.076524000000000486e-04
1.847140999999999922e+00 7.761454000000000313e-04
1.852173999999999987e+00 8.540054999999999738e-04
1.857209000000000110e+00 9.324507999999999798e-04
1.861906999999999979e+00 1.013823000000000068e-03
1.866930999999999896e+00 1.105733000000000020e-03
1.871963999999999961e+00 1.204081999999999982e-03
1.876997999999999944e+00 1.309456000000000075e-03
1.882023999999999919e+00 1.422440000000000076e-03
1.887065999999999910e+00 1.540693000000000097e-03
1.892165000000000097e+00 1.667726999999999925e-03
1.897194999999999965e+00 1.801787000000000007e-03
1.902563000000000004e+00 1.952238000000000020e-03
1.907604000000000077e+00 2.099175999999999907e-03
1.912619999999999987e+00 2.254309999999999821e-03
1.917661000000000060e+00 2.417053000000000170e-03
1.922684999999999977e+00 2.584480000000000111e-03
1.927723000000000075e+00 2.762445999999999999e-03
1.932724000000000109e+00 2.946265999999999902e-03
1.937424000000000035e+00 3.124230999999999883e-03
1.942458000000000018e+00 3.318587999999999920e-03
1.947489999999999943e+00 3.518798999999999972e-03
1.952514000000000083e+00 3.726034000000000030e-03
1.957548000000000066e+00 3.939708999999999572e-03
1.962590999999999974e+00 4.156894999999999861e-03
1.967611999999999917e+00 4.381692999999999873e-03
1.972658000000000023e+00 4.608832999999999680e-03
1.977714999999999890e+00 4.844165999999999576e-03
1.982750999999999930e+00 5.084772000000000423e-03
1.987780000000000102e+00 5.327133999999999862e-03
1.992480999999999947e+00 5.555441999999999846e-03
1.997500999999999971e+00 5.808927000000000188e-03
2.002534999999999954e+00 6.064164999999999833e-03
2.007572000000000134e+00 6.325258000000000269e-03
2.012601000000000084e+00 6.586352000000000179e-03
2.017612000000000183e+00 6.852712000000000386e-03
2.022641999999999829e+00 7.127271000000000127e-03
2.027680999999999845e+00 7.400071999999999726e-03
2.032709000000000099e+00 7.676971999999999789e-03
2.037757000000000041e+00 7.956797999999999302e-03
2.042759999999999909e+00 8.238966999999999818e-03
2.047458999999999918e+00 8.506500000000000172e-03
2.052493000000000123e+00 8.798619000000000578e-03
2.057532000000000139e+00 9.088396999999999795e-03
2.062577000000000105e+00 9.384030999999999276e-03
2.067607999999999890e+00 9.679075999999999999e-03
2.072632000000000030e+00 9.976462999999999651e-03
2.077669000000000210e+00 1.027911999999999923e-02
2.082689999999999930e+00 1.058119000000000073e-02
2.087715000000000209e+00 1.088502000000000046e-02
2.092757000000000200e+00 1.119529000000000010e-02
2.097459000000000184e+00 1.148448000000000004e-02
2.103132000000000001e+00 1.183279999999999922e-02
2.108172000000000157e+00 1.214658000000000057e-02
2.113204000000000082e+00 1.246212000000000014e-02
2.118236000000000008e+00 1.277589999999999976e-02
2.123266999999999793e+00 1.309494999999999930e-02
2.127949999999999786e+00 1.339057999999999915e-02
2.132985000000000131e+00 1.371021000000000045e-02
2.138011999999999802e+00 1.403042999999999998e-02
2.143060999999999883e+00 1.435181999999999951e-02
2.148108999999999824e+00 1.468141000000000064e-02
2.153141000000000194e+00 1.501041000000000007e-02
2.158183000000000185e+00 1.534057999999999949e-02
2.163218000000000085e+00 1.567309999999999884e-02
2.168220999999999954e+00 1.599741000000000010e-02
2.173268000000000200e+00 1.632932999999999954e-02
2.177974999999999994e+00 1.664136000000000087e-02
2.183003999999999944e+00 1.696860999999999856e-02
2.188056000000000001e+00 1.729819000000000148e-02
2.193038000000000043e+00 1.762895000000000087e-02
2.198078999999999894e+00 1.796087999999999851e-02
2.203088000000000157e+00 1.828928999999999971e-02
2.208130999999999844e+00 1.862296999999999911e-02
2.213150999999999868e+00 1.895782999999999843e-02
2.218201999999999785e+00 1.929151000000000130e-02
2.223215999999999859e+00 1.962461000000000066e-02
2.228260999999999825e+00 1.996122999999999995e-02
2.232969999999999899e+00 2.027676000000000131e-02
2.237995000000000179e+00 2.060926000000000077e-02
2.243033000000000055e+00 2.094704999999999831e-02
2.248073999999999906e+00 2.128013999999999947e-02
2.253092999999999790e+00 2.161851999999999871e-02
2.258122999999999880e+00 2.195336999999999983e-02
2.263149999999999995e+00 2.228998000000000090e-02
2.268178999999999945e+00 2.262952000000000019e-02
2.273235999999999812e+00 2.296731000000000120e-02
2.278240999999999961e+00 2.330391999999999880e-02
2.283266999999999936e+00 2.364404000000000158e-02
2.287964000000000109e+00 2.396132000000000123e-02
2.292997999999999870e+00 2.429794000000000051e-02
2.298013999999999779e+00 2.463513000000000161e-02
2.303720000000000212e+00 2.502149999999999860e-02
2.308759999999999923e+00 2.536278999999999964e-02
2.313464000000000187e+00 2.568360999999999908e-02
2.318522999999999890e+00 2.602372999999999839e-02
2.323548999999999864e+00 2.636325999999999947e-02
2.328575999999999979e+00 2.670279999999999876e-02
2.333626000000000200e+00 2.704410000000000147e-02
2.338677999999999813e+00 2.738480999999999901e-02
2.343674000000000035e+00 2.772376000000000007e-02
2.348708999999999936e+00 2.806623000000000104e-02
2.353739000000000026e+00 2.840341999999999867e-02
2.358776000000000206e+00 2.874296000000000142e-02
2.363439000000000068e+00 2.905790000000000109e-02
2.368481000000000058e+00 2.939802999999999861e-02
2.373508000000000173e+00 2.974283999999999956e-02
2.378537000000000123e+00 3.008003000000000066e-02
2.383558999999999983e+00 3.042250000000000162e-02
2.388596999999999859e+00 3.076496000000000092e-02
2.393625000000000114e+00 3.110390999999999850e-02
2.398664999999999825e+00 3.144461999999999952e-02
2.403703999999999841e+00 3.178533000000000053e-02
2.408738000000000046e+00 3.212604000000000154e-02
2.413769999999999971e+00 3.246675000000000255e-02
2.418448999999999849e+00 3.278227999999999698e-02
2.423496000000000095e+00 3.312415999999999972e-02
2.428504000000000218e+00 3.346252000000000254e-02
2.433537999999999979e+00 3.380029999999999840e-02
2.438565000000000094e+00 3.413983999999999769e-02
2.443620999999999821e+00 3.447937999999999698e-02
2.448615000000000208e+00 3.481773999999999980e-02
2.453650999999999804e+00 3.515787000000000079e-02
2.458677999999999919e+00 3.549681999999999837e-02
2.463725000000000165e+00 3.583402000000000115e-02
2.468728000000000034e+00 3.616946000000000050e-02
2.473430000000000017e+00 3.648616999999999833e-02
2.478479999999999794e+00 3.682570000000000288e-02
2.483505000000000074e+00 3.716230999999999701e-02
2.488548000000000204e+00 3.749774000000000163e-02
2.493593000000000171e+00 3.783670000000000089e-02
2.498638999999999832e+00 3.817389999999999672e-02
2.504000000000000004e+00 3.853333999999999926e-02
2.509034999999999904e+00 3.887228000000000211e-02
2.514053000000000093e+00 3.921006999999999965e-02
2.519086000000000158e+00 3.954784000000000077e-02
2.524125999999999870e+00 3.988680000000000003e-02
2.529155999999999960e+00 4.022458999999999757e-02
2.534156999999999993e+00 4.055944000000000216e-02
2.539185999999999943e+00 4.089956000000000147e-02
2.544226999999999794e+00 4.123558000000000084e-02
2.549259999999999859e+00 4.157513000000000181e-02
2.553942999999999852e+00 4.188655000000000156e-02
2.558985999999999983e+00 4.222141000000000088e-02
2.564020999999999884e+00 4.255860999999999672e-02
2.569046999999999858e+00 4.289344999999999963e-02
2.574092999999999964e+00 4.323123999999999717e-02
2.579076999999999842e+00 4.356374999999999831e-02
2.584109000000000211e+00 4.389859000000000122e-02
2.589135000000000186e+00 4.423285999999999885e-02
2.594177000000000177e+00 4.456948000000000160e-02
2.599199000000000037e+00 4.490199999999999747e-02
2.603903999999999996e+00 4.521990000000000037e-02
2.608922000000000185e+00 4.555063000000000167e-02
2.613966000000000012e+00 4.588372000000000284e-02
2.618968999999999880e+00 4.621622999999999704e-02
2.623995999999999995e+00 4.654874999999999985e-02
2.629029000000000060e+00 4.688184000000000101e-02
2.634075999999999862e+00 4.721668999999999866e-02
2.639113000000000042e+00 4.754861999999999977e-02
2.644120000000000026e+00 4.787995999999999919e-02
2.649150999999999812e+00 4.821245999999999865e-02
2.654195000000000082e+00 4.854440000000000144e-02
2.658898000000000206e+00 4.885467999999999755e-02
2.663959999999999884e+00 4.918836000000000042e-02
2.669003000000000014e+00 4.951852999999999810e-02
2.674024000000000179e+00 4.984870000000000273e-02
2.679065000000000030e+00 5.018062999999999690e-02
2.684076000000000128e+00 5.050903000000000337e-02
2.689115000000000144e+00 5.083979000000000276e-02
2.694135999999999864e+00 5.116877999999999704e-02
2.699177999999999855e+00 5.150128999999999818e-02
2.704524999999999846e+00 5.184902999999999734e-02
2.709553000000000100e+00 5.217978000000000199e-02
2.714605000000000157e+00 5.250936999999999966e-02
2.719625999999999877e+00 5.283836000000000088e-02
2.724673000000000123e+00 5.316796000000000022e-02
2.729677999999999827e+00 5.349696000000000312e-02
2.734725000000000072e+00 5.382653999999999911e-02
2.739412000000000180e+00 5.413329000000000057e-02
2.744451000000000196e+00 5.446228999999999654e-02
2.749496000000000162e+00 5.479131000000000279e-02
2.754518000000000022e+00 5.512029999999999708e-02
2.759548999999999808e+00 5.544578000000000007e-02
2.764581999999999873e+00 5.577242000000000310e-02
2.769606000000000012e+00 5.610082999999999737e-02
2.774634999999999962e+00 5.642867000000000022e-02
2.779673999999999978e+00 5.675476000000000132e-02
2.784710000000000019e+00 5.708138000000000101e-02
2.789423999999999904e+00 5.738872999999999891e-02
2.794414000000000176e+00 5.771131000000000177e-02
2.799444999999999961e+00 5.803794999999999787e-02
2.804475000000000051e+00 5.836521000000000070e-02
2.809505000000000141e+00 5.868952000000000196e-02
2.814524000000000026e+00 5.901441999999999799e-02
2.819560000000000066e+00 5.933991000000000265e-02
2.824606000000000172e+00 5.966599000000000208e-02
2.829635999999999818e+00 5.998853999999999992e-02
2.834700000000000220e+00 6.031518000000000296e-02
2.839731000000000005e+00 6.064010000000000233e-02
2.844424000000000063e+00 6.094275999999999860e-02
2.849458999999999964e+00 6.126531999999999811e-02
2.854481999999999964e+00 6.159020999999999940e-02
2.859528000000000070e+00 6.191804000000000058e-02
2.864554000000000045e+00 6.224647999999999987e-02
2.869587999999999806e+00 6.257957000000000103e-02
2.874629999999999797e+00 6.290212000000000581e-02
2.879617999999999789e+00 6.322701000000000016e-02
2.884654999999999969e+00 6.355426000000000131e-02
2.889685000000000059e+00 6.387916999999999901e-02
2.894725999999999910e+00 6.420407999999999671e-02
2.899401999999999813e+00 6.450438000000000005e-02
2.905114000000000196e+00 6.487318999999999725e-02
2.910137999999999892e+00 6.519458999999999671e-02
2.915179000000000187e+00 6.551830000000000154e-02
2.920218999999999898e+00 6.584143000000000634e-02
2.924910000000000121e+00 6.614056999999999575e-02
2.929949000000000137e+00 6.646431999999999340e-02
2.934985000000000177e+00 6.678512999999999811e-02
2.940017999999999798e+00 6.710649999999999948e-02
2.945037999999999823e+00 6.742906999999999373e-02
2.950080999999999953e+00 6.774987000000000370e-02
2.955102999999999813e+00 6.807185999999999793e-02
2.960148999999999919e+00 6.839499000000000273e-02
2.965139999999999887e+00 6.871346000000000398e-02
2.970180000000000042e+00 6.903660000000000352e-02
2.975201000000000207e+00 6.935563999999999618e-02
2.979900999999999911e+00 6.965300000000000658e-02
2.984929000000000165e+00 6.997438000000000269e-02
2.989958999999999811e+00 7.029581999999999498e-02
2.995001999999999942e+00 7.061604000000000492e-02
3.000030000000000197e+00 7.093565999999999760e-02
