1.000102999999999964e+00 -2.707180000000000057e-05
1.005147000000000013e+00 -2.882778000000000066e-05
1.009827000000000030e+00 -2.882787000000000018e-05
1.014863000000000071e+00 -2.824258999999999890e-05
1.019884999999999931e+00 -2.824256000000000018e-05
1.024926000000000004e+00 -2.941331999999999980e-05
1.029952999999999896e+00 -2.765725000000000019e-05
1.034985999999999962e+00 -2.882813000000000142e-05
1.040022999999999920e+00 -2.999876999999999942e-05
1.045056999999999903e+00 -2.707195000000000090e-05
1.050103000000000009e+00 -2.824253000000000147e-05
1.055007999999999946e+00 -3.058414000000000022e-05
1.059806999999999944e+00 -2.824258999999999890e-05
1.064843999999999902e+00 -2.941318000000000017e-05
1.069876999999999967e+00 -3.058410999999999812e-05
1.074878000000000000e+00 -2.882787000000000018e-05
1.079666000000000015e+00 -3.058399000000000328e-05
1.084953000000000056e+00 -2.765717000000000137e-05
1.089936999999999934e+00 -2.824271000000000051e-05
1.095034999999999981e+00 -2.707195000000000090e-05
1.100373999999999963e+00 -2.941329000000000109e-05
1.105401000000000078e+00 -2.824253000000000147e-05
1.110441000000000011e+00 -2.941329000000000109e-05
1.115528000000000075e+00 -2.882787000000000018e-05
1.120538999999999952e+00 -2.999869000000000060e-05
1.125585999999999975e+00 -2.882800999999999981e-05
1.130600999999999967e+00 -2.765720000000000008e-05
1.135634999999999950e+00 -2.941320000000000157e-05
1.140317999999999943e+00 -2.941320000000000157e-05
1.145348999999999950e+00 -2.999865999999999850e-05
1.150376999999999983e+00 -2.824262000000000099e-05
1.155419999999999892e+00 -3.116950000000000032e-05
1.160419000000000089e+00 -2.941323000000000028e-05
1.165459000000000023e+00 -2.765722000000000148e-05
1.170479999999999965e+00 -2.941329000000000109e-05
1.175588000000000077e+00 -2.824267999999999842e-05
1.180534999999999890e+00 -2.999883000000000023e-05
1.185580999999999996e+00 -2.882809999999999933e-05
1.190606000000000053e+00 -2.941338000000000061e-05
1.195311999999999930e+00 -3.234017999999999772e-05
1.200355999999999979e+00 -2.765717000000000137e-05
1.205429000000000084e+00 -2.941331999999999980e-05
1.210458999999999952e+00 -2.824243999999999857e-05
1.215492000000000017e+00 -3.116944999999999682e-05
1.220528000000000057e+00 -2.999865999999999850e-05
1.225548999999999999e+00 -2.882800999999999981e-05
1.230604999999999949e+00 -2.882813000000000142e-05
1.235586999999999991e+00 -3.175492999999999854e-05
1.240648999999999891e+00 -2.941331999999999980e-05
1.245297000000000098e+00 -2.882836000000000057e-05
1.250355000000000105e+00 -2.824267999999999842e-05
1.255389000000000088e+00 -2.941334999999999851e-05
1.260423999999999989e+00 -2.707182999999999928e-05
1.265447999999999906e+00 -2.941338000000000061e-05
1.270396000000000081e+00 -2.882789999999999889e-05
1.275522999999999962e+00 -2.941334999999999851e-05
1.280545000000000044e+00 -2.999880000000000152e-05
1.285590999999999928e+00 -2.882816000000000013e-05
1.290635999999999894e+00 -2.941349999999999884e-05
1.295679000000000025e+00 -2.999874000000000071e-05
1.301045000000000007e+00 -3.058428000000000324e-05
1.306067000000000089e+00 -2.999874000000000071e-05
1.311107000000000022e+00 -3.058410999999999812e-05
1.316144999999999898e+00 -2.882809999999999933e-05
1.321177999999999964e+00 -2.941344000000000142e-05
1.325879000000000030e+00 -2.882789999999999889e-05
1.330920000000000103e+00 -2.999874000000000071e-05
1.335914000000000046e+00 -2.765722000000000148e-05
1.340961000000000070e+00 -2.765731000000000100e-05
1.345984000000000069e+00 -3.058410999999999812e-05
1.351021000000000027e+00 -2.882803999999999852e-05
1.356044000000000027e+00 -2.882798000000000110e-05
1.361075999999999953e+00 -2.941331999999999980e-05
1.366104999999999903e+00 -3.058405000000000070e-05
1.371139000000000108e+00 -2.765717000000000137e-05
1.376184999999999992e+00 -2.882800999999999981e-05
1.380878999999999968e+00 -2.941331999999999980e-05
1.385907999999999918e+00 -2.882795999999999970e-05
1.390865999999999936e+00 -2.882800999999999981e-05
1.395945999999999909e+00 -3.116958999999999984e-05
1.401029000000000080e+00 -2.765717000000000137e-05
1.405990000000000073e+00 -2.882813000000000142e-05
1.411070000000000046e+00 -2.882798000000000110e-05
1.416056999999999899e+00 -3.292565999999999944e-05
1.421108000000000038e+00 -2.941344000000000142e-05
1.426141000000000103e+00 -2.765746000000000133e-05
1.431170000000000053e+00 -2.707215000000000134e-05
1.435880999999999963e+00 -3.058414000000000022e-05
1.440885999999999889e+00 -2.824262000000000099e-05
1.445926999999999962e+00 -2.941334999999999851e-05
1.450943000000000094e+00 -2.999883000000000023e-05
1.455996999999999986e+00 -3.116958999999999984e-05
1.460954000000000086e+00 -2.882809999999999933e-05
1.466094000000000008e+00 -3.058417000000000232e-05
1.471122000000000041e+00 -2.707186000000000138e-05
1.476158000000000081e+00 -2.824285000000000014e-05
1.481168999999999958e+00 -2.882824999999999965e-05
1.485621000000000080e+00 -2.765736999999999842e-05
1.490901999999999950e+00 -2.999883000000000023e-05
1.495937999999999990e+00 -2.765725000000000019e-05
1.501619000000000037e+00 -2.765742999999999923e-05
1.506647999999999987e+00 -2.765731000000000100e-05
1.511341999999999963e+00 -2.824271000000000051e-05
1.516374000000000111e+00 -2.765731000000000100e-05
1.521395999999999971e+00 -2.707197999999999961e-05
1.526437999999999962e+00 -2.590122000000000000e-05
1.531457000000000068e+00 -2.531599999999999953e-05
1.536500999999999895e+00 -2.707211999999999924e-05
1.541539999999999910e+00 -2.531588000000000130e-05
1.546594000000000024e+00 -2.707200000000000101e-05
1.551612999999999909e+00 -2.238899000000000127e-05
1.556670999999999916e+00 -2.355977999999999959e-05
1.561668999999999974e+00 -2.414521000000000120e-05
1.566356999999999999e+00 -2.355984000000000040e-05
1.571404999999999941e+00 -2.238914000000000160e-05
1.576456000000000079e+00 -2.063292999999999898e-05
1.581469000000000014e+00 -2.180374999999999940e-05
1.586508999999999947e+00 -2.238919999999999902e-05
1.591509000000000063e+00 -2.004765000000000109e-05
1.596541999999999906e+00 -1.946220000000000147e-05
1.601561000000000012e+00 -1.712091000000000139e-05
1.606643000000000043e+00 -1.360868999999999997e-05
1.611622000000000110e+00 -1.477939000000000047e-05
1.616667000000000076e+00 -1.243793000000000036e-05
1.621332999999999913e+00 -1.302329000000000046e-05
1.626400000000000068e+00 -1.126731999999999938e-05
1.631456000000000017e+00 -6.584362999999999626e-06
1.636489000000000082e+00 -4.242755999999999905e-06
1.641518000000000033e+00 1.610838999999999910e-06
1.646571000000000007e+00 4.400789999999999797e-07
1.651610999999999940e+00 5.708396000000000157e-06
1.656606000000000023e+00 6.879010000000000398e-06
1.661643999999999899e+00 1.156193000000000062e-05
1.666673000000000071e+00 2.385457999999999887e-05
1.671378999999999948e+00 2.092754999999999922e-05
1.676298999999999984e+00 2.678107999999999872e-05
1.681418000000000079e+00 3.263482000000000275e-05
1.686447999999999947e+00 4.258602999999999721e-05
1.691486999999999963e+00 4.902496999999999693e-05
1.696498000000000062e+00 5.722008000000000324e-05
1.701861999999999986e+00 7.302468000000000435e-05
1.706904999999999895e+00 7.829317000000000242e-05
1.711934999999999985e+00 9.234187999999999620e-05
1.716966999999999910e+00 1.069760999999999938e-04
1.722005999999999926e+00 1.227811000000000093e-04
1.727033999999999958e+00 1.426834000000000034e-04
1.732064000000000048e+00 1.543903999999999914e-04
1.737117999999999940e+00 1.742927000000000126e-04
1.742129000000000039e+00 1.959511999999999951e-04
1.747166999999999915e+00 2.240485000000000013e-04
1.751856000000000080e+00 2.468778999999999830e-04
1.756895000000000095e+00 2.755607000000000195e-04
1.761902000000000079e+00 3.124385999999999938e-04
1.766925999999999997e+00 3.417064000000000256e-04
1.771957000000000004e+00 3.774138000000000015e-04
1.776996000000000020e+00 4.178041000000000068e-04
1.782011000000000012e+00 4.611206000000000181e-04
1.787041000000000102e+00 5.067792000000000217e-04
1.792079999999999895e+00 5.588763999999999538e-04
1.797117000000000075e+00 6.103881999999999711e-04
1.802186999999999983e+00 6.712661000000000409e-04
1.806877000000000066e+00 7.292168000000000348e-04
1.811913000000000107e+00 7.953629999999999945e-04
1.816943999999999892e+00 8.661920000000000036e-04
1.821979000000000015e+00 9.399477000000000266e-04
1.826991000000000032e+00 1.020141999999999924e-03
1.832027999999999990e+00 1.103849000000000063e-03
1.837066000000000088e+00 1.196337000000000008e-03
1.842097000000000095e+00 1.291751000000000054e-03
1.847094999999999931e+00 1.391262000000000098e-03
1.852141999999999955e+00 1.500140999999999974e-03
1.857169000000000070e+00 1.611360000000000049e-03
1.861874000000000029e+00 1.721993000000000005e-03
1.866892999999999914e+00 1.842578000000000098e-03
1.871926999999999897e+00 1.970186999999999980e-03
1.876962999999999937e+00 2.105406000000000204e-03
1.881992000000000109e+00 2.245893000000000108e-03
1.887035000000000018e+00 2.392234000000000027e-03
1.892119000000000106e+00 2.541502000000000171e-03
1.897153000000000089e+00 2.696622999999999989e-03
1.902522000000000046e+00 2.866378000000000155e-03
1.907561999999999980e+00 3.033207000000000004e-03
1.912574999999999914e+00 3.204133000000000068e-03
1.917618999999999962e+00 3.376229000000000122e-03
1.922643000000000102e+00 3.557105999999999983e-03
1.927685000000000093e+00 3.740325999999999981e-03
1.932677999999999896e+00 3.929984000000000081e-03
1.937376999999999905e+00 4.107346999999999908e-03
1.942406999999999995e+00 4.301685999999999878e-03
1.947454000000000018e+00 4.502466999999999581e-03
1.952477999999999936e+00 4.705001999999999795e-03
1.957513999999999976e+00 4.914563000000000265e-03
1.962552000000000074e+00 5.125878999999999852e-03
1.967581000000000024e+00 5.342465000000000235e-03
1.972626999999999908e+00 5.561975000000000252e-03
1.977662000000000031e+00 5.780897999999999592e-03
1.982701999999999964e+00 6.006848000000000395e-03
1.987730999999999915e+00 6.233966999999999981e-03
1.992434999999999956e+00 6.452895999999999632e-03
1.997459000000000096e+00 6.684700000000000017e-03
2.002486000000000210e+00 6.920596000000000213e-03
2.007525999999999922e+00 7.160597999999999790e-03
2.012560999999999822e+00 7.404113999999999834e-03
2.017565999999999971e+00 7.645866999999999768e-03
2.022594999999999921e+00 7.890549000000000174e-03
2.027629999999999821e+00 8.138740000000000210e-03
2.032668999999999837e+00 8.391033000000000866e-03
2.037707999999999853e+00 8.643902999999999656e-03
2.042714999999999836e+00 8.896783999999999595e-03
2.047422000000000075e+00 9.137957000000000371e-03
2.052449000000000190e+00 9.396685999999999581e-03
2.057491000000000181e+00 9.655415000000000525e-03
2.062533000000000172e+00 9.915317999999999354e-03
2.067558000000000007e+00 1.017872000000000048e-02
2.072592999999999908e+00 1.044273000000000076e-02
2.077621999999999858e+00 1.070730999999999940e-02
2.082645999999999997e+00 1.097482999999999966e-02
2.087667999999999857e+00 1.124116000000000004e-02
2.092706000000000177e+00 1.150809000000000033e-02
2.097409999999999997e+00 1.176155000000000082e-02
2.103082000000000118e+00 1.206477000000000070e-02
2.108122999999999969e+00 1.234105999999999918e-02
2.113163000000000125e+00 1.261383999999999943e-02
2.118180999999999869e+00 1.288778999999999966e-02
2.123225000000000140e+00 1.316290999999999989e-02
2.127898000000000067e+00 1.342106000000000028e-02
2.132941000000000198e+00 1.369910000000000051e-02
2.137964000000000198e+00 1.397598000000000069e-02
2.143016999999999950e+00 1.425401999999999919e-02
2.148067000000000171e+00 1.453557999999999933e-02
2.153099999999999792e+00 1.481890999999999937e-02
2.158122000000000096e+00 1.509578999999999956e-02
2.163167000000000062e+00 1.537967999999999974e-02
2.168185999999999947e+00 1.566065000000000165e-02
2.173227999999999938e+00 1.594455999999999998e-02
2.177925999999999807e+00 1.620796999999999863e-02
2.182961000000000151e+00 1.649596999999999869e-02
2.188000999999999863e+00 1.678046000000000051e-02
2.192994000000000110e+00 1.706318999999999891e-02
2.198024999999999896e+00 1.734766999999999906e-02
2.203050000000000175e+00 1.763332000000000094e-02
2.208095999999999837e+00 1.791956999999999925e-02
2.213102000000000125e+00 1.820288000000000114e-02
2.218142999999999976e+00 1.849030000000000118e-02
2.223174999999999901e+00 1.877478999999999953e-02
2.228221000000000007e+00 1.906160999999999967e-02
2.232930000000000081e+00 1.933088000000000167e-02
2.237951999999999941e+00 1.961477999999999833e-02
2.242985000000000007e+00 1.990337000000000009e-02
2.248013999999999957e+00 2.019019000000000022e-02
2.253045999999999882e+00 2.047995000000000024e-02
2.258074999999999832e+00 2.076619000000000034e-02
2.263113000000000152e+00 2.105359999999999870e-02
2.268136999999999848e+00 2.134159999999999877e-02
2.273190000000000044e+00 2.163253000000000051e-02
2.278182999999999847e+00 2.191819000000000059e-02
2.283218999999999888e+00 2.220851999999999896e-02
2.287923000000000151e+00 2.247779000000000096e-02
2.292956000000000216e+00 2.276753999999999931e-02
2.297969999999999846e+00 2.305203000000000113e-02
2.303678999999999810e+00 2.337749000000000077e-02
2.308713000000000015e+00 2.366959999999999897e-02
2.313414999999999999e+00 2.394003000000000103e-02
2.318468999999999891e+00 2.423153999999999933e-02
2.323504999999999932e+00 2.452069999999999944e-02
2.328532000000000046e+00 2.480869999999999950e-02
2.333585999999999938e+00 2.509787999999999950e-02
2.338623999999999814e+00 2.538821999999999954e-02
2.343630000000000102e+00 2.567503999999999967e-02
2.348662000000000027e+00 2.596421000000000145e-02
2.353692000000000117e+00 2.625337999999999977e-02
2.358737999999999779e+00 2.654255000000000156e-02
2.363389000000000184e+00 2.681472999999999843e-02
2.368434999999999846e+00 2.710566000000000017e-02
2.373457000000000150e+00 2.739248999999999851e-02
2.378496000000000166e+00 2.768400000000000027e-02
2.383507999999999960e+00 2.797258000000000036e-02
2.388552999999999926e+00 2.826526999999999859e-02
2.393583000000000016e+00 2.855738000000000026e-02
2.398622000000000032e+00 2.884360999999999869e-02
2.403655999999999793e+00 2.913218999999999878e-02
2.408694000000000113e+00 2.942136999999999877e-02
2.413730000000000153e+00 2.971170000000000061e-02
2.418409000000000031e+00 2.998212999999999920e-02
2.423448000000000047e+00 3.027362999999999929e-02
2.428458000000000006e+00 3.056106000000000100e-02
2.433501000000000136e+00 3.085432999999999926e-02
2.438527000000000111e+00 3.113940000000000111e-02
2.443582999999999839e+00 3.142973999999999768e-02
2.448573000000000111e+00 3.171833000000000291e-02
2.453609999999999847e+00 3.200515999999999778e-02
2.458641000000000076e+00 3.229607999999999784e-02
2.463678999999999952e+00 3.258290999999999965e-02
2.468685999999999936e+00 3.286914999999999976e-02
2.473387999999999920e+00 3.313958999999999655e-02
2.478429999999999911e+00 3.342640000000000194e-02
2.483452999999999911e+00 3.371613999999999861e-02
2.488500999999999852e+00 3.400356999999999685e-02
2.493545000000000122e+00 3.429041000000000033e-02
2.498590000000000089e+00 3.457898000000000222e-02
2.503953000000000095e+00 3.488513000000000031e-02
2.508989999999999831e+00 3.517487999999999865e-02
2.514018999999999782e+00 3.545936999999999700e-02
2.519035000000000135e+00 3.574618999999999713e-02
2.524074999999999847e+00 3.603536999999999713e-02
2.529109000000000052e+00 3.631869000000000069e-02
2.534110999999999780e+00 3.660494000000000248e-02
2.539140000000000175e+00 3.688999999999999918e-02
2.544182000000000166e+00 3.717565999999999926e-02
2.549205000000000165e+00 3.746072999999999764e-02
2.553894999999999804e+00 3.772647999999999974e-02
2.558930999999999845e+00 3.801038000000000333e-02
2.563966999999999885e+00 3.829483999999999666e-02
2.569001999999999786e+00 3.857992999999999839e-02
2.574053999999999842e+00 3.886619000000000185e-02
2.579038999999999859e+00 3.914716000000000029e-02
2.584061000000000163e+00 3.943106999999999862e-02
2.589093000000000089e+00 3.971261000000000235e-02
2.594136999999999915e+00 3.999827000000000243e-02
2.599150999999999989e+00 4.028099000000000263e-02
2.603867000000000154e+00 4.054558999999999941e-02
2.608887000000000178e+00 4.082775000000000293e-02
2.613932999999999840e+00 4.110989000000000310e-02
2.618930000000000202e+00 4.139142999999999989e-02
2.623965999999999799e+00 4.167300000000000171e-02
2.628998000000000168e+00 4.195633000000000001e-02
2.634043000000000134e+00 4.223786000000000207e-02
2.639073999999999920e+00 4.251884000000000219e-02
2.644085000000000019e+00 4.279924000000000228e-02
2.649122000000000199e+00 4.830399999999999971e-02
2.654154000000000124e+00 4.869968999999999687e-02
2.658863000000000198e+00 4.900642000000000192e-02
2.663924999999999876e+00 4.933304000000000161e-02
2.668969000000000147e+00 4.965850000000000125e-02
2.673983000000000221e+00 4.997926999999999925e-02
2.679022999999999932e+00 5.030122000000000065e-02
2.684034000000000031e+00 5.061675000000000202e-02
2.689078999999999997e+00 5.093577999999999995e-02
2.694109000000000087e+00 5.125770999999999800e-02
2.699142999999999848e+00 5.158026999999999751e-02
2.704479000000000077e+00 5.191507000000000066e-02
2.709509000000000167e+00 5.224229999999999846e-02
2.714555999999999969e+00 5.256601000000000329e-02
2.719586000000000059e+00 5.288676999999999961e-02
2.724638999999999811e+00 5.320814000000000099e-02
2.729633000000000198e+00 5.352305999999999730e-02
2.734675000000000189e+00 5.384150000000000047e-02
2.739367999999999803e+00 5.413711000000000217e-02
2.744409999999999794e+00 5.445144999999999846e-02
2.749446999999999974e+00 5.476932000000000328e-02
2.754484000000000155e+00 5.508423999999999959e-02
2.759504000000000179e+00 5.540385999999999922e-02
2.764539000000000080e+00 5.571878000000000247e-02
2.769566999999999890e+00 5.603252000000000232e-02
2.774591000000000030e+00 5.634452999999999684e-02
2.779624000000000095e+00 5.665943999999999842e-02
2.784663999999999806e+00 5.697379999999999806e-02
2.789375000000000160e+00 5.726823000000000330e-02
2.794360999999999873e+00 5.757965000000000305e-02
2.799396000000000218e+00 5.789516000000000107e-02
2.804429999999999978e+00 5.820775000000000254e-02
2.809452999999999978e+00 5.851970000000000088e-02
2.814471999999999863e+00 5.883407000000000220e-02
2.819522000000000084e+00 5.914607000000000198e-02
2.824558000000000124e+00 5.945864000000000010e-02
2.829597000000000140e+00 5.977004999999999818e-02
2.834649999999999892e+00 6.008730999999999794e-02
2.839681999999999817e+00 6.039756999999999765e-02
2.844374999999999876e+00 6.069258999999999765e-02
2.849413000000000196e+00 6.100284999999999735e-02
2.854436000000000195e+00 6.131367000000000067e-02
2.859471999999999792e+00 6.162858000000000225e-02
2.864503000000000021e+00 6.193822999999999690e-02
2.869534999999999947e+00 6.225138999999999673e-02
2.874579000000000217e+00 6.256694000000000144e-02
2.879580999999999946e+00 6.288008000000000486e-02
2.884605999999999781e+00 6.319149999999999767e-02
2.889635999999999871e+00 6.350408000000000441e-02
2.894677000000000167e+00 6.382135999999999365e-02
2.899359000000000020e+00 6.410994999999999888e-02
2.905070999999999959e+00 6.446350000000000691e-02
2.910099999999999909e+00 6.477842000000000322e-02
2.915143000000000040e+00 6.509041000000000132e-02
2.920171999999999990e+00 6.540356999999999421e-02
2.924870999999999999e+00 6.569861999999999924e-02
2.929912999999999990e+00 6.601060999999999734e-02
2.934944000000000219e+00 6.632728000000000235e-02
2.939982000000000095e+00 6.664630000000000554e-02
2.944999000000000144e+00 6.697000999999999649e-02
2.950041000000000135e+00 6.729255000000000653e-02
2.955061999999999856e+00 6.760865000000000624e-02
2.960109999999999797e+00 6.792884000000000422e-02
2.965097000000000094e+00 6.824318999999999524e-02
2.970137999999999945e+00 6.856102999999999503e-02
2.975159000000000109e+00 6.887770999999999477e-02
2.979868000000000183e+00 6.917565999999999993e-02
2.984888000000000208e+00 6.948825000000000141e-02
2.989918999999999993e+00 6.980198999999999432e-02
2.994965999999999795e+00 7.011747999999999592e-02
2.999979999999999869e+00 7.042713000000000445e-02
