1.499949999999999894e+00 -3.177276999999999971e-05
1.506615999999999955e+00 -3.118732000000000009e-05
1.512342999999999993e+00 -3.118734000000000149e-05
1.519039999999999946e+00 -3.294326999999999808e-05
1.525079999999999991e+00 -3.177273999999999761e-05
1.531465000000000076e+00 -3.118728999999999799e-05
1.537492000000000081e+00 -3.177276999999999971e-05
1.543887999999999927e+00 -3.235801999999999890e-05
1.549901999999999891e+00 -3.469939000000000118e-05
1.556616999999999917e+00 -3.294363999999999686e-05
1.562681999999999904e+00 -3.060243999999999969e-05
1.569045000000000023e+00 -3.294344000000000319e-05
1.575080999999999953e+00 -3.118757999999999795e-05
1.581458000000000030e+00 -3.294353000000000271e-05
1.587474999999999969e+00 -2.943145000000000093e-05
1.593842999999999899e+00 -2.943145000000000093e-05
1.600564000000000098e+00 -2.884605999999999873e-05
1.606603000000000003e+00 -2.943141999999999883e-05
1.612951000000000024e+00 -3.001661000000000059e-05
1.619013000000000035e+00 -3.177273999999999761e-05
1.625397999999999898e+00 -2.708998999999999912e-05
1.631456000000000017e+00 -2.943127999999999920e-05
1.638160999999999978e+00 -2.943139000000000012e-05
1.644198999999999966e+00 -3.060200999999999671e-05
1.650581000000000076e+00 -2.708998999999999912e-05
1.656600999999999990e+00 -2.533398000000000033e-05
1.662962999999999969e+00 -2.533398000000000033e-05
1.669010000000000105e+00 -2.357802999999999895e-05
1.675370000000000026e+00 -2.240726999999999934e-05
1.681418000000000079e+00 -1.889524999999999836e-05
1.688128000000000073e+00 -1.421258999999999939e-05
1.694179000000000102e+00 -1.421256000000000068e-05
1.700517000000000056e+00 -1.128591000000000051e-05
1.706898999999999944e+00 -1.128600000000000003e-05
1.712833000000000050e+00 -6.603223000000000153e-06
1.719635000000000025e+00 -1.920649000000000167e-06
1.725348000000000104e+00 4.206668000000000065e-07
1.732059999999999933e+00 9.200652000000000217e-06
1.738094000000000028e+00 1.622500999999999867e-05
1.744515999999999956e+00 2.500493000000000049e-05
1.750499999999999945e+00 3.144357000000000293e-05
1.756879999999999997e+00 3.963830999999999691e-05
1.762882000000000060e+00 5.310109999999999884e-05
1.769606000000000012e+00 6.539289999999999524e-05
1.775630000000000042e+00 8.646523999999999616e-05
1.782005999999999979e+00 1.010988999999999952e-04
1.788043999999999967e+00 1.233414999999999913e-04
1.794418999999999986e+00 1.473400999999999888e-04
1.801139000000000046e+00 1.754364000000000064e-04
1.806863000000000108e+00 2.041176000000000123e-04
1.813571000000000044e+00 2.415794999999999932e-04
1.819617999999999958e+00 2.825532999999999973e-04
1.825976999999999961e+00 3.270387999999999832e-04
1.832017999999999924e+00 3.750363000000000264e-04
1.838397000000000059e+00 4.300579999999999811e-04
1.844449000000000005e+00 4.909330000000000378e-04
1.851121000000000016e+00 5.687828000000000458e-04
1.857159999999999922e+00 6.425352999999999534e-04
1.863537999999999917e+00 7.315063999999999594e-04
1.869553000000000020e+00 8.210630999999999485e-04
1.875936999999999966e+00 9.246677000000000238e-04
1.881974999999999953e+00 1.036466999999999901e-03
1.888411999999999979e+00 1.165826000000000015e-03
1.894452000000000025e+00 1.296356000000000027e-03
1.901167000000000051e+00 1.452642000000000082e-03
1.907548999999999939e+00 1.613024000000000012e-03
1.913574000000000108e+00 1.778089000000000058e-03
1.919955999999999996e+00 1.962470999999999920e-03
1.925985999999999976e+00 2.149193000000000197e-03
1.932663000000000020e+00 2.366936999999999947e-03
1.938379999999999992e+00 2.564780999999999919e-03
1.945084000000000035e+00 2.805353000000000013e-03
1.951132000000000088e+00 3.037148999999999838e-03
1.957489999999999952e+00 3.286502000000000173e-03
1.963535999999999948e+00 3.537026999999999879e-03
1.969916999999999918e+00 3.806865999999999896e-03
1.975983999999999963e+00 4.076119999999999917e-03
1.982690999999999981e+00 4.378156000000000235e-03
1.988733000000000084e+00 4.659703000000000282e-03
1.995112999999999914e+00 4.968760000000000017e-03
2.001462000000000074e+00 5.280159000000000415e-03
2.007511000000000045e+00 5.585119999999999842e-03
2.014238999999999891e+00 5.927543000000000395e-03
2.019897999999999971e+00 6.228992000000000036e-03
2.026616000000000195e+00 6.585462000000000260e-03
2.032655000000000101e+00 6.916761999999999910e-03
2.039016000000000162e+00 7.265622999999999700e-03
2.045059999999999878e+00 7.606874999999999921e-03
2.051433999999999980e+00 7.964515999999999610e-03
2.057475999999999861e+00 8.316300999999999902e-03
2.064182000000000183e+00 8.702624000000000817e-03
2.070235999999999965e+00 9.060264999999999638e-03
2.076607000000000092e+00 9.439563999999999247e-03
2.082634999999999792e+00 9.799544999999999784e-03
2.089002999999999943e+00 1.018527999999999968e-02
2.095038000000000178e+00 1.055697000000000059e-02
2.101433000000000106e+00 1.095031999999999950e-02
2.108112000000000208e+00 1.135946999999999998e-02
2.114135999999999793e+00 1.173818000000000084e-02
2.120515999999999845e+00 1.213503999999999972e-02
2.126548999999999801e+00 1.251668000000000051e-02
2.132928999999999853e+00 1.291880999999999932e-02
2.138964000000000087e+00 1.330161000000000017e-02
2.145716999999999874e+00 1.373125000000000040e-02
2.151402000000000037e+00 1.409941999999999966e-02
2.158104999999999940e+00 1.452847999999999987e-02
2.164158000000000026e+00 1.492242000000000048e-02
2.170516000000000112e+00 1.533507999999999920e-02
2.176568000000000058e+00 1.573311000000000154e-02
2.182945999999999831e+00 1.614693999999999852e-02
2.188943999999999779e+00 1.654378999999999919e-02
2.195653000000000077e+00 1.698455000000000104e-02
2.202033000000000129e+00 1.741068000000000129e-02
2.208076000000000150e+00 1.781632000000000007e-02
2.214423000000000030e+00 1.823715000000000058e-02
2.220492999999999828e+00 1.864046999999999926e-02
2.227189999999999781e+00 1.909119000000000094e-02
2.232905999999999835e+00 1.948044000000000164e-02
2.239621000000000084e+00 1.992938000000000001e-02
2.245648999999999784e+00 2.034087000000000048e-02
2.252040000000000042e+00 2.077344000000000065e-02
2.258062999999999931e+00 2.118199999999999944e-02
2.264435999999999893e+00 2.161398999999999959e-02
2.270475999999999939e+00 2.202546999999999838e-02
2.277166999999999941e+00 2.248262999999999998e-02
2.283198000000000061e+00 2.289528999999999870e-02
2.289581000000000088e+00 2.333195000000000061e-02
2.295643000000000100e+00 2.374636000000000108e-02
2.301976999999999940e+00 2.418067999999999954e-02
2.308689000000000213e+00 2.463606999999999950e-02
2.314398999999999873e+00 2.503294000000000005e-02
2.321130999999999833e+00 2.549125000000000002e-02
2.327173999999999854e+00 2.590684000000000042e-02
2.333568000000000087e+00 2.634409000000000056e-02
2.339576999999999796e+00 2.676202999999999915e-02
2.345953000000000177e+00 2.719809000000000115e-02
2.351995000000000058e+00 2.761544000000000151e-02
2.358715000000000117e+00 2.807961000000000137e-02
2.364379000000000008e+00 2.847177999999999862e-02
2.371103999999999878e+00 2.893418999999999852e-02
2.377133000000000163e+00 2.935387999999999886e-02
2.383485999999999994e+00 2.979230000000000073e-02
2.389536999999999800e+00 3.021375000000000102e-02
2.395920999999999967e+00 3.065568000000000112e-02
2.402652999999999928e+00 3.112219999999999917e-02
2.408678999999999792e+00 3.153718999999999967e-02
2.415027999999999953e+00 3.197209000000000162e-02
2.421075000000000088e+00 3.239294999999999675e-02
2.427436000000000149e+00 3.282845000000000207e-02
2.433479000000000170e+00 3.325105999999999895e-02
2.440192999999999834e+00 3.370878000000000069e-02
2.445921999999999930e+00 3.410798999999999775e-02
2.452576999999999785e+00 3.456748999999999933e-02
2.458609000000000044e+00 3.498248000000000330e-02
2.465003999999999973e+00 3.542500999999999983e-02
2.471016999999999797e+00 3.584525999999999685e-02
2.477396999999999849e+00 3.628251999999999866e-02
2.483438000000000034e+00 3.670102000000000086e-02
2.490171000000000134e+00 3.716578999999999716e-02
2.495883000000000074e+00 3.756030999999999953e-02
2.502599000000000018e+00 3.802272999999999764e-02
2.508976000000000095e+00 3.846116000000000118e-02
2.514985999999999944e+00 3.887263999999999997e-02
2.521701000000000192e+00 3.933095999999999814e-02
2.527413000000000132e+00 3.972430999999999879e-02
2.534091999999999789e+00 4.018320999999999699e-02
2.540137000000000089e+00 4.059821999999999736e-02
2.546499999999999986e+00 4.103252999999999762e-02
2.552557000000000187e+00 4.144753999999999799e-02
2.558920000000000083e+00 4.188009000000000176e-02
2.564947999999999784e+00 4.229393000000000041e-02
2.571666000000000007e+00 4.275224999999999859e-02
2.577341000000000104e+00 4.314268999999999743e-02
2.584048999999999818e+00 4.359865000000000268e-02
2.590088000000000168e+00 4.401014000000000315e-02
2.596464999999999801e+00 4.444739000000000329e-02
2.602825999999999862e+00 4.487934999999999841e-02
2.608861999999999792e+00 4.528908999999999713e-02
2.615581000000000156e+00 4.574624000000000051e-02
2.621592999999999840e+00 4.615306000000000269e-02
2.627974000000000032e+00 4.658738999999999936e-02
2.634018000000000193e+00 4.699828999999999812e-02
2.640362999999999793e+00 4.742615000000000025e-02
2.646408999999999789e+00 4.783765000000000239e-02
2.653122000000000202e+00 4.829130000000000228e-02
2.658843000000000067e+00 4.867645000000000305e-02
2.665583999999999953e+00 4.913125000000000131e-02
2.671625999999999834e+00 4.953629999999999839e-02
2.677992999999999846e+00 4.996417999999999693e-02
2.684013000000000204e+00 5.037098999999999743e-02
2.690399000000000207e+00 5.079770000000000119e-02
2.696432999999999858e+00 5.120568000000000342e-02
2.703161999999999843e+00 5.165756999999999988e-02
2.709489000000000036e+00 5.208543999999999674e-02
2.715526000000000106e+00 5.248991000000000073e-02
2.721915999999999780e+00 5.291487000000000274e-02
2.727942000000000089e+00 5.331932999999999812e-02
2.734659000000000173e+00 5.377296000000000159e-02
2.740352000000000121e+00 5.415166999999999897e-02
2.747065000000000090e+00 5.459826999999999736e-02
2.753101000000000020e+00 5.500333999999999779e-02
2.759472999999999843e+00 5.542476000000000347e-02
2.765528000000000208e+00 5.583156000000000230e-02
2.771876999999999924e+00 5.625245000000000245e-02
2.777930000000000010e+00 5.665458000000000299e-02
2.784635000000000193e+00 5.710173999999999805e-02
2.790309000000000150e+00 5.747929000000000233e-02
2.797016999999999864e+00 5.792358000000000229e-02
2.803386000000000156e+00 5.834556999999999938e-02
2.809438000000000102e+00 5.874540999999999791e-02
2.815800999999999998e+00 5.916624999999999662e-02
2.821854000000000084e+00 5.956485999999999725e-02
2.828567000000000053e+00 6.001030999999999727e-02
2.834623999999999810e+00 6.040950999999999960e-02
2.841003999999999863e+00 6.083038000000000334e-02
2.847033999999999843e+00 6.122663999999999884e-02
2.853431000000000051e+00 6.164746000000000115e-02
2.859452999999999800e+00 6.204201000000000160e-02
2.866156999999999844e+00 6.248746000000000161e-02
2.871859999999999857e+00 6.285854000000000441e-02
2.878540000000000099e+00 6.329814000000000274e-02
2.884580000000000144e+00 6.369147999999999477e-02
2.890963999999999867e+00 6.411060999999999843e-02
2.897003999999999913e+00 6.450804999999999734e-02
2.903360000000000163e+00 6.492833000000000632e-02
2.910070000000000157e+00 6.536614999999999787e-02
2.916126999999999914e+00 6.576709999999999501e-02
2.922503999999999991e+00 6.618093999999999366e-02
2.928554999999999797e+00 6.657781000000000116e-02
2.934921000000000113e+00 6.699510999999999661e-02
2.940941000000000027e+00 6.738731000000000582e-02
2.947658000000000111e+00 6.782456000000000595e-02
2.953368000000000215e+00 6.820386999999999977e-02
2.960085999999999995e+00 6.864286999999999472e-02
2.966088000000000058e+00 6.903502999999999723e-02
2.972458000000000045e+00 6.945178999999999936e-02
2.978491000000000000e+00 6.984451999999999328e-02
2.984859999999999847e+00 7.025836000000000581e-02
2.990912999999999933e+00 7.064998000000000111e-02
2.997622999999999927e+00 7.108488000000000306e-02
3.004014000000000184e+00 7.149698999999999638e-02
3.010060000000000180e+00 7.188796000000000075e-02
3.016445000000000043e+00 7.230003999999999598e-02
3.022482000000000113e+00 7.268987000000000365e-02
3.028842000000000034e+00 7.310313999999999701e-02
3.034883000000000219e+00 7.348828999999999778e-02
3.041599999999999859e+00 7.391791000000000333e-02
3.047611999999999988e+00 7.430480999999999892e-02
3.053987999999999925e+00 7.471044999999999769e-02
3.060026000000000135e+00 7.509965999999999864e-02
3.066397999999999957e+00 7.550767999999999369e-02
3.072423000000000126e+00 7.589110000000000300e-02
3.079155000000000086e+00 7.632189000000000334e-02
3.084865000000000190e+00 7.669007999999999381e-02
3.091566999999999954e+00 7.711853000000000458e-02
3.097593999999999959e+00 7.750016999999999323e-02
3.103965000000000085e+00 7.791225999999999707e-02
3.110361000000000153e+00 7.832140999999999409e-02
3.116373999999999977e+00 7.870773999999999826e-02
3.123076999999999881e+00 7.913852999999999860e-02
3.129128000000000132e+00 7.952895000000000103e-02
3.135472000000000037e+00 7.993282000000000165e-02
3.141490999999999811e+00 8.032090000000000063e-02
3.147883000000000209e+00 8.073123999999999578e-02
3.153935000000000155e+00 8.111517999999999506e-02
3.160616999999999788e+00 8.154015000000000568e-02
3.166323000000000221e+00 8.190601000000000131e-02
3.173042000000000140e+00 8.233327999999999480e-02
3.179100000000000037e+00 8.271728000000000414e-02
3.185484000000000204e+00 8.312582999999999778e-02
3.191516000000000020e+00 8.351036000000000570e-02
3.197880000000000056e+00 8.391484000000000443e-02
3.204585999999999935e+00 8.434274999999999411e-02
3.210627000000000120e+00 8.472499000000000002e-02
3.217019000000000073e+00 8.513529999999999709e-02
3.223022999999999971e+00 8.551224000000000325e-02
3.229398000000000213e+00 8.591554999999999331e-02
3.235431000000000168e+00 8.629718000000000111e-02
3.241804000000000130e+00 8.669404999999999473e-02
3.247841000000000200e+00 8.707513999999999532e-02
3.254554999999999865e+00 8.749767999999999435e-02
3.260622000000000131e+00 8.788463000000000525e-02
3.267039000000000026e+00 8.828908000000000589e-02
3.273073999999999817e+00 8.867010999999999643e-02
3.279459000000000124e+00 8.907753999999999672e-02
3.285464999999999858e+00 8.945975999999999928e-02
3.292177999999999827e+00 8.988646000000000136e-02
3.297880000000000145e+00 9.024880000000000402e-02
3.304619000000000195e+00 9.067492000000000607e-02
3.310951000000000199e+00 9.108172000000000490e-02
3.316990000000000105e+00 9.676418000000000519e-02
3.323369000000000018e+00 9.732552999999999344e-02
3.329391000000000211e+00 9.778560000000000030e-02
3.336098999999999926e+00 9.827257000000000353e-02
3.342153000000000151e+00 9.871805000000000163e-02
3.348558000000000145e+00 9.917750999999999650e-02
3.354601999999999862e+00 9.964517999999999986e-02
3.360962999999999923e+00 1.001221999999999945e-01
3.367011999999999894e+00 1.005629999999999996e-01
3.373705999999999872e+00 1.010411999999999977e-01
3.379421999999999926e+00 1.014532999999999963e-01
3.386127000000000109e+00 1.019274000000000013e-01
3.392138999999999793e+00 1.023616999999999999e-01
3.398508999999999780e+00 1.028130000000000016e-01
3.404885999999999857e+00 1.032585000000000031e-01
3.410944999999999894e+00 1.036735000000000018e-01
3.417644999999999822e+00 1.041405999999999998e-01
3.423674999999999802e+00 1.045597000000000054e-01
3.430048000000000208e+00 1.050027999999999934e-01
3.436082999999999998e+00 1.054223999999999994e-01
3.442464999999999886e+00 1.058661999999999936e-01
3.448500999999999816e+00 1.062835000000000030e-01
3.454887999999999959e+00 1.067229999999999984e-01
3.460891000000000162e+00 1.071432999999999969e-01
3.467598000000000180e+00 1.076132999999999951e-01
3.473653000000000102e+00 1.080312999999999968e-01
3.479994000000000032e+00 1.084732000000000057e-01
3.486043000000000003e+00 1.088935000000000042e-01
3.492411999999999850e+00 1.093353999999999993e-01
3.498437000000000019e+00 1.097556999999999977e-01
3.505144000000000037e+00 1.102216000000000029e-01
3.511533000000000015e+00 1.106681999999999944e-01
3.517580000000000151e+00 1.110954999999999998e-01
3.523973999999999940e+00 1.115485999999999978e-01
3.530037000000000091e+00 1.119736000000000065e-01
3.536392999999999898e+00 1.124213000000000018e-01
3.542421000000000042e+00 1.128451000000000037e-01
3.549138999999999822e+00 1.133110999999999979e-01
3.555161000000000016e+00 1.137336999999999931e-01
3.561557999999999780e+00 1.141854999999999953e-01
3.567569999999999908e+00 1.146057999999999938e-01
3.573933999999999944e+00 1.150552999999999992e-01
3.579985000000000195e+00 1.154797000000000046e-01
3.586685000000000123e+00 1.159543999999999991e-01
3.592372999999999816e+00 1.163576999999999945e-01
3.599095999999999851e+00 1.168348000000000025e-01
3.605507999999999935e+00 1.172884000000000010e-01
3.611518999999999924e+00 1.177168999999999993e-01
3.617885999999999935e+00 1.181651999999999980e-01
3.623930999999999791e+00 1.185925000000000035e-01
3.630628000000000188e+00 1.190642999999999979e-01
3.636674999999999880e+00 1.194892000000000037e-01
3.643072999999999784e+00 1.199410999999999949e-01
3.649070000000000036e+00 1.203637000000000040e-01
3.655429999999999957e+00 1.208097999999999950e-01
3.661459999999999937e+00 1.212371000000000004e-01
3.667851000000000194e+00 1.216890000000000055e-01
3.673881999999999870e+00 1.221145000000000008e-01
3.680622000000000060e+00 1.225886000000000059e-01
3.686638999999999999e+00 1.230113000000000040e-01
3.693045000000000133e+00 1.234596000000000027e-01
3.699081000000000063e+00 1.238815999999999945e-01
3.705452000000000190e+00 1.243258000000000002e-01
3.712178999999999895e+00 1.248010999999999981e-01
3.718217999999999801e+00 1.252214000000000105e-01
3.724559000000000175e+00 1.256597999999999882e-01
3.730608000000000146e+00 1.260795000000000110e-01
3.736972000000000182e+00 1.265156000000000058e-01
3.743002999999999858e+00 1.269282999999999939e-01
3.749366000000000199e+00 1.273556000000000132e-01
3.755440999999999807e+00 1.277735000000000121e-01
3.762106999999999868e+00 1.282224999999999893e-01
3.768146000000000218e+00 1.286345999999999878e-01
3.774557000000000162e+00 1.290623999999999938e-01
3.780565999999999871e+00 1.294616000000000100e-01
3.786935999999999858e+00 1.298854000000000120e-01
3.792996000000000034e+00 1.302910999999999930e-01
3.799673999999999996e+00 1.307336000000000054e-01
3.806051000000000073e+00 1.311562000000000006e-01
3.812105999999999995e+00 1.315560000000000063e-01
3.818478999999999957e+00 1.319703999999999877e-01
3.824472999999999789e+00 1.323637000000000008e-01
3.830878999999999923e+00 1.327775999999999956e-01
3.836879000000000151e+00 1.331697000000000020e-01
3.843585000000000029e+00 1.336041000000000034e-01
3.849642999999999926e+00 1.339951000000000059e-01
3.855999000000000176e+00 1.344029999999999947e-01
3.862063000000000024e+00 1.347952000000000039e-01
3.868466000000000182e+00 1.352060999999999957e-01
3.874486000000000097e+00 1.355906000000000056e-01
3.880851999999999968e+00 1.360003999999999935e-01
3.886886000000000063e+00 1.363862000000000130e-01
3.893591999999999942e+00 1.368180999999999981e-01
3.899640999999999913e+00 1.372008999999999868e-01
3.906022000000000105e+00 1.376111999999999891e-01
3.912370999999999821e+00 1.380156999999999912e-01
3.918397999999999826e+00 1.384008999999999934e-01
3.925124999999999975e+00 1.388329000000000091e-01
3.931141000000000219e+00 1.392185999999999979e-01
3.937536999999999843e+00 1.396289000000000002e-01
3.943589999999999929e+00 1.400157999999999958e-01
3.949927999999999884e+00 1.404196000000000055e-01
3.955960999999999839e+00 1.408001999999999865e-01
3.962346000000000146e+00 1.412006000000000094e-01
3.968392999999999837e+00 1.415810000000000124e-01
3.975067000000000128e+00 1.420000999999999902e-01
3.981128000000000000e+00 1.423776999999999959e-01
3.987489000000000061e+00 1.427710000000000090e-01
3.993495999999999935e+00 1.431402999999999981e-01
3.999887999999999888e+00 1.435330999999999968e-01
