1.499972000000000083e+00 -3.000889999999999995e-05
1.506658000000000053e+00 -2.883814000000000033e-05
1.512340999999999935e+00 -2.883822999999999985e-05
1.519068000000000085e+00 -2.883840000000000158e-05
1.525087000000000081e+00 -3.000907999999999899e-05
1.531468000000000051e+00 -3.000902000000000156e-05
1.537511000000000072e+00 -3.000889999999999995e-05
1.543911999999999951e+00 -3.059426999999999736e-05
1.549938999999999956e+00 -3.000887000000000124e-05
1.556643999999999917e+00 -2.825278000000000023e-05
1.562678999999999929e+00 -3.059437999999999828e-05
1.569047999999999998e+00 -3.059432000000000086e-05
1.575099999999999945e+00 -2.766734999999999862e-05
1.581485000000000030e+00 -3.176517000000000338e-05
1.587479000000000084e+00 -2.942361999999999867e-05
1.593841999999999981e+00 -2.825294999999999857e-05
1.600570000000000048e+00 -2.883816999999999904e-05
1.606589999999999963e+00 -2.883829000000000066e-05
1.612964000000000064e+00 -2.942361999999999867e-05
1.619013000000000035e+00 -2.883822999999999985e-05
1.625386999999999915e+00 -2.883822999999999985e-05
1.631458000000000075e+00 -2.883831999999999937e-05
1.638144999999999962e+00 -2.708233999999999929e-05
1.644214000000000064e+00 -2.649687999999999897e-05
1.650592999999999977e+00 -2.766767000000000068e-05
1.656612999999999891e+00 -2.708224999999999977e-05
1.662968000000000002e+00 -2.591160999999999839e-05
1.669032999999999989e+00 -2.883835000000000147e-05
1.675383999999999984e+00 -2.415548000000000136e-05
1.681416000000000022e+00 -2.357017000000000137e-05
1.688134999999999941e+00 -2.474127999999999836e-05
1.694180999999999937e+00 -2.415557000000000088e-05
1.700547999999999949e+00 -2.064341000000000028e-05
1.706912999999999903e+00 -2.239946999999999918e-05
1.712949999999999973e+00 -1.947285000000000110e-05
1.719657999999999909e+00 -1.713129999999999978e-05
1.725362000000000062e+00 -1.654591000000000097e-05
1.732051000000000007e+00 -1.186316000000000078e-05
1.738100999999999896e+00 -9.521667000000000395e-06
1.744477999999999973e+00 -6.595160999999999958e-06
1.750517000000000101e+00 -4.253640999999999886e-06
1.756891999999999898e+00 1.599721000000000061e-06
1.762898999999999994e+00 6.282585999999999821e-06
1.769622000000000028e+00 1.037985000000000024e-05
1.775649999999999951e+00 2.150152999999999944e-05
1.782014999999999905e+00 2.676930000000000135e-05
1.788048999999999999e+00 3.496432000000000137e-05
1.794421000000000044e+00 5.076894999999999780e-05
1.801150000000000029e+00 6.306128000000000417e-05
1.806877000000000066e+00 7.593879000000000482e-05
1.813585000000000003e+00 9.642603000000000350e-05
1.819628000000000023e+00 1.221813999999999886e-04
1.825987000000000027e+00 1.426683000000000042e-04
1.832025000000000015e+00 1.713507000000000127e-04
1.838395999999999919e+00 2.029590000000000062e-04
1.844451999999999980e+00 2.386656999999999874e-04
1.851123000000000074e+00 2.843227000000000146e-04
1.857169000000000070e+00 3.329067000000000224e-04
1.863547999999999982e+00 3.896856000000000083e-04
1.869564999999999921e+00 4.470497999999999833e-04
1.875952999999999982e+00 5.178767999999999610e-04
1.881984000000000101e+00 5.916307000000000206e-04
1.888424000000000103e+00 6.817747000000000304e-04
1.894463000000000008e+00 7.742591999999999747e-04
1.901178000000000035e+00 8.866460000000000487e-04
1.907556999999999947e+00 1.006642999999999991e-03
1.913581999999999894e+00 1.128981000000000038e-03
1.919966999999999979e+00 1.270049000000000091e-03
1.925996000000000041e+00 1.414630000000000054e-03
1.932681000000000093e+00 1.585552000000000055e-03
1.938387000000000082e+00 1.745351999999999928e-03
1.945100000000000051e+00 1.946711999999999965e-03
1.951146999999999965e+00 2.138119999999999864e-03
1.957502999999999993e+00 2.349430999999999915e-03
1.963543999999999956e+00 2.563669000000000191e-03
1.969926000000000066e+00 2.800734000000000036e-03
1.975997000000000003e+00 3.039557000000000023e-03
1.982698999999999989e+00 3.307644000000000209e-03
1.988744999999999985e+00 3.564613999999999804e-03
1.995135000000000103e+00 3.847337000000000153e-03
2.001475999999999811e+00 4.131229999999999625e-03
2.007528000000000201e+00 4.414539000000000310e-03
2.014247999999999816e+00 4.738819000000000017e-03
2.019909999999999872e+00 5.019202000000000385e-03
2.026626999999999956e+00 5.353438000000000294e-03
2.032669999999999977e+00 5.668941999999999731e-03
2.039032000000000178e+00 5.998492999999999707e-03
2.045075000000000198e+00 6.322188999999999760e-03
2.051445999999999881e+00 6.670472000000000207e-03
2.057493000000000016e+00 7.004118999999999623e-03
2.064194000000000084e+00 7.376396999999999815e-03
2.070244999999999891e+00 7.722920999999999779e-03
2.076611999999999902e+00 8.087594000000000033e-03
2.082643000000000022e+00 8.441146000000000066e-03
2.089018999999999959e+00 8.814011999999999541e-03
2.095051000000000219e+00 9.178099999999999800e-03
2.101446000000000147e+00 9.560921000000000003e-03
2.108122999999999969e+00 9.965984000000000648e-03
2.114155999999999924e+00 1.033593000000000012e-02
2.120534999999999837e+00 1.072986000000000079e-02
2.126555999999999891e+00 1.110506999999999987e-02
2.132940000000000058e+00 1.150369000000000044e-02
2.138984000000000218e+00 1.188650999999999944e-02
2.145731000000000055e+00 1.231321999999999972e-02
2.151419000000000192e+00 1.268141000000000060e-02
2.158128000000000046e+00 1.310755000000000080e-02
2.164168999999999787e+00 1.350147999999999973e-02
2.170533999999999963e+00 1.391474000000000009e-02
2.176590000000000025e+00 1.430927000000000067e-02
2.182961000000000151e+00 1.472719999999999932e-02
2.188969999999999860e+00 1.512289999999999988e-02
2.195675000000000043e+00 1.556600999999999992e-02
2.202045000000000030e+00 1.598979000000000025e-02
2.208086999999999911e+00 1.639310000000000073e-02
2.214443999999999857e+00 1.681573000000000095e-02
2.220499999999999918e+00 1.722254000000000146e-02
2.227208000000000077e+00 1.766915999999999973e-02
2.232922999999999991e+00 1.805783000000000041e-02
2.239634999999999820e+00 1.851030000000000036e-02
2.245668999999999915e+00 1.892357000000000067e-02
2.252053999999999778e+00 1.935730000000000089e-02
2.258072999999999997e+00 1.976939000000000127e-02
2.264447999999999794e+00 2.020488999999999966e-02
2.270494999999999930e+00 2.062106999999999829e-02
2.277179999999999982e+00 2.107704999999999995e-02
2.283217000000000052e+00 2.149440999999999852e-02
2.289587000000000039e+00 2.193341999999999861e-02
2.295636000000000010e+00 2.235370000000000065e-02
2.301991999999999816e+00 2.279329999999999898e-02
2.308699999999999974e+00 2.325806000000000054e-02
2.314414999999999889e+00 2.365785999999999931e-02
2.321149000000000129e+00 2.412262000000000087e-02
2.327189999999999870e+00 2.454347999999999946e-02
2.333572000000000202e+00 2.498892999999999948e-02
2.339590999999999976e+00 2.541037999999999977e-02
2.345962999999999798e+00 2.585818000000000144e-02
2.352002000000000148e+00 2.627962999999999827e-02
2.358722000000000207e+00 2.675082999999999975e-02
2.364399000000000139e+00 2.715238000000000027e-02
2.371113999999999944e+00 2.762415999999999830e-02
2.377142999999999784e+00 2.804970999999999853e-02
2.383506999999999820e+00 2.850043999999999841e-02
2.389552999999999816e+00 2.892890999999999865e-02
2.395925999999999778e+00 2.937787000000000037e-02
2.402661000000000158e+00 2.985434000000000004e-02
2.408685000000000187e+00 3.028397999999999854e-02
2.415045000000000108e+00 3.073470999999999842e-02
2.421091999999999800e+00 3.116669999999999857e-02
2.427458999999999811e+00 3.161917999999999673e-02
2.433492999999999906e+00 3.205174999999999691e-02
2.440205999999999875e+00 3.252294000000000018e-02
2.445927999999999880e+00 3.293267999999999890e-02
2.452592000000000105e+00 3.340332000000000023e-02
2.458632000000000151e+00 3.383471999999999869e-02
2.465014000000000038e+00 3.428541999999999701e-02
2.471028000000000002e+00 3.471566999999999709e-02
2.477406999999999915e+00 3.516752000000000072e-02
2.483452000000000215e+00 3.560068000000000260e-02
2.490181999999999896e+00 3.607538999999999885e-02
2.495893999999999835e+00 3.648516000000000259e-02
2.502610999999999919e+00 3.696105000000000224e-02
2.508987999999999996e+00 3.741938000000000208e-02
2.515000000000000124e+00 3.784727000000000230e-02
2.521710999999999814e+00 3.832374000000000197e-02
2.527417999999999942e+00 3.873174000000000061e-02
2.534100000000000019e+00 3.920645999999999853e-02
2.540147999999999850e+00 3.963610000000000050e-02
2.546508000000000216e+00 4.008856999999999698e-02
2.552559000000000022e+00 4.051761000000000251e-02
2.558924999999999894e+00 4.097068999999999711e-02
2.564960000000000129e+00 4.139915000000000261e-02
2.571680999999999884e+00 4.187093000000000065e-02
2.577347000000000055e+00 4.227132000000000112e-02
2.584061999999999859e+00 4.274487999999999899e-02
2.590107999999999855e+00 4.317043000000000269e-02
2.596477000000000146e+00 4.362230999999999748e-02
2.602828000000000142e+00 4.406656999999999935e-02
2.608877000000000113e+00 4.449506000000000294e-02
2.615601999999999983e+00 4.496743999999999741e-02
2.621602999999999906e+00 4.539064999999999767e-02
2.627997999999999834e+00 4.584077999999999764e-02
2.634031999999999929e+00 4.626631999999999967e-02
2.640376999999999974e+00 4.671117000000000324e-02
2.646417000000000019e+00 4.713438999999999823e-02
2.653128999999999849e+00 4.760734999999999967e-02
2.658856000000000108e+00 4.801240999999999842e-02
2.665604999999999780e+00 4.848187000000000330e-02
2.671638999999999875e+00 4.890565999999999663e-02
2.678002000000000216e+00 4.935638999999999998e-02
2.684023999999999965e+00 4.977312999999999876e-02
2.690408000000000133e+00 5.021918000000000215e-02
2.696442999999999923e+00 5.064120999999999900e-02
2.703186999999999784e+00 5.111124000000000223e-02
2.709505000000000052e+00 5.155142000000000058e-02
2.715538000000000007e+00 5.197638999999999732e-02
2.721926999999999985e+00 5.242125000000000257e-02
2.727962999999999916e+00 5.284388999999999753e-02
2.734674000000000049e+00 5.331273000000000262e-02
2.740365000000000162e+00 5.370843000000000145e-02
2.747081000000000106e+00 5.417496000000000117e-02
2.753114000000000061e+00 5.459463999999999984e-02
2.759497999999999784e+00 5.503953000000000317e-02
2.765550000000000175e+00 5.546098000000000000e-02
2.771889999999999965e+00 5.590114999999999668e-02
2.777946000000000026e+00 5.631790999999999880e-02
2.784653000000000045e+00 5.678032999999999691e-02
2.790328999999999837e+00 5.717545000000000266e-02
2.797035000000000160e+00 5.764255000000000073e-02
2.803396999999999917e+00 5.807803999999999744e-02
2.809454000000000118e+00 5.849717000000000111e-02
2.815821000000000129e+00 5.893558000000000130e-02
2.821867000000000125e+00 5.935059000000000168e-02
2.828574999999999839e+00 5.981125999999999804e-02
2.834643999999999942e+00 6.023152999999999840e-02
2.841007999999999978e+00 6.066763000000000017e-02
2.847045000000000048e+00 6.108264000000000055e-02
2.853451000000000182e+00 6.152283000000000057e-02
2.859459000000000195e+00 6.193491000000000274e-02
2.866168000000000049e+00 6.239379999999999926e-02
2.871871000000000063e+00 6.278775999999999802e-02
2.878547999999999885e+00 6.324778999999999818e-02
2.884584999999999955e+00 6.365991000000000011e-02
2.890976999999999908e+00 6.409835999999999312e-02
2.897012999999999838e+00 6.451099000000000416e-02
2.903370999999999924e+00 6.494651999999999370e-02
2.910082000000000058e+00 6.540543000000000051e-02
2.916134000000000004e+00 6.581866999999999579e-02
2.922518000000000171e+00 6.625301999999999580e-02
2.928561000000000192e+00 6.666684000000000498e-02
2.934934999999999850e+00 6.709768000000000676e-02
2.940955000000000208e+00 6.750625000000000375e-02
2.947671999999999848e+00 6.796341999999999661e-02
2.953377000000000141e+00 6.834858000000000600e-02
2.960094999999999921e+00 6.880337999999999732e-02
2.966098999999999819e+00 6.921252999999999433e-02
2.972468999999999806e+00 6.964568999999999621e-02
2.978508000000000155e+00 7.005483999999999323e-02
2.984872999999999887e+00 7.048504999999999354e-02
2.990927999999999809e+00 7.089542999999999540e-02
2.997632999999999992e+00 7.134609999999999563e-02
3.004026999999999781e+00 7.178339000000000247e-02
3.010079000000000171e+00 7.219659999999999966e-02
3.016456999999999944e+00 7.263095999999999441e-02
3.022495999999999849e+00 7.303777999999999659e-02
3.028843999999999870e+00 7.346682999999999686e-02
3.034898999999999791e+00 7.387952000000000408e-02
3.041612999999999900e+00 7.432846999999999371e-02
3.047625000000000028e+00 7.473412000000000111e-02
3.053997999999999990e+00 7.516374000000000666e-02
3.060029999999999806e+00 7.556999000000000355e-02
3.066403000000000212e+00 7.599553000000000558e-02
3.072421999999999986e+00 7.640059999999999907e-02
3.079152000000000111e+00 7.685015000000000596e-02
3.084874999999999812e+00 7.723415999999999615e-02
3.091569999999999929e+00 7.767606000000000510e-02
3.097605999999999860e+00 7.807997999999999328e-02
3.103963999999999945e+00 7.850374000000000241e-02
3.110364999999999824e+00 7.892754999999999910e-02
3.116373999999999977e+00 7.933141000000000498e-02
3.123080999999999996e+00 7.978330999999999618e-02
3.129131999999999802e+00 8.018896999999999831e-02
3.135466999999999782e+00 8.061042000000000207e-02
3.141507999999999967e+00 8.101901000000000241e-02
3.147892000000000134e+00 8.144511000000000112e-02
3.153947000000000056e+00 8.184845000000000315e-02
3.160616999999999788e+00 8.229095000000000160e-02
3.166322000000000081e+00 8.267201999999999884e-02
3.173043999999999976e+00 8.311920000000000419e-02
3.179104000000000152e+00 8.351959000000000466e-02
3.185494999999999965e+00 8.394397000000000664e-02
3.191526999999999781e+00 8.434846000000000010e-02
3.197883000000000031e+00 8.477049000000000389e-02
3.204591999999999885e+00 8.521301000000000569e-02
3.210634000000000210e+00 8.561396000000000284e-02
3.217026000000000163e+00 8.603542000000000134e-02
3.223031999999999897e+00 8.643578999999999846e-02
3.229410999999999810e+00 8.685663999999999885e-02
3.235444000000000209e+00 8.725644999999999929e-02
3.241814000000000195e+00 8.767555999999999961e-02
3.247844999999999871e+00 8.807473000000000385e-02
3.254563000000000095e+00 8.851905999999999664e-02
3.260625999999999802e+00 8.891883000000000425e-02
3.267049000000000092e+00 8.934029999999999749e-02
3.273083999999999882e+00 8.974184999999999801e-02
3.279465000000000074e+00 9.506088999999999511e-02
3.285486000000000129e+00 9.560293000000000263e-02
3.292192000000000007e+00 9.610225000000000017e-02
3.297892000000000046e+00 9.652014999999999900e-02
3.304626999999999981e+00 9.703053999999999846e-02
3.310964999999999936e+00 9.750061000000000144e-02
3.316997999999999891e+00 9.813747999999999916e-02
3.323373000000000133e+00 9.868535999999999975e-02
3.329394999999999882e+00 9.916360999999999926e-02
3.336108999999999991e+00 9.968514000000000541e-02
3.342157999999999962e+00 1.001322999999999935e-01
3.348568000000000211e+00 1.005946999999999952e-01
3.354604999999999837e+00 1.010348999999999969e-01
3.360974999999999824e+00 1.014945000000000014e-01
3.367024999999999935e+00 1.019252999999999965e-01
3.373718000000000217e+00 1.024092999999999948e-01
3.379440999999999917e+00 1.028238000000000069e-01
3.386136000000000035e+00 1.032972999999999947e-01
3.392161999999999900e+00 1.037275000000000003e-01
3.398518000000000150e+00 1.041794000000000053e-01
3.404895999999999923e+00 1.046342999999999995e-01
3.410956000000000099e+00 1.050597999999999949e-01
3.417654999999999887e+00 1.055356999999999962e-01
3.423687000000000147e+00 1.059659000000000018e-01
3.430067999999999895e+00 1.064201000000000036e-01
3.436107999999999940e+00 1.068515000000000020e-01
3.442480999999999902e+00 1.073063999999999962e-01
3.448522000000000087e+00 1.077382999999999952e-01
3.454911000000000065e+00 1.082007999999999998e-01
3.460919000000000079e+00 1.086315999999999948e-01
3.467620999999999842e+00 1.091103999999999963e-01
3.473672999999999789e+00 1.095441000000000054e-01
3.480017000000000138e+00 1.099930999999999964e-01
3.486069999999999780e+00 1.104239000000000054e-01
3.492434999999999956e+00 1.108740000000000003e-01
3.498458999999999985e+00 1.113037000000000054e-01
3.505161999999999889e+00 1.117782999999999971e-01
3.511553999999999842e+00 1.122326000000000018e-01
3.517606999999999928e+00 1.126617000000000035e-01
3.523997000000000046e+00 1.131153000000000020e-01
3.530043000000000042e+00 1.135402999999999968e-01
3.536414000000000168e+00 1.139898000000000022e-01
3.542438999999999893e+00 1.144183000000000006e-01
3.549163000000000068e+00 1.148948000000000053e-01
3.555177000000000032e+00 1.153214999999999935e-01
3.561570000000000125e+00 1.157780999999999949e-01
3.567578999999999834e+00 1.162076999999999971e-01
3.573949999999999960e+00 1.166625000000000023e-01
3.580003000000000046e+00 1.170956999999999970e-01
3.586695999999999884e+00 1.175744999999999985e-01
3.592400000000000038e+00 1.179814000000000002e-01
3.599107000000000056e+00 1.184560999999999947e-01
3.605519999999999836e+00 1.189120000000000038e-01
3.611539000000000055e+00 1.193392999999999954e-01
3.617894999999999861e+00 1.197905999999999971e-01
3.623946000000000112e+00 1.202208000000000027e-01
3.630634999999999835e+00 1.206972999999999935e-01
3.636689000000000060e+00 1.211276000000000019e-01
3.643076999999999899e+00 1.215776999999999969e-01
3.649080999999999797e+00 1.220080000000000053e-01
3.655441000000000162e+00 1.224610000000000004e-01
3.661475999999999953e+00 1.228965000000000057e-01
3.667870000000000186e+00 1.233519000000000004e-01
3.673894000000000215e+00 1.237868000000000024e-01
3.680616000000000110e+00 1.242672999999999972e-01
3.686647999999999925e+00 1.246952999999999950e-01
3.693048999999999804e+00 1.251529999999999865e-01
3.699082000000000203e+00 1.255832000000000059e-01
3.705452000000000190e+00 1.260373999999999939e-01
3.712187999999999821e+00 1.265186000000000088e-01
3.718208000000000180e+00 1.269459000000000004e-01
3.724553999999999920e+00 1.273978000000000055e-01
3.730608000000000146e+00 1.278292000000000039e-01
3.736968000000000067e+00 1.282793000000000128e-01
3.743003999999999998e+00 1.287020000000000108e-01
3.749373999999999985e+00 1.291502999999999957e-01
3.755437999999999832e+00 1.295782000000000045e-01
3.762103999999999893e+00 1.300470999999999988e-01
3.768143999999999938e+00 1.304696999999999940e-01
3.774551000000000212e+00 1.309192000000000133e-01
3.780569999999999986e+00 1.313377000000000017e-01
3.786936999999999998e+00 1.317808000000000035e-01
3.792978999999999878e+00 1.321952999999999878e-01
3.799678000000000111e+00 1.326529999999999931e-01
3.806057000000000023e+00 1.330880000000000118e-01
3.812097000000000069e+00 1.334930000000000005e-01
3.818474000000000146e+00 1.339238000000000095e-01
3.824469000000000118e+00 1.343253000000000086e-01
3.830869999999999997e+00 1.347514999999999963e-01
3.836895000000000167e+00 1.351507000000000125e-01
3.843589999999999840e+00 1.355973000000000039e-01
3.849647000000000041e+00 1.359935999999999923e-01
3.856008000000000102e+00 1.364151000000000113e-01
3.862080000000000179e+00 1.368101999999999929e-01
3.868475000000000108e+00 1.372298999999999880e-01
3.874500999999999973e+00 1.376220999999999972e-01
3.880863000000000174e+00 1.380370999999999959e-01
3.886890999999999874e+00 1.384292000000000022e-01
3.893604999999999983e+00 1.388658999999999866e-01
3.899652000000000118e+00 1.392546000000000062e-01
3.906026000000000220e+00 1.396667000000000047e-01
3.912364000000000175e+00 1.400711000000000039e-01
3.918407999999999891e+00 1.404563000000000061e-01
3.925127999999999950e+00 1.408889000000000113e-01
3.931144000000000194e+00 1.412699000000000038e-01
3.937565000000000204e+00 1.416778999999999955e-01
3.943604000000000109e+00 1.420625000000000082e-01
3.949936000000000114e+00 1.424628000000000005e-01
3.955973000000000184e+00 1.428404000000000063e-01
3.962353999999999932e+00 1.432430000000000092e-01
3.968393999999999977e+00 1.436187999999999909e-01
3.975096000000000185e+00 1.440391000000000032e-01
3.981142000000000181e+00 1.444114999999999982e-01
3.987493000000000176e+00 1.448066000000000075e-01
3.993513000000000090e+00 1.451783000000000101e-01
3.999902000000000069e+00 1.455728000000000022e-01
