1.000086000000000030e+00 -2.942680000000000089e-05
1.005134999999999890e+00 -2.942667999999999928e-05
1.009798999999999891e+00 -2.767069999999999919e-05
1.014842000000000022e+00 -3.059749999999999970e-05
1.019908999999999955e+00 -2.825605999999999929e-05
1.024909999999999988e+00 -2.884143000000000009e-05
1.029922999999999922e+00 -3.235364999999999812e-05
1.034961999999999938e+00 -3.118291999999999722e-05
1.040013999999999994e+00 -3.059746999999999760e-05
1.045055000000000067e+00 -3.118278000000000098e-05
1.050083000000000100e+00 -3.118282999999999770e-05
1.055080999999999936e+00 -3.176817000000000318e-05
1.059798999999999936e+00 -3.235359000000000070e-05
1.064813999999999927e+00 -3.118291999999999722e-05
1.069846000000000075e+00 -3.001221999999999842e-05
1.074872000000000050e+00 -3.001234000000000004e-05
1.079889000000000099e+00 -3.235373999999999764e-05
1.084923000000000082e+00 -2.942674000000000009e-05
1.089954000000000089e+00 -3.059755999999999712e-05
1.094977000000000089e+00 -3.118291999999999722e-05
1.100346000000000046e+00 -3.235368000000000022e-05
1.105377000000000054e+00 -3.176832000000000012e-05
1.110408999999999979e+00 -3.118282999999999770e-05
1.115453999999999946e+00 -3.118289000000000190e-05
1.120511999999999952e+00 -3.352434999999999693e-05
1.125559999999999894e+00 -3.352424000000000278e-05
1.130565999999999960e+00 -3.059764000000000272e-05
1.135610000000000008e+00 -3.410960000000000288e-05
1.140287000000000051e+00 -3.118291999999999722e-05
1.145321000000000033e+00 -3.352432000000000160e-05
1.150374000000000008e+00 -2.942680000000000089e-05
1.155400999999999900e+00 -3.001218999999999971e-05
1.160354000000000108e+00 -3.176823000000000060e-05
1.165432000000000023e+00 -3.235368000000000022e-05
1.170461999999999891e+00 -2.942680000000000089e-05
1.175497000000000014e+00 -3.293901999999999892e-05
1.180509000000000031e+00 -3.176823000000000060e-05
1.185534000000000088e+00 -3.352421000000000068e-05
1.190574000000000021e+00 -3.528051000000000283e-05
1.195313999999999988e+00 -3.001225000000000052e-05
1.200321999999999889e+00 -3.293892999999999940e-05
1.205403999999999920e+00 -3.059764000000000272e-05
1.210452000000000083e+00 -3.235344999999999768e-05
1.215473999999999943e+00 -3.176832000000000012e-05
1.220502999999999894e+00 -3.118294999999999932e-05
1.225529000000000091e+00 -3.059753000000000180e-05
1.230561000000000016e+00 -3.118278000000000098e-05
1.235479999999999912e+00 -3.176817000000000318e-05
1.240625000000000089e+00 -3.176846000000000314e-05
1.245287999999999951e+00 -3.001227999999999923e-05
1.250415000000000054e+00 -3.118282999999999770e-05
1.255387000000000031e+00 -3.176832000000000012e-05
1.260405999999999915e+00 -3.176836999999999684e-05
1.265433000000000030e+00 -3.118294999999999932e-05
1.270467999999999931e+00 -3.176823000000000060e-05
1.275509999999999922e+00 -2.942671000000000138e-05
1.280523999999999996e+00 -2.884136999999999928e-05
1.285573000000000077e+00 -3.001210000000000019e-05
1.290621000000000018e+00 -3.410949000000000197e-05
1.295751000000000097e+00 -3.176823000000000060e-05
1.301048999999999900e+00 -3.001234000000000004e-05
1.306068000000000007e+00 -3.176819999999999850e-05
1.311090000000000089e+00 -3.235347999999999978e-05
1.316114999999999924e+00 -3.176819999999999850e-05
1.321152000000000104e+00 -2.942674000000000009e-05
1.325876999999999972e+00 -3.059773000000000224e-05
1.330786999999999942e+00 -2.942685000000000100e-05
1.335890000000000022e+00 -3.059753000000000180e-05
1.340921999999999947e+00 -3.001218999999999971e-05
1.345960000000000045e+00 -2.884172000000000005e-05
1.351015999999999995e+00 -3.059753000000000180e-05
1.356030999999999986e+00 -3.118282999999999770e-05
1.361058000000000101e+00 -3.176810999999999898e-05
1.366095999999999977e+00 -2.825635999999999995e-05
1.371124999999999927e+00 -3.235364999999999812e-05
1.376025999999999971e+00 -2.942671000000000138e-05
1.380862999999999952e+00 -3.059746999999999760e-05
1.385874000000000050e+00 -2.825609000000000139e-05
1.390886999999999984e+00 -3.059755999999999712e-05
1.395928999999999975e+00 -3.001212999999999890e-05
1.400991000000000097e+00 -2.767078999999999871e-05
1.406001999999999974e+00 -2.708538999999999920e-05
1.410994000000000081e+00 -2.942705999999999875e-05
1.416045999999999916e+00 -2.825620999999999962e-05
1.421087999999999907e+00 -2.767089999999999963e-05
1.425896000000000052e+00 -2.708553999999999953e-05
1.431141999999999914e+00 -2.767089999999999963e-05
1.435764999999999958e+00 -2.708545000000000001e-05
1.440860999999999947e+00 -3.059761000000000062e-05
1.445896000000000070e+00 -2.825627000000000043e-05
1.450938000000000061e+00 -2.942690999999999843e-05
1.455975999999999937e+00 -2.474402000000000030e-05
1.460881000000000096e+00 -2.357340000000000032e-05
1.466067000000000009e+00 -2.767084999999999952e-05
1.471124000000000098e+00 -2.474410999999999982e-05
1.476140999999999925e+00 -2.298806999999999893e-05
1.481152999999999942e+00 -2.415893999999999946e-05
1.485878999999999950e+00 -2.357342999999999903e-05
1.490895999999999999e+00 -2.298835999999999889e-05
1.495902000000000065e+00 -2.181757000000000057e-05
1.501592000000000038e+00 -2.181744999999999895e-05
1.506607999999999947e+00 -2.006136000000000133e-05
1.511250999999999900e+00 -1.771997999999999835e-05
1.516359999999999930e+00 -1.947614000000000086e-05
1.521393999999999913e+00 -1.537878000000000118e-05
1.526402000000000037e+00 -1.713481999999999869e-05
1.531463000000000019e+00 -1.479348000000000020e-05
1.536470000000000002e+00 -1.362291999999999933e-05
1.541522999999999977e+00 -1.362269000000000018e-05
1.546612000000000098e+00 -8.939968999999999311e-06
1.551584000000000074e+00 -1.011073000000000001e-05
1.556629000000000040e+00 -3.086460999999999992e-06
1.561644000000000032e+00 -6.013172000000000371e-06
1.566330000000000000e+00 -3.086518999999999899e-06
1.571433000000000080e+00 5.693814999999999796e-06
1.576418000000000097e+00 3.937718999999999898e-06
1.581437999999999899e+00 1.388837999999999932e-05
1.586484999999999923e+00 9.205628999999999746e-06
1.591474999999999973e+00 1.271782000000000015e-05
1.596513000000000071e+00 1.798596000000000084e-05
1.601568000000000103e+00 2.442466000000000071e-05
1.606570999999999971e+00 3.788739999999999914e-05
1.611596999999999946e+00 3.379004000000000285e-05
1.616627000000000036e+00 4.959421000000000098e-05
1.621332999999999913e+00 4.491160999999999943e-05
1.626378000000000101e+00 5.369162000000000077e-05
1.631440999999999919e+00 7.008135000000000623e-05
1.636470000000000091e+00 7.125208999999999428e-05
1.641499999999999959e+00 9.583650000000000307e-05
1.646535000000000082e+00 9.525115999999999759e-05
1.651604000000000072e+00 1.087140999999999965e-04
1.656587999999999949e+00 1.198355999999999949e-04
1.661629999999999940e+00 1.362252000000000048e-04
1.666649000000000047e+00 1.613951000000000025e-04
1.671354999999999924e+00 1.707602000000000122e-04
1.676344999999999974e+00 1.941737999999999873e-04
1.681389999999999940e+00 2.123201999999999869e-04
1.686417000000000055e+00 2.328068999999999885e-04
1.691461000000000103e+00 2.603184000000000249e-04
1.696469999999999922e+00 2.854878999999999945e-04
1.701832000000000011e+00 3.217793000000000042e-04
1.706882000000000010e+00 3.475344999999999910e-04
1.711908999999999903e+00 3.814844999999999760e-04
1.716936999999999935e+00 4.154342000000000213e-04
1.721964999999999968e+00 4.540665999999999734e-04
1.727009000000000016e+00 4.991379999999999905e-04
1.732042000000000082e+00 5.436244999999999923e-04
1.737082999999999933e+00 5.916219999999999812e-04
1.742097000000000007e+00 6.431327999999999828e-04
1.747142999999999891e+00 6.981544000000000118e-04
1.751829000000000081e+00 7.520060999999999760e-04
1.756863000000000063e+00 8.158091999999999818e-04
1.761870000000000047e+00 8.842942999999999810e-04
1.766901000000000055e+00 9.510229999999999509e-04
1.771930000000000005e+00 1.027118000000000041e-03
1.776963999999999988e+00 1.106138999999999907e-03
1.781981999999999955e+00 1.188672999999999900e-03
1.787018999999999913e+00 1.277060000000000001e-03
1.792056000000000093e+00 1.371299999999999993e-03
1.797087000000000101e+00 1.466711000000000100e-03
1.802152999999999894e+00 1.568560000000000093e-03
1.806850999999999985e+00 1.666898999999999898e-03
1.811887000000000025e+00 1.779283999999999900e-03
1.816909000000000107e+00 1.894012000000000039e-03
1.821944000000000008e+00 2.013422999999999862e-03
1.826959999999999917e+00 2.138100999999999891e-03
1.831993999999999900e+00 2.264533999999999905e-03
1.837028000000000105e+00 2.394480000000000046e-03
1.842068000000000039e+00 2.531451000000000100e-03
1.847067000000000014e+00 2.669004999999999902e-03
1.852109000000000005e+00 2.813000999999999870e-03
1.857142000000000071e+00 2.962263000000000136e-03
1.861836999999999964e+00 3.103915999999999967e-03
1.866849999999999898e+00 3.256690000000000019e-03
1.871895000000000087e+00 3.417658000000000067e-03
1.876927999999999930e+00 3.585069000000000190e-03
1.881958999999999937e+00 3.748379000000000034e-03
1.886995999999999896e+00 3.919884999999999689e-03
1.892085000000000017e+00 4.100170000000000203e-03
1.897116999999999942e+00 4.276944999999999879e-03
1.902482000000000006e+00 4.473033000000000391e-03
1.907523999999999997e+00 4.660344999999999765e-03
1.912533999999999956e+00 4.849410000000000179e-03
1.917585000000000095e+00 5.045499000000000164e-03
1.922608000000000095e+00 5.243346999999999765e-03
1.927650000000000086e+00 5.444118000000000394e-03
1.932646000000000086e+00 5.650157999999999743e-03
1.937341999999999897e+00 5.841566000000000293e-03
1.942377999999999938e+00 6.050533999999999774e-03
1.947413000000000061e+00 6.263602000000000058e-03
1.952450999999999937e+00 6.480177000000000159e-03
1.957472000000000101e+00 6.698509000000000060e-03
1.962514000000000092e+00 6.920350999999999933e-03
1.967548999999999992e+00 7.145712999999999718e-03
1.972591999999999901e+00 7.368140999999999927e-03
1.977640000000000065e+00 7.599352999999999664e-03
1.982672999999999908e+00 7.829974999999999435e-03
1.987706999999999891e+00 8.061775000000000191e-03
1.992402999999999924e+00 8.281863000000000419e-03
1.997430999999999957e+00 8.516001999999999947e-03
2.002458999999999989e+00 8.753653999999999602e-03
2.007496999999999865e+00 8.995397999999999936e-03
2.012526999999999955e+00 9.237732000000000235e-03
2.017542000000000169e+00 9.477139000000000743e-03
2.022568999999999839e+00 9.720054000000000541e-03
2.027614999999999945e+00 9.969992999999999911e-03
2.032639000000000085e+00 1.021467000000000035e-02
2.037684000000000051e+00 1.046225999999999927e-02
2.042685999999999780e+00 1.071220999999999979e-02
2.047388000000000208e+00 1.094693000000000055e-02
2.052417999999999854e+00 1.119745999999999936e-02
2.057453000000000198e+00 1.144914999999999995e-02
2.062498999999999860e+00 1.170261000000000044e-02
2.067530000000000090e+00 1.195839999999999924e-02
2.072560999999999876e+00 1.221536999999999970e-02
2.077589999999999826e+00 1.247175000000000020e-02
2.082619999999999916e+00 1.272930000000000068e-02
2.087641000000000080e+00 1.298626999999999941e-02
2.092680000000000096e+00 1.324673999999999990e-02
2.097388000000000030e+00 1.348966000000000054e-02
2.103054000000000201e+00 1.378234000000000056e-02
2.108099000000000167e+00 1.404397999999999931e-02
2.113125999999999838e+00 1.430621999999999970e-02
2.118167000000000133e+00 1.456963000000000008e-02
2.123200999999999894e+00 1.483186000000000053e-02
2.127870000000000150e+00 1.507652999999999945e-02
2.132913999999999977e+00 1.534051999999999985e-02
2.137941999999999787e+00 1.560509000000000028e-02
2.142990999999999868e+00 1.587318000000000062e-02
2.148044000000000064e+00 1.614010000000000097e-02
2.153070000000000039e+00 1.640408000000000144e-02
2.158097000000000154e+00 1.667099999999999832e-02
2.163142000000000120e+00 1.693615999999999872e-02
2.168149000000000104e+00 1.720307999999999907e-02
2.173192999999999930e+00 1.747233999999999940e-02
2.177899000000000029e+00 1.772227999999999998e-02
2.182926999999999840e+00 1.798978000000000035e-02
2.187972999999999946e+00 1.825844999999999899e-02
2.192956000000000127e+00 1.852536999999999934e-02
2.198001000000000094e+00 1.879522000000000137e-02
2.203015000000000168e+00 1.905977999999999839e-02
2.208063000000000109e+00 1.933079999999999868e-02
2.213071999999999928e+00 1.959947999999999899e-02
2.218119999999999870e+00 1.986521999999999941e-02
2.223148999999999820e+00 2.013565000000000146e-02
2.228193000000000090e+00 2.040784000000000001e-02
2.232901000000000025e+00 2.065778000000000059e-02
2.237924000000000024e+00 2.092878999999999920e-02
2.242954000000000114e+00 2.119862000000000135e-02
2.247994999999999965e+00 2.146669999999999828e-02
2.253016999999999825e+00 2.173773000000000025e-02
2.258042000000000105e+00 2.200757000000000060e-02
2.263085999999999931e+00 2.227859000000000089e-02
2.268111000000000210e+00 2.255311000000000121e-02
2.273159999999999847e+00 2.282355000000000148e-02
2.278146000000000004e+00 2.309456000000000009e-02
2.283189000000000135e+00 2.336616000000000040e-02
2.287888999999999839e+00 2.361962000000000089e-02
2.292927000000000159e+00 2.389296999999999949e-02
2.297937999999999814e+00 2.416282000000000152e-02
2.303644999999999943e+00 2.447244999999999976e-02
2.308669000000000082e+00 2.474289000000000002e-02
2.313382999999999967e+00 2.499983999999999887e-02
2.318437999999999999e+00 2.527437000000000086e-02
2.323479999999999990e+00 2.554655999999999941e-02
2.328505999999999965e+00 2.581699000000000147e-02
2.333550999999999931e+00 2.609151999999999999e-02
2.338591999999999782e+00 2.636370000000000033e-02
2.343596999999999930e+00 2.663588999999999887e-02
2.348628999999999856e+00 2.690630999999999926e-02
2.353664999999999896e+00 2.718084000000000125e-02
2.358703000000000216e+00 2.745302000000000159e-02
2.363357999999999848e+00 2.770647999999999861e-02
2.368403999999999954e+00 2.797983000000000067e-02
2.373425999999999814e+00 2.825201999999999922e-02
2.378465999999999969e+00 2.852829999999999949e-02
2.383474000000000093e+00 2.878877999999999993e-02
2.388526999999999845e+00 2.906330000000000024e-02
2.393545000000000034e+00 2.933840999999999880e-02
2.398588999999999860e+00 2.961118000000000083e-02
2.403620000000000090e+00 2.988454999999999931e-02
2.408656000000000130e+00 3.015730000000000147e-02
2.413689000000000195e+00 3.042949000000000001e-02
2.418371000000000048e+00 3.068177999999999878e-02
2.423416000000000015e+00 3.095045000000000088e-02
2.428421999999999858e+00 3.122379000000000127e-02
2.433457000000000203e+00 3.149596999999999813e-02
2.438492999999999800e+00 3.176641999999999660e-02
2.443541000000000185e+00 3.203742999999999869e-02
2.448544000000000054e+00 3.230728000000000072e-02
2.453571000000000168e+00 3.257593999999999768e-02
2.458604999999999929e+00 3.284988999999999965e-02
2.463642999999999805e+00 3.311974000000000168e-02
2.468646000000000118e+00 3.338723999999999859e-02
2.473348000000000102e+00 3.364244000000000262e-02
2.478397000000000183e+00 3.391345999999999944e-02
2.483429999999999804e+00 3.418213999999999975e-02
2.488475000000000215e+00 3.445548999999999834e-02
2.493511999999999951e+00 3.472180999999999879e-02
2.498574000000000073e+00 3.499457999999999736e-02
2.503925000000000178e+00 3.528140999999999916e-02
2.508951000000000153e+00 3.555181999999999787e-02
2.513968999999999898e+00 3.581933000000000339e-02
2.519003999999999799e+00 3.608742000000000200e-02
2.524036000000000168e+00 3.635493000000000058e-02
2.529087000000000085e+00 3.662535000000000096e-02
2.534076000000000217e+00 3.689284999999999787e-02
2.539102999999999888e+00 3.716210999999999820e-02
2.544146000000000019e+00 3.742784999999999862e-02
2.549179999999999779e+00 3.769770000000000065e-02
2.553869000000000167e+00 3.794824000000000114e-02
2.558920000000000083e+00 3.821631000000000333e-02
2.563946000000000058e+00 3.848382999999999665e-02
2.568976000000000148e+00 3.875188999999999717e-02
2.574015000000000164e+00 3.901878999999999764e-02
2.579009999999999803e+00 3.928395999999999971e-02
2.584036000000000222e+00 3.955088999999999827e-02
2.589083000000000023e+00 3.982075000000000198e-02
2.594104000000000187e+00 4.008177999999999741e-02
2.599130999999999858e+00 4.035164000000000112e-02
2.603829000000000171e+00 4.060216999999999993e-02
2.608855999999999842e+00 4.086675000000000030e-02
2.613900999999999808e+00 4.113482999999999723e-02
2.618913000000000046e+00 4.140117000000000103e-02
2.623934999999999906e+00 4.166691000000000145e-02
2.628966999999999832e+00 4.193502000000000340e-02
2.634008999999999823e+00 4.220074000000000047e-02
2.639044000000000167e+00 4.246648000000000089e-02
2.644055999999999962e+00 4.272930999999999951e-02
2.649099000000000093e+00 4.299739999999999812e-02
2.654123999999999928e+00 4.326313999999999854e-02
2.658831999999999862e+00 4.351366999999999735e-02
2.663882999999999779e+00 4.377824000000000298e-02
2.668928000000000189e+00 4.404456999999999817e-02
2.673953000000000024e+00 4.430797000000000208e-02
2.679000999999999966e+00 4.457722000000000073e-02
2.684009000000000089e+00 4.484178999999999943e-02
2.689043999999999990e+00 4.510697000000000317e-02
2.694065000000000154e+00 4.537038000000000182e-02
2.699110000000000120e+00 4.563550999999999719e-02
2.704452999999999996e+00 4.591822999999999738e-02
2.709490999999999872e+00 4.618280999999999775e-02
2.714532000000000167e+00 4.644797999999999982e-02
2.719561000000000117e+00 4.671199000000000184e-02
2.724603999999999804e+00 4.697712999999999889e-02
2.729607999999999812e+00 4.724114000000000091e-02
2.734653999999999918e+00 4.750453999999999788e-02
2.739344000000000001e+00 4.775389000000000023e-02
2.744378000000000206e+00 4.801612999999999715e-02
2.749411999999999967e+00 4.827895000000000103e-02
2.754446000000000172e+00 4.854528999999999789e-02
2.759473999999999982e+00 4.881278000000000006e-02
2.764512999999999998e+00 4.908321000000000212e-02
2.769537999999999833e+00 4.934542000000000095e-02
2.774557999999999858e+00 4.960707999999999784e-02
2.779596999999999873e+00 4.987517000000000339e-02
2.784629999999999939e+00 5.013680000000000220e-02
2.789347999999999939e+00 5.038383999999999918e-02
2.794341999999999882e+00 5.679043999999999759e-02
2.799363000000000046e+00 5.720950999999999814e-02
2.804403000000000201e+00 5.755195999999999923e-02
2.809438000000000102e+00 5.787740999999999719e-02
2.814449000000000201e+00 5.819230999999999709e-02
2.819488000000000216e+00 5.850195999999999869e-02
2.824532000000000043e+00 5.881510999999999684e-02
2.829577000000000009e+00 5.912888000000000172e-02
2.834632000000000041e+00 5.943852000000000163e-02
2.839647999999999950e+00 5.974639000000000338e-02
2.844352000000000213e+00 6.002852999999999661e-02
2.849384000000000139e+00 6.033580999999999667e-02
2.854401999999999884e+00 6.064486999999999656e-02
2.859443999999999875e+00 6.095396000000000147e-02
2.864484000000000030e+00 6.126303000000000304e-02
2.869507000000000030e+00 6.156856000000000134e-02
2.874550999999999856e+00 6.187702999999999953e-02
2.879551000000000194e+00 6.218607000000000301e-02
2.884574000000000193e+00 6.248988999999999933e-02
2.889610999999999930e+00 6.279427999999999399e-02
2.894646999999999970e+00 6.310156999999999572e-02
2.899322999999999873e+00 6.338312000000000113e-02
2.905043000000000042e+00 6.373083999999999694e-02
2.910070000000000157e+00 6.403697999999999335e-02
2.915112999999999843e+00 6.434721999999999664e-02
2.920141000000000098e+00 6.466386999999999829e-02
2.924837000000000131e+00 6.495713000000000181e-02
2.929873999999999867e+00 6.526677999999999646e-02
2.934909000000000212e+00 6.557520999999999489e-02
2.939944999999999808e+00 6.588956999999999453e-02
2.944964999999999833e+00 6.619746999999999437e-02
2.950004999999999988e+00 6.650591999999999615e-02
2.955029000000000128e+00 6.681267999999999929e-02
2.960078999999999905e+00 6.712171000000000110e-02
2.965063999999999922e+00 6.742607000000000461e-02
2.970101000000000102e+00 6.773397000000000445e-02
2.975124999999999797e+00 6.803952000000000611e-02
2.979836999999999847e+00 6.832929999999999560e-02
2.984856999999999871e+00 6.863250999999999380e-02
2.989883999999999986e+00 6.893630000000000591e-02
2.994930999999999788e+00 6.924360000000000237e-02
2.999962000000000018e+00 6.955324000000000229e-02
