-8.033139999999999378e-03 8.103225000000000088e-08
2.176773999999999810e-03 1.216026000000000118e-07
7.970944000000000640e-03 2.503096999999999931e-07
3.000223000000000126e-02 4.906763999999999613e-07
4.000946999999999837e-02 4.412723000000000119e-07
-5.551327999999999818e-02 2.083007999999999960e-07
5.999916999999999750e-02 6.013767000000000490e-07
7.000069999999999903e-02 4.649648999999999894e-07
-4.251130999999999660e-02 2.590775999999999905e-07
8.999406999999999546e-02 5.717673999999999825e-07
9.999594000000000538e-02 5.608461000000000367e-07
-1.766148000000000023e-02 3.010887999999999928e-07
1.199875999999999998e-01 6.247531999999999936e-07
1.299948999999999966e-01 6.713295000000000029e-07
5.752995000000000331e-03 4.063957999999999974e-07
1.499956000000000067e-01 6.875832999999999733e-07
1.600119000000000125e-01 7.484935999999999838e-07
3.020163000000000014e-02 3.889166000000000191e-07
1.799861000000000100e-01 8.457911000000000250e-07
1.899944000000000077e-01 8.306028000000000319e-07
5.524752000000000135e-02 4.330355000000000000e-07
2.099939999999999862e-01 7.849564999999999654e-07
2.199838000000000071e-01 7.911256000000000442e-07
7.970902000000000542e-02 4.675118000000000002e-07
7.984787999999999608e-02 4.307587000000000229e-07
9.886145999999999823e-02 6.855563999999999699e-07
2.599852000000000274e-01 8.391359999999999775e-07
2.700080999999999731e-01 1.005696000000000061e-06
1.204743999999999954e-01 8.427977000000000242e-07
2.899913000000000074e-01 1.031120000000000090e-06
2.999949000000000088e-01 1.168867000000000086e-06
1.489880000000000093e-01 6.992177999999999972e-07
3.199988000000000277e-01 1.508700000000000056e-06
3.300107999999999930e-01 1.599313000000000022e-06
1.721890000000000087e-01 1.029251999999999984e-06
3.499998000000000276e-01 1.860027000000000089e-06
3.599665000000000226e-01 2.480807999999999830e-06
1.963855999999999935e-01 1.493329999999999939e-06
3.799950000000000272e-01 2.640108999999999967e-06
1.926863000000000048e-01 3.252682000000000141e-06
2.057587999999999917e-01 4.145517000000000208e-06
4.099677999999999933e-01 6.617011999999999827e-06
2.374476000000000087e-01 5.687253999999999742e-06
4.299908000000000063e-01 1.018232000000000045e-05
4.399975999999999887e-01 1.270644000000000027e-05
4.499640999999999780e-01 1.596248000000000035e-05
4.599754999999999816e-01 1.826071000000000020e-05
4.700065999999999966e-01 2.590615999999999999e-05
4.799761000000000166e-01 3.356171000000000160e-05
4.899769999999999959e-01 4.365447999999999882e-05
4.999887000000000081e-01 5.701114000000000317e-05
5.099574000000000051e-01 7.414183999999999824e-05
5.191371000000000180e-01 9.479674000000000271e-05
5.299660999999999955e-01 1.253763999999999877e-04
5.399758999999999531e-01 1.614843999999999882e-04
5.499806999999999890e-01 2.075970999999999914e-04
5.599556999999999451e-01 2.650171000000000211e-04
5.699714000000000169e-01 3.371108000000000047e-04
5.799773000000000289e-01 4.275179000000000154e-04
5.899497000000000213e-01 5.399965000000000060e-04
5.999643999999999533e-01 6.812011000000000194e-04
6.099668000000000312e-01 8.574382000000000401e-04
6.199672999999999989e-01 1.077381999999999992e-03
6.299879000000000451e-01 1.353280000000000108e-03
6.399926999999999699e-01 1.696493000000000089e-03
6.499656000000000322e-01 2.123737000000000107e-03
6.599762000000000128e-01 2.658554000000000039e-03
6.699827999999999895e-01 3.325041999999999841e-03
6.799619999999999553e-01 4.152600000000000215e-03
6.899703999999999837e-01 5.184949000000000328e-03
6.999457000000000040e-01 6.461238000000000224e-03
7.099480000000000235e-01 8.044697999999999433e-03
7.199491999999999559e-01 9.998338000000000711e-03
7.299634000000000400e-01 1.241657000000000004e-02
7.399727999999999861e-01 1.534832000000000037e-02
7.499894000000000283e-01 1.890663000000000066e-02
7.599639000000000255e-01 2.316230000000000025e-02
7.699726000000000070e-01 2.824116000000000126e-02
7.799825999999999704e-01 3.419962000000000002e-02
7.899532000000000220e-01 4.109171999999999825e-02
7.999678000000000067e-01 4.901963000000000154e-02
8.099773999999999585e-01 5.798240000000000338e-02
8.199495999999999452e-01 6.795442999999999623e-02
8.299577999999999678e-01 7.899361000000000577e-02
8.399594000000000227e-01 9.103302000000000616e-02
8.499824999999999742e-01 1.043388999999999983e-01
8.599961000000000411e-01 1.182306999999999941e-01
8.699786999999999937e-01 1.329869999999999941e-01
8.799911999999999734e-01 1.486219000000000012e-01
8.899949000000000332e-01 1.650158999999999931e-01
8.999740999999999991e-01 1.820731999999999906e-01
9.099876000000000076e-01 1.998317000000000010e-01
9.200013000000000218e-01 2.182095000000000007e-01
9.299783999999999828e-01 2.370929999999999982e-01
9.399908000000000152e-01 2.565628999999999826e-01
9.499963999999999631e-01 2.765000000000000235e-01
9.599739999999999940e-01 2.968263999999999903e-01
9.611288000000000054e-01 2.998923000000000005e-01
