9.237450000000000131e-04 -3.587155000000000047e-05
6.121721999999999581e-03 -3.470085000000000167e-05
1.096237000000000079e-02 -3.645708999999999961e-05
1.597522999999999999e-02 -3.353037999999999863e-05
2.101029999999999912e-02 -3.645714999999999703e-05
2.507453999999999933e-02 -3.411568000000000131e-05
3.008898000000000128e-02 -3.762760999999999938e-05
3.509799999999999726e-02 -3.470089999999999839e-05
4.010630999999999918e-02 -3.821312999999999712e-05
4.512395999999999768e-02 -3.587180999999999833e-05
5.013378999999999752e-02 -3.587171999999999881e-05
5.514650000000000107e-02 -3.821303999999999760e-05
6.015621000000000163e-02 -3.762766999999999680e-05
6.516845999999999750e-02 -3.528630000000000129e-05
7.016285999999999357e-02 -3.528635999999999871e-05
7.519937000000000149e-02 -3.528635999999999871e-05
8.020528000000000379e-02 -3.645712000000000171e-05
8.521639999999999771e-02 -3.528630000000000129e-05
9.022858000000000267e-02 -3.645717999999999913e-05
9.523186000000000151e-02 -3.587180999999999833e-05
1.002505999999999953e-01 -3.470096000000000259e-05
1.052664999999999990e-01 -3.704233999999999880e-05
1.102767000000000053e-01 -3.470102000000000001e-05
1.152938000000000018e-01 -3.704262999999999875e-05
1.203011999999999970e-01 -3.821298000000000018e-05
1.253211999999999937e-01 -3.645712000000000171e-05
1.303331000000000073e-01 -3.411580000000000293e-05
1.353457000000000132e-01 -3.470093000000000049e-05
1.403505999999999920e-01 -3.470096000000000259e-05
1.453686999999999896e-01 -3.411560000000000249e-05
1.503629999999999967e-01 -3.353023000000000169e-05
1.553895999999999888e-01 -3.353037999999999863e-05
1.604042999999999997e-01 -3.353037999999999863e-05
1.654255000000000031e-01 -3.645696999999999800e-05
1.704289999999999972e-01 -3.411568000000000131e-05
1.754439000000000137e-01 -3.177425000000000160e-05
1.804589000000000054e-01 -3.470107999999999743e-05
1.854704000000000075e-01 -3.704259999999999666e-05
1.904792999999999903e-01 -3.353054999999999697e-05
1.954936999999999925e-01 -3.411582999999999825e-05
2.005032999999999954e-01 -3.528650000000000173e-05
2.055201000000000111e-01 -3.704244999999999971e-05
2.105432999999999888e-01 -3.411568000000000131e-05
2.155730999999999897e-01 -3.470096000000000259e-05
2.205547999999999953e-01 -3.235973000000000332e-05
2.255408000000000135e-01 -3.528652999999999705e-05
2.306049000000000015e-01 -3.294498000000000250e-05
2.355912000000000006e-01 -3.235975999999999864e-05
2.406094000000000011e-01 -3.235971000000000192e-05
2.455969000000000069e-01 -3.294509999999999735e-05
2.506543999999999994e-01 -3.470114000000000163e-05
2.556404999999999927e-01 -3.294498000000000250e-05
2.606712999999999947e-01 -3.353048999999999955e-05
2.656540000000000012e-01 -3.528664999999999867e-05
2.707051999999999792e-01 -3.353037999999999863e-05
2.756960999999999995e-01 -3.235975999999999864e-05
2.806715000000000182e-01 -3.353041000000000073e-05
2.857102000000000253e-01 -3.353052000000000165e-05
2.907641000000000253e-01 -3.177446000000000274e-05
2.957563999999999749e-01 -3.118920999999999678e-05
3.007433999999999941e-01 -3.177439999999999854e-05
3.057315999999999923e-01 -3.294509999999999735e-05
3.107878000000000029e-01 -3.235984999999999816e-05
3.158175999999999761e-01 -3.177439999999999854e-05
3.207994000000000123e-01 -3.353048999999999955e-05
3.257921999999999763e-01 -3.528664999999999867e-05
3.308498000000000272e-01 -3.235988000000000026e-05
3.358225000000000238e-01 -3.235984999999999816e-05
3.408589000000000202e-01 -3.235984999999999816e-05
3.458471000000000184e-01 -3.235982000000000284e-05
3.509114999999999873e-01 -3.118905999999999984e-05
3.558932000000000206e-01 -3.294509999999999735e-05
3.609181000000000195e-01 -3.177446000000000274e-05
3.659101000000000159e-01 -3.001861999999999890e-05
3.709643000000000246e-01 -3.294518999999999687e-05
3.759504000000000179e-01 -3.118923999999999888e-05
3.809393999999999836e-01 -3.177443000000000064e-05
3.859622999999999804e-01 -3.001867999999999971e-05
3.909855999999999887e-01 -3.060390000000000018e-05
3.960144999999999915e-01 -2.943307999999999976e-05
4.009958000000000133e-01 -3.001832999999999894e-05
4.059807000000000277e-01 -2.943307999999999976e-05
4.110373999999999972e-01 -2.650636999999999877e-05
4.160447999999999924e-01 -2.884769000000000095e-05
4.210490000000000066e-01 -2.592095000000000125e-05
4.260440999999999812e-01 -2.826247000000000047e-05
4.310941999999999830e-01 -2.767716000000000048e-05
4.360874000000000139e-01 -2.592124000000000121e-05
4.411047000000000162e-01 -2.650665999999999873e-05
4.460965000000000069e-01 -2.592118000000000040e-05
4.511507000000000156e-01 -2.475035999999999998e-05
4.561350000000000127e-01 -2.650655000000000120e-05
4.611677000000000137e-01 -2.240915999999999942e-05
4.661542000000000185e-01 -2.006785000000000133e-05
4.712105999999999795e-01 -1.831210000000000040e-05
4.762127999999999917e-01 -1.948254000000000134e-05
4.811872999999999845e-01 -1.948257000000000005e-05
4.862099999999999755e-01 -1.421449000000000017e-05
4.912341000000000069e-01 -1.187332000000000002e-05
4.962552000000000074e-01 -1.070276000000000085e-05
5.012531999999999544e-01 -8.946575999999999365e-06
5.062301999999999635e-01 -7.190566999999999963e-06
5.112938000000000205e-01 -4.263885999999999989e-06
5.163071000000000188e-01 -1.665320999999999907e-07
5.213039000000000422e-01 4.187168000000000188e-07
5.262907000000000002e-01 6.272167000000000421e-06
5.313383999999999885e-01 8.613365999999999891e-06
5.363386999999999460e-01 1.563751999999999864e-05
5.413531999999999789e-01 2.324670999999999956e-05
5.463428000000000173e-01 2.851477000000000143e-05
5.513953999999999800e-01 3.670950999999999880e-05
5.563873999999999764e-01 4.197735999999999953e-05
5.614107999999999876e-01 5.426958999999999890e-05
5.663991999999999916e-01 6.363486000000000012e-05
5.714611000000000551e-01 7.182956000000000486e-05
5.764453000000000493e-01 8.997481000000000532e-05
5.814335999999999949e-01 1.016814999999999988e-04
5.864521999999999791e-01 1.168999999999999955e-04
5.914808999999999761e-01 1.338749999999999879e-04
5.965068999999999511e-01 1.567029000000000002e-04
6.014935000000000143e-01 1.766039000000000118e-04
6.064872999999999514e-01 2.029443000000000078e-04
6.115357999999999628e-01 2.292843000000000029e-04
6.165606000000000142e-01 2.614776000000000188e-04
6.215526999999999580e-01 2.989391999999999787e-04
6.265401000000000442e-01 3.381564000000000206e-04
6.315979000000000454e-01 3.855684000000000064e-04
6.365792000000000117e-01 4.341505000000000169e-04
6.416070000000000384e-01 4.932699000000000458e-04
6.465940000000000021e-01 5.576561000000000495e-04
6.516459000000000001e-01 6.325791000000000096e-04
6.566399000000000541e-01 7.127697999999999803e-04
6.616286000000000111e-01 8.058378999999999846e-04
6.666512999999999467e-01 9.111984000000000273e-04
6.717026000000000385e-01 1.024752999999999992e-03
6.766982000000000275e-01 1.151770000000000094e-03
6.816841999999999624e-01 1.299274999999999909e-03
6.867016999999999705e-01 1.459657000000000055e-03
6.917332000000000480e-01 1.638768999999999990e-03
6.967478000000000282e-01 1.840122999999999932e-03
7.017379999999999729e-01 2.061379999999999810e-03
7.067309999999999981e-01 2.306049000000000120e-03
7.117824999999999847e-01 2.584667000000000128e-03
7.168063999999999547e-01 2.889039999999999837e-03
7.217936000000000352e-01 3.219755999999999833e-03
7.267854000000000259e-01 3.580906999999999927e-03
7.318411000000000222e-01 3.989470999999999642e-03
7.368329999999999602e-01 4.424957999999999669e-03
7.418576000000000059e-01 4.909029999999999991e-03
7.468458999999999515e-01 5.430561999999999889e-03
7.518985000000000252e-01 6.003012999999999752e-03
7.568867000000000234e-01 6.617033999999999937e-03
7.618814999999999893e-01 7.286655999999999862e-03
7.669030000000000014e-01 8.009538999999999548e-03
7.719549999999999468e-01 8.796813000000000549e-03
7.769458999999999671e-01 9.631494000000000860e-03
7.819359999999999644e-01 1.052881999999999950e-02
7.869561000000000472e-01 1.149462000000000053e-02
7.919810999999999934e-01 1.252773000000000081e-02
7.969990999999999604e-01 1.362465000000000030e-02
8.019912999999999625e-01 1.478946000000000080e-02
8.069760999999999740e-01 1.602510999999999866e-02
8.120361000000000384e-01 1.735673999999999897e-02
8.170617000000000019e-01 1.875452000000000022e-02
8.220442000000000027e-01 2.021844000000000072e-02
8.270370000000000221e-01 2.176312999999999859e-02
8.320927999999999658e-01 2.341027000000000038e-02
8.370796999999999821e-01 2.511651000000000161e-02
8.420982000000000189e-01 2.691582000000000002e-02
8.470961000000000185e-01 2.879123000000000099e-02
8.521452000000000471e-01 3.077082000000000081e-02
8.571303000000000116e-01 3.280601999999999824e-02
8.621237999999999957e-01 3.492904000000000148e-02
8.671455000000000135e-01 3.714628999999999848e-02
8.722077999999999776e-01 3.946596000000000132e-02
8.772008000000000028e-01 4.183423000000000003e-02
8.821858999999999673e-01 4.428386000000000128e-02
8.872061999999999449e-01 4.683004000000000333e-02
8.922265000000000335e-01 4.945527000000000256e-02
8.972504000000000035e-01 5.215775000000000272e-02
9.022423999999999999e-01 5.492462000000000039e-02
9.072274000000000171e-01 5.776643000000000056e-02
9.122852000000000183e-01 6.071591999999999961e-02
9.173095999999999473e-01 6.372511999999999621e-02
9.222955999999999932e-01 6.677998999999999741e-02
9.272814999999999808e-01 6.990799000000000318e-02
9.323403999999999581e-01 7.314779999999999893e-02
9.373329000000000244e-01 7.641631000000000118e-02
9.423489999999999922e-01 7.976266999999999385e-02
9.473392000000000479e-01 8.316052000000000166e-02
9.523941999999999686e-01 8.666722000000000314e-02
9.573829000000000367e-01 9.018864000000000047e-02
9.623747000000000273e-01 9.377436999999999578e-02
9.673979000000000328e-01 9.743504000000000054e-02
9.724549999999999583e-01 1.011811999999999989e-01
9.774365999999999888e-01 1.049319999999999975e-01
9.824310000000000542e-01 1.087430999999999953e-01
9.874530999999999725e-01 1.126372999999999958e-01
9.924703000000000275e-01 1.165690000000000059e-01
9.974948999999999621e-01 1.205663000000000012e-01
1.002486999999999906e+00 1.245846000000000037e-01
1.007476000000000038e+00 1.286538000000000126e-01
1.012531000000000070e+00 1.328172999999999992e-01
1.017557000000000045e+00 1.370070999999999928e-01
1.022545999999999955e+00 1.412179000000000073e-01
1.027535000000000087e+00 1.454716000000000065e-01
1.032591999999999954e+00 1.498176999999999981e-01
1.037579999999999947e+00 1.541614000000000040e-01
1.042599999999999971e+00 1.585678000000000087e-01
1.047590000000000021e+00 1.629848000000000130e-01
1.052642000000000078e+00 1.675034999999999996e-01
1.057633999999999963e+00 1.719965999999999995e-01
1.062618000000000062e+00 1.765335000000000099e-01
1.067646000000000095e+00 1.811476999999999948e-01
1.072707000000000077e+00 1.858198000000000072e-01
1.077690999999999955e+00 1.904685000000000128e-01
1.082681000000000004e+00 1.951558999999999933e-01
1.087701999999999947e+00 1.998998999999999915e-01
1.092724999999999946e+00 2.046814999999999884e-01
1.097744999999999971e+00 2.094923999999999953e-01
1.102732999999999963e+00 2.143137999999999987e-01
1.107725000000000071e+00 2.191626000000000130e-01
1.112775000000000070e+00 2.241020999999999985e-01
1.117768000000000095e+00 2.290185000000000137e-01
1.122795999999999905e+00 2.339885999999999910e-01
1.127779000000000087e+00 2.389568999999999999e-01
1.132837000000000094e+00 2.440189000000000108e-01
1.137823999999999947e+00 2.490456000000000059e-01
1.142851999999999979e+00 2.541325999999999863e-01
1.147837999999999914e+00 2.592088000000000170e-01
1.152895999999999921e+00 2.643778999999999990e-01
1.157890000000000086e+00 2.695180999999999827e-01
1.162868000000000013e+00 2.746598000000000095e-01
1.167896999999999963e+00 2.798790999999999918e-01
1.172951999999999995e+00 2.851452999999999904e-01
1.177939999999999987e+00 2.903671999999999920e-01
1.182932000000000095e+00 2.956251999999999769e-01
1.186703999999999981e+00 2.998789000000000038e-01
