1.583104000000000108e-03 -3.704224999999999928e-05
4.930888999999999932e-03 -3.587166000000000139e-05
8.655945999999999432e-03 -3.470087999999999699e-05
1.128345000000000042e-02 -3.528626999999999919e-05
1.619274999999999881e-02 -3.587184000000000043e-05
1.982930999999999930e-02 -3.411600000000000336e-05
2.256077000000000082e-02 -3.704248000000000181e-05
2.632556999999999953e-02 -3.587155000000000047e-05
3.008219000000000171e-02 -3.470093000000000049e-05
3.384271999999999975e-02 -3.762766999999999680e-05
3.760163999999999868e-02 -3.645700000000000009e-05
4.134652999999999939e-02 -3.704228000000000138e-05
4.512006999999999823e-02 -3.704224999999999928e-05
4.887417000000000150e-02 -3.645685999999999708e-05
5.263700000000000323e-02 -3.704228000000000138e-05
5.639360999999999680e-02 -3.645696999999999800e-05
6.015093999999999996e-02 -3.587155000000000047e-05
6.391547999999999674e-02 -3.645703000000000219e-05
6.766727999999999632e-02 -3.470093000000000049e-05
7.143679000000000001e-02 -3.528630000000000129e-05
7.519283000000000217e-02 -3.411562999999999781e-05
7.894471999999999601e-02 -3.470102000000000001e-05
8.270855000000000568e-02 -3.353052000000000165e-05
8.647211000000000480e-02 -3.294507000000000202e-05
9.022400999999999338e-02 -3.587171999999999881e-05
9.399180000000000035e-02 -3.528632999999999661e-05
9.774831000000000492e-02 -3.528632999999999661e-05
1.015078999999999981e-01 -3.470107999999999743e-05
1.052680000000000005e-01 -3.411568000000000131e-05
1.090259999999999979e-01 -3.411562999999999781e-05
1.127617999999999954e-01 -3.645700000000000009e-05
1.165444000000000063e-01 -3.528632999999999661e-05
1.202962000000000059e-01 -3.587168999999999671e-05
1.240621999999999975e-01 -3.528630000000000129e-05
1.278217000000000103e-01 -3.294489999999999691e-05
1.315826999999999969e-01 -3.587171999999999881e-05
1.353460999999999970e-01 -3.235973000000000332e-05
1.391003000000000100e-01 -3.587163999999999999e-05
1.428553999999999935e-01 -3.411568000000000131e-05
1.466185000000000127e-01 -3.294509999999999735e-05
1.503789000000000098e-01 -3.353037999999999863e-05
1.541363000000000039e-01 -3.470102000000000001e-05
1.579108999999999929e-01 -3.470107999999999743e-05
1.616489000000000120e-01 -3.235964999999999773e-05
1.654202999999999923e-01 -3.353037999999999863e-05
1.691728000000000121e-01 -3.470105000000000211e-05
1.729336999999999958e-01 -3.528646999999999963e-05
1.766870000000000107e-01 -3.470114000000000163e-05
1.804525999999999908e-01 -3.353041000000000073e-05
1.842148000000000119e-01 -3.528643999999999753e-05
1.879757999999999984e-01 -3.470105000000000211e-05
1.917468999999999979e-01 -3.411570999999999663e-05
1.954922000000000049e-01 -3.528643999999999753e-05
1.992541999999999924e-01 -3.528652999999999705e-05
2.030127999999999933e-01 -3.177448999999999806e-05
2.067722999999999922e-01 -3.235984999999999816e-05
2.105394999999999905e-01 -3.235991000000000236e-05
2.143005000000000049e-01 -3.470130999999999997e-05
2.180577999999999961e-01 -3.470127999999999787e-05
2.218154999999999988e-01 -3.294518999999999687e-05
2.255376000000000047e-01 -3.353041000000000073e-05
2.292996999999999952e-01 -3.353048999999999955e-05
2.330869999999999886e-01 -3.353035000000000331e-05
2.368513999999999897e-01 -3.060369999999999974e-05
2.406066000000000038e-01 -3.470107999999999743e-05
2.443683000000000105e-01 -3.353048999999999955e-05
2.480887999999999982e-01 -3.177450999999999946e-05
2.518822000000000005e-01 -3.353057999999999907e-05
2.556410000000000071e-01 -3.177456999999999688e-05
2.594002999999999726e-01 -3.118911999999999726e-05
2.631556999999999924e-01 -3.353037999999999863e-05
2.668852999999999920e-01 -3.528643999999999753e-05
2.707093999999999889e-01 -3.470114000000000163e-05
2.744320000000000093e-01 -3.060369999999999974e-05
2.781885000000000052e-01 -3.353041000000000073e-05
2.819498999999999755e-01 -3.060366999999999764e-05
2.856918999999999986e-01 -3.235975999999999864e-05
2.894361999999999768e-01 -3.294509999999999735e-05
2.932601000000000235e-01 -3.177443000000000064e-05
2.969824999999999826e-01 -3.001841999999999846e-05
3.007459000000000104e-01 -3.235964999999999773e-05
3.045013999999999776e-01 -3.060384000000000276e-05
3.082601999999999842e-01 -3.177450999999999946e-05
3.120468000000000131e-01 -3.177450999999999946e-05
3.158109000000000055e-01 -3.001845000000000056e-05
3.195307000000000008e-01 -3.118920999999999678e-05
3.232825999999999755e-01 -2.943330999999999891e-05
3.270552999999999932e-01 -2.884794999999999881e-05
3.308451000000000031e-01 -3.118929000000000238e-05
3.346086999999999811e-01 -2.884783000000000057e-05
3.383661000000000030e-01 -2.709185000000000049e-05
3.420912999999999871e-01 -2.884803999999999832e-05
3.458511000000000224e-01 -2.884783000000000057e-05
3.496087999999999973e-01 -2.592118000000000040e-05
3.533992000000000244e-01 -2.592111999999999959e-05
3.571571000000000051e-01 -2.767718999999999919e-05
3.609166999999999792e-01 -2.592144000000000165e-05
3.646532000000000107e-01 -2.475059999999999983e-05
3.683988000000000262e-01 -2.416513999999999950e-05
3.721932000000000018e-01 -2.357981000000000150e-05
3.759532999999999903e-01 -2.416517000000000160e-05
3.797056999999999793e-01 -2.416522999999999902e-05
3.834334999999999827e-01 -1.889726000000000006e-05
3.871949000000000085e-01 -2.240919000000000152e-05
3.909891999999999812e-01 -1.948257000000000005e-05
3.947405999999999970e-01 -1.831197999999999878e-05
3.984967999999999844e-01 -1.655583000000000036e-05
4.022712999999999983e-01 -1.655591999999999988e-05
4.059824000000000210e-01 -1.655603000000000079e-05
4.097389000000000170e-01 -1.655589000000000117e-05
4.135298000000000029e-01 -1.421459999999999940e-05
4.172926000000000135e-01 -1.304399000000000011e-05
4.210482999999999865e-01 -1.011722000000000001e-05
4.248035000000000005e-01 -8.361268999999999245e-06
4.285334000000000088e-01 -7.190625000000000293e-06
4.323537000000000075e-01 -5.434674999999999767e-06
4.360837000000000185e-01 -3.678637000000000199e-06
4.398355999999999932e-01 1.004110999999999931e-06
4.436030000000000251e-01 1.589447000000000005e-06
4.473539000000000265e-01 6.272050000000000368e-06
4.511504000000000070e-01 1.095490999999999978e-05
4.549096000000000251e-01 1.388157000000000065e-05
4.586345000000000005e-01 1.739334999999999840e-05
4.624075000000000268e-01 1.914945000000000010e-05
4.661545999999999745e-01 2.558806000000000044e-05
4.699128000000000194e-01 2.617344999999999925e-05
4.737040000000000139e-01 3.495340999999999710e-05
4.774633999999999823e-01 3.729470000000000056e-05
4.811838999999999977e-01 4.607467999999999980e-05
4.849458999999999853e-01 5.017221000000000121e-05
4.887074000000000140e-01 5.544017999999999678e-05
4.924952000000000218e-01 6.714698999999999863e-05
4.962536000000000169e-01 6.656147999999999481e-05
5.000143000000000226e-01 7.885348000000000520e-05
5.037416000000000116e-01 8.763353000000000256e-05
5.074967000000000228e-01 9.699873000000000566e-05
5.112908000000000452e-01 1.116318999999999976e-04
5.150487999999999733e-01 1.157294000000000036e-04
5.188047999999999549e-01 1.332894000000000049e-04
5.225313000000000319e-01 1.455814999999999952e-04
5.262869999999999493e-01 1.602146000000000093e-04
5.300808000000000186e-01 1.736771999999999979e-04
5.338344999999999896e-01 1.912372000000000128e-04
5.375955999999999513e-01 2.111387000000000051e-04
5.413533000000000373e-01 2.292843000000000029e-04
5.450795000000000501e-01 2.526976999999999913e-04
5.488404000000000060e-01 2.749404000000000214e-04
5.526275999999999966e-01 2.965975999999999942e-04
5.563875000000000348e-01 3.282054999999999868e-04
5.601462999999999859e-01 3.539603999999999797e-04
5.639056999999999542e-01 3.873244999999999878e-04
5.676276999999999573e-01 4.195180999999999975e-04
5.714582999999999746e-01 4.587346999999999974e-04
5.751804000000000361e-01 5.008786999999999788e-04
5.789402999999999633e-01 5.436087000000000254e-04
5.826966000000000090e-01 5.892647999999999896e-04
5.864508000000000498e-01 6.396032000000000496e-04
5.902452000000000254e-01 6.957953999999999485e-04
5.940045999999999937e-01 7.560854000000000099e-04
5.977365000000000039e-01 8.216427000000000539e-04
6.014905999999999864e-01 8.871992999999999676e-04
6.052558000000000105e-01 9.638786000000000315e-04
6.090100000000000513e-01 1.044068999999999900e-03
6.128046999999999800e-01 1.130698999999999984e-03
6.165618000000000487e-01 1.229035000000000067e-03
6.202839999999999465e-01 1.324445000000000049e-03
6.240432000000000201e-01 1.431559999999999907e-03
6.278027000000000468e-01 1.548626999999999903e-03
6.315994000000000330e-01 1.675644999999999912e-03
6.353512999999999522e-01 1.809686000000000020e-03
6.391135000000000010e-01 1.956606000000000057e-03
6.428365000000000329e-01 2.109962999999999856e-03
6.465946000000000193e-01 2.276198000000000110e-03
6.503837000000000090e-01 2.455895000000000040e-03
6.541420000000000012e-01 2.642616999999999883e-03
6.579023000000000510e-01 2.848068999999999948e-03
6.616265999999999536e-01 3.064056999999999805e-03
6.653879000000000321e-01 3.295262000000000191e-03
6.691403999999999685e-01 3.540517999999999877e-03
6.729372000000000131e-01 3.806257999999999864e-03
6.767005000000000381e-01 4.082538000000000139e-03
6.804504999999999582e-01 4.382811000000000345e-03
6.841768000000000294e-01 4.695383000000000022e-03
6.879324999999999468e-01 5.031948999999999970e-03
6.917311999999999905e-01 5.389002999999999849e-03
6.954854000000000314e-01 5.763617999999999866e-03
6.992469000000000046e-01 6.165740000000000283e-03
7.029999999999999583e-01 6.582499000000000336e-03
7.067293000000000047e-01 7.026179999999999926e-03
7.105553999999999482e-01 7.503812999999999803e-03
7.142770000000000508e-01 7.993151000000000422e-03
7.180334999999999912e-01 8.515856999999999941e-03
7.217940999999999940e-01 9.064315999999999346e-03
7.255536000000000207e-01 9.640868999999999828e-03
7.292756999999999712e-01 1.023966999999999933e-02
7.331113000000000213e-01 1.088880000000000056e-02
7.368316000000000310e-01 1.154905999999999988e-02
7.405914999999999582e-01 1.224970000000000052e-02
7.443518999999999552e-01 1.298371000000000074e-02
7.481096000000000412e-01 1.374699000000000060e-02
7.518977000000000022e-01 1.455299000000000002e-02
7.556564999999999532e-01 1.538943000000000082e-02
7.593851000000000351e-01 1.625572999999999949e-02
7.631386999999999476e-01 1.716416999999999943e-02
7.669032000000000071e-01 1.810772999999999897e-02
7.706891999999999632e-01 1.910161999999999971e-02
7.744501000000000301e-01 2.012829999999999828e-02
7.782111000000000445e-01 2.118656999999999832e-02
7.819348000000000409e-01 2.228056000000000134e-02
7.856893000000000349e-01 2.342313999999999855e-02
7.894480000000000386e-01 2.461193999999999882e-02
7.932428999999999730e-01 2.584873999999999852e-02
7.969983999999999957e-01 2.711892999999999943e-02
8.007277000000000422e-01 2.841720000000000010e-02
8.044871999999999579e-01 2.977283000000000013e-02
8.082413999999999987e-01 3.116477000000000136e-02
8.120349999999999513e-01 3.261697000000000207e-02
8.157917999999999559e-01 3.410080000000000056e-02
8.195497000000000476e-01 3.562560000000000032e-02
8.232715999999999923e-01 3.717614000000000335e-02
8.270359999999999934e-01 3.878989000000000048e-02
8.308235000000000481e-01 4.045400999999999858e-02
8.345854999999999801e-01 4.215498000000000162e-02
8.383462000000000414e-01 4.389168000000000236e-02
8.420971999999999902e-01 4.566873999999999933e-02
8.458255999999999553e-01 4.747624999999999762e-02
8.495825999999999656e-01 4.933760999999999702e-02
8.533783000000000341e-01 5.126217999999999747e-02
8.571292999999999829e-01 5.320608000000000282e-02
8.608945000000000070e-01 5.519621999999999723e-02
8.646504000000000412e-01 5.722673999999999817e-02
8.683807999999999527e-01 5.928126999999999702e-02
8.722073000000000187e-01 6.142359000000000013e-02
8.759301999999999921e-01 6.355011000000000687e-02
8.796886999999999901e-01 6.573576000000000419e-02
8.834478000000000053e-01 6.795589999999999964e-02
8.872061999999999449e-01 7.021647999999999779e-02
8.909939999999999527e-01 7.253262000000000598e-02
8.947587000000000179e-01 7.486985999999999641e-02
8.984824000000000144e-01 7.721938999999999886e-02
9.022407999999999539e-01 7.962568999999999897e-02
9.059968000000000465e-01 8.206594999999999862e-02
9.097528000000000281e-01 8.453721000000000152e-02
9.135465999999999864e-01 8.706817999999999502e-02
9.173088000000000353e-01 8.961321999999999344e-02
9.210312999999999972e-01 9.216878000000000570e-02
9.247874000000000372e-01 9.476766999999999830e-02
9.285523999999999445e-01 9.741457000000000588e-02
9.323403999999999581e-01 1.001071000000000044e-01
9.360988999999999560e-01 1.028083999999999942e-01
9.398220999999999936e-01 1.055191000000000046e-01
9.435793999999999571e-01 1.082783999999999969e-01
9.473384000000000249e-01 1.110586999999999963e-01
9.511302000000000367e-01 1.139180999999999944e-01
9.548917999999999573e-01 1.167698000000000069e-01
9.586432999999999760e-01 1.196432000000000051e-01
9.623737999999999460e-01 1.225277000000000033e-01
9.661332000000000253e-01 1.254560999999999871e-01
9.698877000000000193e-01 1.284155999999999909e-01
9.736806000000000072e-01 1.314265000000000017e-01
9.774372999999999534e-01 1.344357999999999942e-01
9.812005999999999784e-01 1.374759000000000120e-01
9.849208000000000407e-01 1.405121000000000009e-01
9.886859999999999538e-01 1.436013999999999902e-01
9.924695999999999518e-01 1.467288999999999954e-01
9.962313999999999892e-01 1.498626999999999876e-01
9.999921999999999978e-01 1.530236000000000096e-01
1.003746000000000027e+00 1.561954999999999871e-01
1.007476000000000038e+00 1.593768000000000129e-01
1.011301999999999923e+00 1.626511999999999958e-01
1.015033000000000074e+00 1.658745000000000080e-01
1.018780999999999937e+00 1.691423999999999983e-01
1.022543999999999897e+00 1.724302000000000057e-01
1.026297000000000015e+00 1.757315000000000127e-01
1.030094000000000065e+00 1.790931000000000051e-01
1.033854000000000051e+00 1.824465000000000114e-01
1.037577999999999889e+00 1.857863999999999904e-01
1.041336999999999957e+00 1.891702000000000106e-01
1.045096999999999943e+00 1.925808999999999993e-01
1.048851999999999896e+00 1.960057000000000049e-01
1.052642000000000078e+00 1.994761999999999924e-01
1.056403999999999899e+00 2.029413999999999940e-01
1.060127000000000042e+00 2.063907000000000103e-01
1.063882999999999912e+00 2.098792999999999909e-01
1.067644000000000037e+00 2.133994999999999920e-01
1.071437999999999890e+00 2.169628999999999863e-01
1.075194999999999901e+00 2.205065999999999971e-01
1.078918000000000044e+00 2.240425000000000055e-01
1.082678999999999947e+00 2.276200999999999919e-01
1.086435999999999957e+00 2.312141000000000057e-01
1.090227999999999975e+00 2.348542999999999881e-01
1.093990000000000018e+00 2.384844000000000130e-01
1.097742999999999913e+00 2.421223000000000125e-01
1.101472000000000007e+00 2.457547999999999955e-01
1.105231999999999992e+00 2.494196999999999942e-01
1.108988000000000085e+00 2.531013999999999764e-01
1.112773999999999930e+00 2.568252999999999786e-01
1.116540000000000088e+00 2.605456999999999912e-01
1.120290999999999926e+00 2.642596999999999863e-01
1.124022000000000077e+00 2.679852999999999819e-01
1.127777999999999947e+00 2.717208999999999874e-01
1.131569000000000047e+00 2.755156000000000271e-01
1.135326999999999975e+00 2.792927000000000048e-01
1.139083999999999985e+00 2.830790999999999724e-01
1.142851999999999979e+00 2.868879999999999764e-01
1.146570000000000089e+00 2.906558000000000197e-01
1.150403999999999982e+00 2.945530000000000093e-01
1.154123999999999928e+00 2.983546000000000253e-01
1.155292999999999903e+00 2.998782999999999865e-01
