1.312546999999999954e-06 -3.762776000000000309e-05
3.760728999999999982e-03 -3.762776000000000309e-05
7.519895000000000398e-03 -3.587180999999999833e-05
1.127877000000000046e-02 -3.470096000000000259e-05
1.503855999999999943e-02 -3.411562999999999781e-05
1.879783000000000148e-02 -3.353037999999999863e-05
2.256135999999999905e-02 -3.821281000000000184e-05
2.632050999999999835e-02 -3.528621000000000177e-05
3.008345999999999937e-02 -3.645685999999999708e-05
3.384237999999999830e-02 -3.470098999999999791e-05
3.760209999999999941e-02 -3.704230999999999670e-05
4.135919999999999874e-02 -3.587155000000000047e-05
4.512146000000000212e-02 -3.645685999999999708e-05
4.887451999999999769e-02 -3.938345000000000322e-05
5.263526999999999789e-02 -3.645687999999999848e-05
5.639442000000000066e-02 -3.645696999999999800e-05
6.015621000000000163e-02 -3.528630000000000129e-05
6.391328999999999760e-02 -3.587163999999999999e-05
6.767444000000000237e-02 -3.411541999999999667e-05
7.143528999999999851e-02 -3.411560000000000249e-05
7.519296000000000313e-02 -3.353019999999999959e-05
7.894843999999999473e-02 -3.645685999999999708e-05
8.270893999999999469e-02 -3.762766999999999680e-05
8.647088999999999470e-02 -3.470078999999999747e-05
9.022763000000000311e-02 -3.645685999999999708e-05
9.398826000000000402e-02 -3.645687999999999848e-05
9.774684000000000150e-02 -3.645737999999999957e-05
1.015092999999999968e-01 -3.235988000000000026e-05
1.052659999999999985e-01 -3.470102000000000001e-05
1.090278999999999970e-01 -3.411551000000000297e-05
1.127835999999999977e-01 -3.177417000000000278e-05
1.165434000000000053e-01 -3.411551000000000297e-05
1.203024000000000038e-01 -3.528614999999999757e-05
1.240631999999999985e-01 -3.587155000000000047e-05
1.278207000000000093e-01 -3.470087999999999699e-05
1.315826999999999969e-01 -3.645694000000000267e-05
1.353443000000000007e-01 -3.294498000000000250e-05
1.391037999999999997e-01 -3.294516000000000154e-05
1.428579000000000099e-01 -3.411562999999999781e-05
1.466175999999999868e-01 -3.353012000000000077e-05
1.503781999999999897e-01 -3.411541999999999667e-05
1.541366000000000125e-01 -3.528621000000000177e-05
1.578979000000000077e-01 -3.411560000000000249e-05
1.616569999999999951e-01 -3.353014000000000217e-05
1.654191000000000134e-01 -3.353037999999999863e-05
1.691749999999999921e-01 -3.235959000000000030e-05
1.729350000000000054e-01 -3.528635999999999871e-05
1.766909999999999870e-01 -3.470105000000000211e-05
1.804540000000000033e-01 -3.353025999999999701e-05
1.842133999999999994e-01 -3.645703000000000219e-05
1.879756999999999956e-01 -3.411580000000000293e-05
1.917312999999999934e-01 -3.645696999999999800e-05
1.954932000000000059e-01 -3.353023000000000169e-05
1.992552999999999963e-01 -3.411586000000000035e-05
2.030131000000000019e-01 -3.470096000000000259e-05
2.067711000000000132e-01 -3.470078999999999747e-05
2.105402000000000107e-01 -3.528617999999999967e-05
2.143027000000000126e-01 -3.353023000000000169e-05
2.180587999999999971e-01 -3.470089999999999839e-05
2.218187000000000075e-01 -3.587160999999999789e-05
2.255414000000000030e-01 -3.587160999999999789e-05
2.293002000000000096e-01 -3.470089999999999839e-05
2.330958999999999948e-01 -3.177439999999999854e-05
2.368515999999999955e-01 -3.411568000000000131e-05
2.406088000000000116e-01 -3.411557000000000039e-05
2.443668999999999980e-01 -3.587160999999999789e-05
2.480950000000000100e-01 -3.235950000000000079e-05
2.518843000000000054e-01 -3.411568000000000131e-05
2.556410000000000071e-01 -3.118889000000000150e-05
2.594007999999999869e-01 -3.118882999999999730e-05
2.631546000000000163e-01 -3.470105000000000211e-05
2.668834999999999957e-01 -3.294491999999999831e-05
2.707072999999999841e-01 -3.411568000000000131e-05
2.744354999999999989e-01 -3.235955999999999821e-05
2.781895999999999813e-01 -3.353035000000000331e-05
2.819531000000000120e-01 -3.177427999999999693e-05
2.857077000000000089e-01 -3.177446000000000274e-05
2.894346999999999892e-01 -3.294491999999999831e-05
2.932599000000000178e-01 -3.294529999999999779e-05
2.969828999999999941e-01 -3.060366999999999764e-05
3.007434999999999969e-01 -3.294503999999999993e-05
3.044997999999999871e-01 -3.294498000000000250e-05
3.082600999999999813e-01 -3.353028999999999911e-05
3.120483000000000007e-01 -3.118905999999999984e-05
3.158099999999999796e-01 -3.294518999999999687e-05
3.195327000000000028e-01 -3.118897000000000032e-05
3.232927999999999913e-01 -3.060366999999999764e-05
3.270568999999999837e-01 -2.943305000000000105e-05
3.308471000000000051e-01 -3.001832999999999894e-05
3.346084999999999754e-01 -3.060369999999999974e-05
3.383656999999999915e-01 -2.943307999999999976e-05
3.420926000000000244e-01 -2.767716000000000048e-05
3.458470000000000155e-01 -2.709162000000000134e-05
3.496091000000000060e-01 -2.884774999999999837e-05
3.533991000000000215e-01 -2.650622999999999914e-05
3.571571000000000051e-01 -2.826238000000000095e-05
3.609165999999999763e-01 -2.943307999999999976e-05
3.646394000000000024e-01 -2.709167999999999876e-05
3.684005000000000196e-01 -2.826232000000000014e-05
3.721919000000000199e-01 -2.650649000000000039e-05
3.759494999999999920e-01 -2.416513999999999950e-05
3.797049000000000119e-01 -2.533583999999999831e-05
3.834333999999999798e-01 -2.475048000000000159e-05
3.871949000000000085e-01 -2.357968999999999988e-05
3.909830999999999723e-01 -2.240913000000000071e-05
3.947397000000000267e-01 -2.182383000000000142e-05
3.984965999999999786e-01 -1.889708999999999833e-05
4.022579000000000016e-01 -1.889699999999999881e-05
4.059810999999999837e-01 -2.065306999999999842e-05
4.097405000000000075e-01 -1.948239999999999832e-05
4.135299000000000058e-01 -1.655583000000000036e-05
4.172908000000000173e-01 -1.714114000000000035e-05
4.210504999999999942e-01 -1.421459999999999940e-05
4.248055000000000025e-01 -1.245847999999999968e-05
4.285312000000000010e-01 -1.070241000000000008e-05
4.323541000000000190e-01 -8.361064999999999543e-06
4.360850000000000004e-01 -6.019835999999999669e-06
4.398390999999999829e-01 -6.605173000000000194e-06
4.435996999999999857e-01 -3.678461999999999815e-06
4.473543999999999854e-01 -1.337087999999999962e-06
4.511503000000000041e-01 1.004140000000000096e-06
4.549104999999999954e-01 2.760295000000000141e-06
4.586342999999999948e-01 8.028320999999999803e-06
4.623959999999999737e-01 9.198876999999999713e-06
4.661527999999999783e-01 1.446683999999999954e-05
4.699148000000000214e-01 1.739347000000000001e-05
4.737039000000000111e-01 2.266161000000000070e-05
4.774630999999999736e-01 2.675875999999999925e-05
4.811863000000000112e-01 2.910016000000000024e-05
4.849454000000000264e-01 3.495347000000000129e-05
4.887068999999999996e-01 4.080682999999999907e-05
4.924956999999999807e-01 5.017208999999999959e-05
4.962542999999999815e-01 5.251347000000000257e-05
5.000139999999999585e-01 6.012265999999999672e-05
5.037412999999999474e-01 6.890293999999999662e-05
5.074971999999999817e-01 7.826831999999999876e-05
5.112896000000000107e-01 8.646297000000000000e-05
5.150481000000000087e-01 9.524295000000000601e-05
5.188036000000000314e-01 1.051935999999999952e-04
5.225309999999999677e-01 1.163149000000000068e-04
5.262871000000000077e-01 1.297778000000000028e-04
5.300793999999999784e-01 1.420697000000000062e-04
5.338355999999999657e-01 1.596299000000000079e-04
5.375978999999999619e-01 1.748484999999999981e-04
5.413525999999999616e-01 1.906522999999999974e-04
5.450802000000000147e-01 2.082124999999999991e-04
5.488399000000000472e-01 2.304550999999999952e-04
5.526269000000000320e-01 2.521127999999999759e-04
5.563873999999999764e-01 2.749405999999999812e-04
5.601454000000000155e-01 2.995245000000000221e-04
5.639058999999999600e-01 3.276202999999999776e-04
5.676265000000000338e-01 3.574726999999999766e-04
5.714582999999999746e-01 3.896657999999999784e-04
5.751811999999999481e-01 4.253713999999999911e-04
5.789404000000000217e-01 4.640037000000000176e-04
5.826968999999999621e-01 5.043916999999999975e-04
5.864515000000000144e-01 5.482914999999999664e-04
5.902454000000000311e-01 5.986305000000000142e-04
5.940022000000000357e-01 6.483835000000000509e-04
5.977367000000000097e-01 7.063320000000000536e-04
6.014912999999999510e-01 7.654508999999999662e-04
6.052551999999999932e-01 8.321789999999999483e-04
6.090081000000000522e-01 9.006625000000000525e-04
6.128031000000000450e-01 9.820242000000000294e-04
6.165599999999999969e-01 1.063970999999999927e-03
6.202843999999999580e-01 1.152941999999999899e-03
6.240425000000000555e-01 1.250107999999999992e-03
6.278046000000000459e-01 1.356053000000000076e-03
6.315971999999999698e-01 1.470193000000000064e-03
6.353501000000000287e-01 1.589015999999999953e-03
6.391126000000000307e-01 1.720715999999999956e-03
6.428357999999999572e-01 1.857097999999999952e-03
6.465937000000000490e-01 2.006944999999999996e-03
6.503832999999999975e-01 2.170836000000000206e-03
6.541403999999999552e-01 2.343511999999999852e-03
6.579013999999999696e-01 2.528475999999999987e-03
6.616271000000000235e-01 2.723979000000000070e-03
6.653883000000000436e-01 2.935285000000000151e-03
6.691409999999999858e-01 3.162978999999999791e-03
6.729368000000000016e-01 3.405307000000000212e-03
6.766986000000000390e-01 3.665195999999999905e-03
6.804514000000000395e-01 3.940303000000000035e-03
6.841762000000000121e-01 4.228286000000000371e-03
6.879326999999999526e-01 4.537341999999999764e-03
6.917313000000000489e-01 4.873325000000000400e-03
6.954844000000000026e-01 5.225696000000000160e-03
6.992462999999999873e-01 5.595044999999999880e-03
7.029994999999999994e-01 5.990729000000000193e-03
7.067297000000000162e-01 6.401045999999999646e-03
7.105540000000000189e-01 6.851747000000000046e-03
7.142773999999999512e-01 7.312996000000000427e-03
7.180341000000000085e-01 7.807602999999999766e-03
7.217930999999999653e-01 8.327384000000000175e-03
7.255538999999999739e-01 8.873495000000000341e-03
7.292754000000000181e-01 9.441856000000000207e-03
7.331111999999999629e-01 1.006464999999999964e-02
7.368318000000000367e-01 1.069446999999999932e-02
7.405929999999999458e-01 1.136527000000000023e-02
7.443522000000000194e-01 1.207001000000000081e-02
7.481094999999999828e-01 1.280225999999999933e-02
7.518979000000000079e-01 1.358017000000000078e-02
7.556555999999999829e-01 1.438442000000000019e-02
7.593845999999999652e-01 1.522378999999999920e-02
7.631388000000000060e-01 1.610471000000000125e-02
7.669023999999999841e-01 1.702193999999999929e-02
7.706903999999999977e-01 1.798949000000000034e-02
7.744493000000000071e-01 1.898748000000000102e-02
7.782111999999999918e-01 2.002703999999999943e-02
7.819352999999999998e-01 2.110054000000000096e-02
7.856895999999999880e-01 2.221911000000000025e-02
7.894485999999999448e-01 2.338393000000000069e-02
7.932432000000000372e-01 2.460375999999999883e-02
7.969988999999999546e-01 2.585695999999999828e-02
8.007267000000000134e-01 2.714118000000000086e-02
8.044869999999999521e-01 2.848801999999999932e-02
8.082401999999999642e-01 2.987234000000000070e-02
8.120351999999999570e-01 3.131989000000000301e-02
8.157910000000000439e-01 3.279666999999999999e-02
8.195493000000000361e-01 3.431738000000000149e-02
8.232707000000000219e-01 3.587376999999999927e-02
8.270361000000000518e-01 3.749340999999999785e-02
8.308240999999999543e-01 3.916746000000000116e-02
8.345861999999999448e-01 4.087837999999999888e-02
8.383448999999999485e-01 4.263495999999999952e-02
8.420967000000000313e-01 4.442958999999999797e-02
8.458259000000000194e-01 4.626522999999999747e-02
8.495825999999999656e-01 4.815350000000000186e-02
8.533781000000000283e-01 5.010967000000000199e-02
8.571292999999999829e-01 5.208867999999999832e-02
8.608945999999999543e-01 5.411861999999999923e-02
8.646500999999999770e-01 5.619070999999999788e-02
8.683811999999999642e-01 5.829441999999999957e-02
8.722069000000000072e-01 6.049173000000000050e-02
8.759291999999999634e-01 6.267852999999999619e-02
8.796882999999999786e-01 6.492446999999999802e-02
8.834484999999999699e-01 6.721958999999999573e-02
8.872052000000000271e-01 6.955211999999999506e-02
8.909932000000000407e-01 7.194261999999999879e-02
8.947599000000000524e-01 7.436358999999999331e-02
8.984820999999999502e-01 7.680149000000000004e-02
9.022411000000000181e-01 7.929967999999999739e-02
9.059977999999999643e-01 8.183708000000000649e-02
9.097520000000000051e-01 8.441431000000000628e-02
9.135463999999999807e-01 8.705886999999999654e-02
9.173082000000000180e-01 8.971978999999999371e-02
9.210308999999999857e-01 9.239477000000000106e-02
9.247874999999999845e-01 9.513061999999999907e-02
9.285537000000000374e-01 9.790856000000000559e-02
9.323401000000000050e-01 1.007380999999999971e-01
9.360984999999999445e-01 1.035834000000000060e-01
9.398222000000000520e-01 1.064446000000000003e-01
9.435789999999999456e-01 1.093641999999999948e-01
9.473380000000000134e-01 1.123235999999999957e-01
9.511317999999999717e-01 1.153374999999999956e-01
9.548910000000000453e-01 1.183688999999999991e-01
9.586421999999999999e-01 1.214184999999999987e-01
9.623737999999999460e-01 1.244968000000000047e-01
9.661328999999999612e-01 1.276300999999999963e-01
9.698870000000000546e-01 1.307897000000000087e-01
9.736808999999999603e-01 1.340112999999999999e-01
9.774361000000000299e-01 1.372347999999999901e-01
9.812014000000000014e-01 1.405009999999999870e-01
9.849210000000000464e-01 1.437595000000000123e-01
9.886842000000000130e-01 1.470829999999999915e-01
9.924688999999999872e-01 1.504522000000000082e-01
9.962336000000000524e-01 1.538378999999999996e-01
9.999917999999999862e-01 1.572433000000000025e-01
1.003746000000000027e+00 1.606727000000000016e-01
1.007474999999999898e+00 1.641173999999999966e-01
1.011301000000000005e+00 1.676715000000000011e-01
1.015031999999999934e+00 1.711653999999999953e-01
1.018783999999999912e+00 1.746960999999999931e-01
1.022543999999999897e+00 1.782630000000000048e-01
1.026296000000000097e+00 1.818587000000000120e-01
1.030092999999999925e+00 1.855136000000000007e-01
1.033852999999999911e+00 1.891737000000000002e-01
1.037579000000000029e+00 1.928263000000000060e-01
1.041334999999999900e+00 1.965337000000000056e-01
1.045096999999999943e+00 2.002657999999999938e-01
1.048853999999999953e+00 2.040132000000000057e-01
1.052640999999999938e+00 2.078102000000000005e-01
1.056403999999999899e+00 2.116190000000000015e-01
1.060127000000000042e+00 2.154113000000000000e-01
1.063884000000000052e+00 2.192540000000000044e-01
1.067644000000000037e+00 2.231225000000000014e-01
1.071437999999999890e+00 2.270447999999999911e-01
1.075194999999999901e+00 2.309572000000000014e-01
1.078918999999999961e+00 2.348612999999999951e-01
1.082680000000000087e+00 2.388218000000000008e-01
1.086433999999999900e+00 2.427913999999999906e-01
1.090228999999999893e+00 2.468062000000000034e-01
1.093990999999999936e+00 2.508193000000000228e-01
1.097744000000000053e+00 2.548392999999999908e-01
1.101472000000000007e+00 2.588529999999999998e-01
1.105231999999999992e+00 2.629209000000000129e-01
1.108988000000000085e+00 2.670042000000000249e-01
1.112775000000000070e+00 2.711261999999999839e-01
1.116540000000000088e+00 2.752523000000000053e-01
1.120292000000000066e+00 2.793882999999999783e-01
1.124020999999999937e+00 2.835189000000000181e-01
1.127777999999999947e+00 2.876928000000000263e-01
1.131569999999999965e+00 2.919201000000000157e-01
1.135326999999999975e+00 2.961290999999999785e-01
1.138343000000000105e+00 2.998934999999999795e-01
