-2.173676999999999958e-05 -3.587180999999999833e-05
3.668560999999999871e-03 -3.645712000000000171e-05
9.004198999999999189e-03 -3.470134000000000207e-05
1.123273999999999974e-02 -3.411589000000000245e-05
1.504122999999999918e-02 -3.528664999999999867e-05
1.874081000000000011e-02 -3.528646999999999963e-05
2.256087999999999844e-02 -3.587180999999999833e-05
2.632831999999999881e-02 -3.821312999999999712e-05
3.008264000000000077e-02 -3.645708999999999961e-05
3.384316999999999881e-02 -3.762773000000000100e-05
3.760142000000000345e-02 -3.528626999999999919e-05
4.135848999999999775e-02 -3.704237000000000089e-05
4.512121000000000187e-02 -3.704233999999999880e-05
4.887414999999999815e-02 -3.821298000000000018e-05
5.263607000000000008e-02 -3.645700000000000009e-05
5.639476000000000211e-02 -3.528630000000000129e-05
6.015575000000000089e-02 -3.762769999999999890e-05
6.391304999999999903e-02 -3.470105000000000211e-05
6.767325000000000423e-02 -3.587166000000000139e-05
7.143309999999999937e-02 -3.821298000000000018e-05
7.519212000000000118e-02 -3.704239000000000229e-05
7.894953999999999861e-02 -3.528643999999999753e-05
8.270893999999999469e-02 -3.587166000000000139e-05
8.646921999999999942e-02 -3.762778999999999842e-05
9.022736000000000645e-02 -3.587168999999999671e-05
9.398982999999999643e-02 -3.587171999999999881e-05
9.774117999999999695e-02 -3.294498000000000250e-05
1.015111999999999959e-01 -3.587178000000000301e-05
1.052638999999999936e-01 -3.704230999999999670e-05
1.090263000000000065e-01 -3.645703000000000219e-05
1.127819999999999934e-01 -3.470119999999999905e-05
1.165426999999999991e-01 -3.879855000000000142e-05
1.203005000000000047e-01 -3.645712000000000171e-05
1.240609000000000017e-01 -3.704230999999999670e-05
1.278201999999999949e-01 -3.587155000000000047e-05
1.315794999999999881e-01 -3.704241999999999762e-05
1.353437000000000112e-01 -3.470114000000000163e-05
1.391017999999999977e-01 -3.235979000000000074e-05
1.428580000000000128e-01 -3.587171999999999881e-05
1.466165000000000107e-01 -3.528643999999999753e-05
1.503750000000000087e-01 -3.294489999999999691e-05
1.541365000000000096e-01 -3.294498000000000250e-05
1.578971999999999876e-01 -3.587189999999999785e-05
1.616906999999999928e-01 -3.294516000000000154e-05
1.654175999999999980e-01 -3.353048999999999955e-05
1.691651000000000127e-01 -3.353037999999999863e-05
1.729350000000000054e-01 -3.470107999999999743e-05
1.766912999999999956e-01 -3.177459999999999898e-05
1.804535999999999918e-01 -3.294532999999999988e-05
1.842127000000000070e-01 -3.177446000000000274e-05
1.879747999999999974e-01 -3.587180999999999833e-05
1.917317000000000049e-01 -3.411580000000000293e-05
1.954954000000000136e-01 -3.294521999999999897e-05
1.992546000000000039e-01 -3.470114000000000163e-05
2.030127999999999933e-01 -3.235975999999999864e-05
2.067720999999999865e-01 -3.177454000000000156e-05
2.105418000000000012e-01 -3.411573999999999873e-05
2.143026000000000098e-01 -3.177459999999999898e-05
2.180586999999999942e-01 -3.470119999999999905e-05
2.218201999999999952e-01 -3.118905999999999984e-05
2.255420999999999954e-01 -3.001851000000000137e-05
2.293012000000000106e-01 -3.235979000000000074e-05
2.330949999999999966e-01 -3.001847999999999927e-05
2.368521000000000098e-01 -2.943310999999999847e-05
2.406111999999999973e-01 -3.118920999999999678e-05
2.443667999999999951e-01 -3.235991000000000236e-05
2.480951000000000128e-01 -3.060390000000000018e-05
2.518846000000000140e-01 -2.767709999999999967e-05
2.556397999999999726e-01 -3.118920999999999678e-05
2.593999000000000166e-01 -2.943310999999999847e-05
2.631536999999999904e-01 -3.060390000000000018e-05
2.668810999999999822e-01 -3.060395999999999760e-05
2.707065000000000166e-01 -2.943320000000000138e-05
2.744353999999999960e-01 -2.884779999999999848e-05
2.781911000000000245e-01 -3.001847999999999927e-05
2.819523999999999919e-01 -3.001861999999999890e-05
2.857064999999999744e-01 -2.826263999999999881e-05
2.894343999999999806e-01 -3.060393000000000228e-05
2.932599000000000178e-01 -2.943330999999999891e-05
2.969825999999999855e-01 -3.060406999999999852e-05
3.007429999999999826e-01 -2.826238000000000095e-05
3.045005000000000073e-01 -2.592109000000000088e-05
3.082603999999999900e-01 -2.709185000000000049e-05
3.120469000000000159e-01 -2.533579000000000159e-05
3.158099999999999796e-01 -2.650651999999999910e-05
3.195332000000000172e-01 -2.475044999999999950e-05
3.232941999999999760e-01 -2.357981000000000150e-05
3.270572999999999952e-01 -2.475053999999999902e-05
3.308478000000000252e-01 -2.357989000000000032e-05
3.346089999999999898e-01 -2.416526000000000112e-05
3.383680000000000021e-01 -1.889705999999999962e-05
3.420927999999999747e-01 -1.948257000000000005e-05
3.458474999999999744e-01 -1.831174999999999963e-05
3.496074000000000126e-01 -1.538518999999999897e-05
3.533986000000000072e-01 -1.655599999999999870e-05
3.571596000000000215e-01 -1.538522000000000107e-05
3.609173999999999993e-01 -1.597063999999999859e-05
3.646397000000000110e-01 -1.304387000000000019e-05
3.684046999999999739e-01 -1.128792000000000051e-05
3.721922999999999759e-01 -1.128775000000000047e-05
3.759667999999999899e-01 -1.011715999999999920e-05
3.797056999999999793e-01 -6.605230999999999677e-06
3.834340999999999999e-01 -2.507818999999999833e-06
3.871949000000000085e-01 -4.263885999999999989e-06
3.909830999999999723e-01 -4.849425999999999977e-06
3.947404999999999942e-01 1.003965999999999952e-06
3.984974000000000016e-01 2.760003999999999943e-06
4.022592999999999863e-01 6.272021000000000203e-06
4.059825000000000239e-01 9.784183999999999834e-06
4.097406000000000104e-01 1.212527000000000021e-05
4.135275999999999952e-01 1.388147999999999944e-05
4.172910000000000230e-01 1.797880000000000140e-05
4.210517999999999761e-01 2.207607000000000156e-05
4.248059000000000140e-01 2.324670999999999956e-05
4.285322999999999771e-01 3.027091999999999985e-05
4.323544000000000276e-01 3.495358000000000221e-05
4.360853000000000090e-01 4.022145999999999827e-05
4.398394999999999944e-01 4.548955000000000224e-05
4.436003000000000029e-01 5.017221000000000121e-05
4.473545999999999911e-01 5.836674000000000083e-05
4.511514999999999831e-01 6.070817000000000054e-05
4.549096000000000251e-01 6.890265000000000343e-05
4.586339999999999861e-01 7.709752999999999366e-05
4.623958000000000235e-01 8.529223999999999909e-05
4.661519000000000079e-01 9.699885000000000050e-05
4.699153999999999831e-01 1.028519000000000037e-04
4.737066999999999806e-01 1.145585999999999978e-04
4.774638999999999966e-01 1.250949000000000006e-04
4.811868000000000256e-01 1.391430999999999994e-04
4.849452000000000207e-01 1.508494999999999996e-04
4.887077000000000226e-01 1.660684999999999906e-04
4.924961999999999951e-01 1.807014999999999978e-04
4.962552000000000074e-01 2.000177000000000010e-04
5.000143000000000226e-01 2.158215000000000003e-04
5.037407999999999886e-01 2.357229000000000128e-04
5.074963999999999587e-01 2.567951000000000174e-04
5.112894999999999524e-01 2.825497999999999964e-04
5.150474000000000441e-01 3.024510000000000219e-04
5.188047999999999549e-01 3.282057999999999807e-04
5.225309999999999677e-01 3.568873000000000076e-04
5.262877999999999723e-01 3.873247000000000018e-04
5.300793999999999784e-01 4.195178000000000036e-04
5.338344999999999896e-01 4.534672000000000008e-04
5.375965999999999800e-01 4.950258000000000132e-04
5.413527000000000200e-01 5.354140000000000071e-04
5.450793999999999917e-01 5.828260000000000472e-04
5.488399000000000472e-01 6.278962000000000345e-04
5.526269999999999794e-01 6.817477000000000389e-04
5.563869999999999649e-01 7.361835000000000167e-04
5.601452999999999571e-01 7.964734000000000440e-04
5.639077000000000117e-01 8.591035000000000121e-04
5.676261999999999697e-01 9.305140000000000156e-04
5.714588999999999919e-01 1.003095999999999979e-03
5.751819000000000237e-01 1.083287000000000052e-03
5.789396999999999460e-01 1.168744999999999897e-03
5.826961000000000501e-01 1.260056999999999974e-03
5.864515999999999618e-01 1.357223000000000067e-03
5.902448999999999613e-01 1.465509999999999946e-03
5.940028000000000530e-01 1.577894000000000041e-03
5.977360999999999924e-01 1.699641999999999906e-03
6.014912000000000036e-01 1.827831999999999938e-03
6.052549000000000401e-01 1.965384000000000141e-03
6.090081000000000522e-01 2.116401999999999867e-03
6.128034999999999455e-01 2.272100999999999895e-03
6.165602999999999501e-01 2.440677000000000037e-03
6.202843999999999580e-01 2.620958999999999962e-03
6.240432999999999675e-01 2.812363000000000016e-03
6.278042000000000344e-01 3.016645999999999998e-03
6.315975000000000339e-01 3.232635000000000196e-03
6.353499999999999703e-01 3.463255000000000153e-03
6.391135999999999484e-01 3.705584000000000048e-03
6.428361000000000214e-01 3.963714000000000126e-03
6.465942999999999552e-01 4.240576999999999715e-03
6.503839000000000148e-01 4.532659999999999988e-03
6.541407000000000194e-01 4.840544999999999917e-03
6.579021999999999926e-01 5.165992000000000327e-03
6.616267000000000120e-01 5.509581999999999848e-03
6.653877000000000264e-01 5.871317000000000029e-03
6.691413999999999973e-01 6.255296999999999941e-03
6.729368999999999490e-01 6.664441999999999588e-03
6.766990999999999978e-01 7.091151999999999872e-03
6.804516000000000453e-01 7.536008000000000290e-03
6.841768000000000294e-01 8.006611999999999757e-03
6.879328000000000110e-01 8.502980999999999734e-03
6.917313999999999963e-01 9.031538999999999887e-03
6.954854999999999787e-01 9.579997999999999292e-03
6.992464999999999931e-01 1.015245000000000036e-02
7.029997000000000051e-01 1.075359000000000037e-02
7.067301000000000277e-01 1.137697000000000014e-02
7.105548999999999893e-01 1.204599999999999942e-02
7.142790999999999446e-01 1.273026000000000019e-02
7.180349999999999788e-01 1.345081000000000054e-02
7.217932000000000237e-01 1.420296000000000058e-02
7.255540999999999796e-01 1.498380000000000024e-02
7.292754999999999654e-01 1.579331000000000138e-02
7.331107999999999514e-01 1.666136000000000006e-02
7.368320999999999898e-01 1.753642999999999869e-02
7.405924999999999869e-01 1.845776000000000014e-02
7.443520999999999610e-01 1.941771000000000122e-02
7.481101999999999475e-01 2.040809000000000026e-02
7.518985000000000252e-01 2.144528999999999880e-02
7.556559000000000470e-01 2.251469999999999860e-02
7.593851000000000351e-01 2.361043999999999990e-02
7.631400000000000405e-01 2.475242999999999888e-02
7.669025999999999899e-01 2.593714000000000089e-02
7.706893999999999689e-01 2.716926999999999884e-02
7.744501999999999775e-01 2.843477000000000157e-02
7.782126000000000321e-01 2.973947999999999869e-02
7.819355999999999529e-01 3.107228000000000073e-02
7.856904999999999584e-01 3.245133000000000045e-02
7.894489999999999563e-01 3.387133999999999978e-02
7.932439999999999491e-01 3.534989999999999660e-02
7.970002999999999949e-01 3.685713999999999657e-02
8.007275000000000365e-01 3.838719000000000159e-02
8.044886999999999455e-01 3.997813000000000061e-02
8.082422999999999691e-01 4.159950999999999927e-02
8.120359000000000327e-01 4.328409999999999896e-02
8.157925999999999789e-01 4.498449000000000197e-02
8.195500999999999481e-01 4.673523000000000260e-02
8.232734999999999914e-01 4.850527999999999784e-02
8.270366999999999580e-01 5.033326999999999940e-02
8.308250000000000357e-01 5.221337000000000200e-02
8.345871000000000262e-01 5.411744999999999750e-02
8.383469999999999533e-01 5.606306999999999957e-02
8.420984000000000247e-01 5.804680000000000256e-02
8.458269999999999955e-01 6.005097999999999686e-02
8.495835999999999943e-01 6.210490999999999928e-02
8.533792999999999518e-01 6.422909000000000257e-02
8.571305999999999647e-01 6.634743999999999364e-02
8.608951999999999716e-01 6.851783000000000179e-02
8.646504000000000412e-01 7.072043000000000079e-02
8.683815999999999757e-01 7.294470999999999594e-02
8.722077999999999776e-01 7.525735000000000063e-02
8.759303999999999979e-01 7.754424999999999513e-02
8.796891999999999490e-01 7.989029000000000269e-02
8.834494000000000513e-01 8.226965999999999446e-02
8.872054999999999803e-01 8.468064999999999620e-02
8.909943000000000168e-01 8.714428999999999925e-02
8.947593000000000352e-01 8.962375999999999676e-02
8.984826999999999675e-01 9.211200999999999417e-02
9.022419999999999884e-01 9.464711000000000651e-02
9.059970999999999997e-01 9.721496999999999777e-02
9.097526999999999697e-01 9.981207000000000273e-02
9.135470999999999453e-01 1.024653999999999981e-01
9.173101000000000171e-01 1.051303999999999989e-01
9.210323999999999733e-01 1.077919999999999989e-01
9.247889000000000248e-01 1.105102000000000029e-01
9.285539999999999905e-01 1.132623999999999992e-01
9.323413000000000395e-01 1.160492000000000051e-01
9.360986000000000029e-01 1.188522999999999941e-01
9.398218000000000405e-01 1.216549999999999992e-01
9.435789999999999456e-01 1.245095999999999981e-01
9.473395999999999484e-01 1.273854000000000097e-01
9.511294000000000137e-01 1.303091000000000110e-01
9.548915999999999515e-01 1.332474999999999909e-01
9.586428999999999645e-01 1.361963999999999952e-01
9.623732000000000397e-01 1.391564000000000134e-01
9.661340999999999957e-01 1.421592000000000133e-01
9.698877999999999666e-01 1.451836999999999989e-01
9.736812000000000245e-01 1.482561000000000018e-01
9.774365999999999888e-01 1.513231999999999911e-01
9.812005999999999784e-01 1.544264999999999943e-01
9.849221000000000226e-01 1.575124999999999997e-01
9.886857999999999480e-01 1.606538999999999884e-01
9.924695999999999518e-01 1.638271000000000033e-01
9.962322000000000122e-01 1.670171000000000017e-01
9.999915000000000331e-01 1.702205999999999997e-01
1.003746999999999945e+00 1.734335999999999933e-01
1.007476000000000038e+00 1.766517999999999977e-01
1.011301999999999923e+00 1.799611999999999878e-01
1.015033000000000074e+00 1.832244000000000095e-01
1.018783999999999912e+00 1.865092999999999890e-01
1.022543999999999897e+00 1.898264000000000062e-01
1.026297999999999933e+00 1.931564000000000059e-01
1.030094999999999983e+00 1.965443000000000051e-01
1.033852999999999911e+00 1.999110000000000054e-01
1.037579000000000029e+00 2.032714999999999939e-01
1.041336000000000039e+00 2.066698999999999897e-01
1.045098000000000082e+00 2.100953000000000126e-01
1.048853000000000035e+00 2.135276000000000118e-01
1.052642999999999995e+00 2.170040000000000024e-01
1.056403999999999899e+00 2.204762000000000111e-01
1.060127999999999959e+00 2.239330999999999960e-01
1.063884999999999970e+00 2.274328999999999934e-01
1.067646000000000095e+00 2.309477000000000058e-01
1.071437999999999890e+00 2.345054000000000027e-01
1.075194999999999901e+00 2.380454999999999932e-01
1.078918999999999961e+00 2.415750000000000119e-01
1.082681000000000004e+00 2.451491000000000087e-01
1.086435000000000040e+00 2.487325999999999981e-01
1.090230000000000032e+00 2.523639999999999772e-01
1.093990999999999936e+00 2.559707999999999983e-01
1.097744999999999971e+00 2.595946000000000087e-01
1.101472999999999924e+00 2.632025000000000059e-01
1.105231999999999992e+00 2.668532000000000126e-01
1.108989000000000003e+00 2.705138999999999738e-01
1.112775000000000070e+00 2.742055999999999938e-01
1.116541000000000006e+00 2.779067000000000065e-01
1.120292999999999983e+00 2.815965999999999747e-01
1.124020999999999937e+00 2.852759000000000267e-01
1.127780000000000005e+00 2.889952000000000076e-01
1.131571000000000105e+00 2.927637000000000156e-01
1.135327999999999893e+00 2.964910000000000045e-01
1.138552000000000008e+00 2.998488999999999738e-01
