8.996508999999999756e-04 -3.470089999999999839e-05
4.623801000000000300e-03 -3.762758999999999798e-05
8.428899999999999587e-03 -3.821292000000000276e-05
1.215300000000000061e-02 -3.528623999999999709e-05
1.601609999999999839e-02 -3.587166000000000139e-05
1.971430999999999878e-02 -3.762778999999999842e-05
2.255916999999999992e-02 -3.821294999999999808e-05
2.632005000000000108e-02 -3.938356999999999806e-05
3.008519000000000124e-02 -3.645685999999999708e-05
3.384295999999999832e-02 -3.762753000000000056e-05
3.760418000000000094e-02 -3.821292000000000276e-05
4.135620000000000268e-02 -3.704228000000000138e-05
4.512073999999999946e-02 -3.821310000000000180e-05
4.887530999999999820e-02 -3.528626999999999919e-05
5.263885000000000092e-02 -3.762749999999999846e-05
5.639800999999999842e-02 -3.704212999999999766e-05
6.015381000000000200e-02 -3.996892999999999816e-05
6.391043000000000418e-02 -3.821292000000000276e-05
6.767441999999999902e-02 -3.528623999999999709e-05
7.143795000000000006e-02 -3.704215999999999976e-05
7.519249999999999545e-02 -3.704224999999999928e-05
7.894602000000000563e-02 -3.528617999999999967e-05
8.271080999999999572e-02 -3.470087999999999699e-05
8.646995999999999849e-02 -3.645685999999999708e-05
9.023127999999999704e-02 -3.762764000000000148e-05
9.399551000000000434e-02 -3.470087999999999699e-05
9.774845999999999535e-02 -3.470087999999999699e-05
1.015133000000000008e-01 -3.762766999999999680e-05
1.052658000000000066e-01 -3.762766999999999680e-05
1.090258000000000060e-01 -3.762753000000000056e-05
1.127949000000000035e-01 -3.704233999999999880e-05
1.165438000000000029e-01 -3.645694000000000267e-05
1.203015999999999947e-01 -3.645687999999999848e-05
1.240649000000000057e-01 -3.528630000000000129e-05
1.278202999999999978e-01 -3.645687999999999848e-05
1.315743000000000051e-01 -3.528639000000000081e-05
1.353444000000000036e-01 -3.587166000000000139e-05
1.391063999999999912e-01 -3.821294999999999808e-05
1.428570999999999869e-01 -3.411562999999999781e-05
1.466172000000000031e-01 -3.411560000000000249e-05
1.503667999999999949e-01 -3.704237000000000089e-05
1.541369999999999962e-01 -3.704233999999999880e-05
1.579001999999999906e-01 -3.762766999999999680e-05
1.616560999999999970e-01 -3.528630000000000129e-05
1.654204999999999981e-01 -3.645694000000000267e-05
1.691609000000000029e-01 -3.704237000000000089e-05
1.729329000000000005e-01 -3.528650000000000173e-05
1.766901999999999917e-01 -3.704241999999999762e-05
1.804536999999999947e-01 -3.470093000000000049e-05
1.842169999999999919e-01 -3.762769999999999890e-05
1.879586000000000034e-01 -3.704237000000000089e-05
1.917275999999999980e-01 -3.704230999999999670e-05
1.954933000000000087e-01 -3.704241999999999762e-05
1.992567000000000088e-01 -3.762773000000000100e-05
2.030129999999999990e-01 -3.645714999999999703e-05
2.067740999999999885e-01 -3.528639000000000081e-05
2.105322000000000027e-01 -3.235979000000000074e-05
2.143029999999999935e-01 -3.587180999999999833e-05
2.180584000000000133e-01 -3.645703000000000219e-05
2.218214000000000019e-01 -3.411562999999999781e-05
2.255543999999999882e-01 -3.353037999999999863e-05
2.292875000000000052e-01 -3.528639000000000081e-05
2.330944000000000071e-01 -3.294509999999999735e-05
2.368514999999999926e-01 -3.528646999999999963e-05
2.406094000000000011e-01 -3.645723000000000263e-05
2.443817000000000073e-01 -3.704244999999999971e-05
2.480897999999999992e-01 -3.470125000000000255e-05
2.518850000000000255e-01 -3.470116999999999695e-05
2.556387999999999994e-01 -3.762778999999999842e-05
2.594010999999999956e-01 -3.411600000000000336e-05
2.631641000000000119e-01 -3.528668000000000077e-05
2.668826999999999727e-01 -3.762793000000000143e-05
2.707066000000000194e-01 -3.528652999999999705e-05
2.744318000000000035e-01 -3.411573999999999873e-05
2.781926000000000121e-01 -3.294509999999999735e-05
2.819452000000000069e-01 -3.587189999999999785e-05
2.857047999999999810e-01 -3.645714999999999703e-05
2.894363999999999826e-01 -3.294507000000000202e-05
2.932556000000000052e-01 -3.353041000000000073e-05
2.969813000000000036e-01 -3.411568000000000131e-05
3.007327000000000194e-01 -3.411568000000000131e-05
3.044976999999999823e-01 -3.294507000000000202e-05
3.082615000000000216e-01 -3.411562999999999781e-05
3.120477999999999863e-01 -3.470098999999999791e-05
3.158121999999999874e-01 -3.353037999999999863e-05
3.195193000000000061e-01 -3.411570999999999663e-05
3.232947999999999933e-01 -3.235959000000000030e-05
3.270556000000000019e-01 -3.118894999999999892e-05
3.308464999999999878e-01 -3.001830000000000023e-05
3.346118000000000148e-01 -3.001847999999999927e-05
3.383677999999999964e-01 -3.294525000000000106e-05
3.420941000000000121e-01 -3.118914999999999936e-05
3.458502999999999994e-01 -3.060390000000000018e-05
3.496113000000000137e-01 -3.060381000000000066e-05
3.533992000000000244e-01 -3.001836000000000104e-05
3.571572000000000080e-01 -3.118911999999999726e-05
3.609207999999999861e-01 -3.118911999999999726e-05
3.646419000000000188e-01 -3.235979000000000074e-05
3.683991999999999822e-01 -2.884769000000000095e-05
3.721921000000000257e-01 -3.001836000000000104e-05
3.759506000000000236e-01 -2.943314000000000057e-05
3.797105000000000063e-01 -2.884776999999999977e-05
3.834371999999999781e-01 -2.884776999999999977e-05
3.871955999999999731e-01 -3.177446000000000274e-05
3.909809000000000201e-01 -3.118911999999999726e-05
3.947383999999999893e-01 -3.118911999999999726e-05
3.985051000000000010e-01 -2.826240999999999966e-05
4.022518999999999956e-01 -2.884776999999999977e-05
4.059804000000000190e-01 -2.826267000000000091e-05
4.097416999999999865e-01 -2.767718999999999919e-05
4.135319000000000078e-01 -2.826247000000000047e-05
4.173034999999999939e-01 -2.475022000000000035e-05
4.210417000000000187e-01 -2.592109000000000088e-05
4.248044999999999738e-01 -2.357977999999999940e-05
4.285282999999999731e-01 -2.123828999999999889e-05
4.323549999999999893e-01 -2.592118000000000040e-05
4.360978999999999828e-01 -2.357981000000000150e-05
4.398323000000000094e-01 -2.006775999999999843e-05
4.435980999999999952e-01 -2.123855000000000014e-05
4.473530000000000006e-01 -2.006795999999999886e-05
4.511507000000000156e-01 -1.772646999999999835e-05
4.549136999999999764e-01 -1.597047000000000025e-05
4.586357999999999824e-01 -1.070244000000000048e-05
4.623937000000000186e-01 -1.245851000000000009e-05
4.661493999999999915e-01 -1.070249999999999960e-05
4.699153999999999831e-01 -1.070258000000000011e-05
4.737053999999999987e-01 -5.434355000000000251e-06
4.774669000000000274e-01 -4.849338000000000089e-06
4.811870999999999787e-01 -3.093155000000000118e-06
4.849419999999999842e-01 -3.678461999999999815e-06
4.887080999999999786e-01 2.760235999999999994e-06
4.924953000000000247e-01 5.686859000000000061e-06
4.962557000000000218e-01 6.272283000000000235e-06
5.000126000000000293e-01 7.442896999999999629e-06
5.037378999999999607e-01 1.329628999999999937e-05
5.074967999999999702e-01 1.739367000000000045e-05
5.112900999999999696e-01 2.207607000000000156e-05
5.150470999999999799e-01 2.675866999999999973e-05
5.188101999999999991e-01 2.910016000000000024e-05
5.225286999999999571e-01 3.553868999999999838e-05
5.262883999999999896e-01 4.256284000000000125e-05
5.300814999999999833e-01 4.900160000000000193e-05
5.338355999999999657e-01 5.309880000000000058e-05
5.375982000000000260e-01 6.363479999999999592e-05
5.413516000000000439e-01 7.065888999999999460e-05
5.450819000000000081e-01 7.826825999999999456e-05
5.488416000000000405e-01 8.938953000000000404e-05
5.526267999999999736e-01 9.992569999999999773e-05
5.563881000000000521e-01 1.092909999999999943e-04
5.601462999999999859e-01 1.204121999999999989e-04
5.639073999999999476e-01 1.338749999999999879e-04
5.676261000000000223e-01 1.473377999999999906e-04
5.714593999999999507e-01 1.607998999999999984e-04
5.751813999999999538e-01 1.812868999999999939e-04
5.789402999999999633e-01 2.000177000000000010e-04
5.826980000000000492e-01 2.181628999999999979e-04
5.864517999999999676e-01 2.421618999999999963e-04
5.902448999999999613e-01 2.649899000000000156e-04
5.940043999999999880e-01 2.884033000000000039e-04
5.977369999999999628e-01 3.194259000000000074e-04
6.014909999999999979e-01 3.475218999999999769e-04
6.052553999999999990e-01 3.808859000000000051e-04
6.090092999999999757e-01 4.160055999999999867e-04
6.128036000000000039e-01 4.540522999999999760e-04
6.165599999999999969e-01 4.967821000000000086e-04
6.202851000000000337e-01 5.430233000000000022e-04
6.240434000000000259e-01 5.939476000000000391e-04
6.278048999999999991e-01 6.477984999999999473e-04
6.315962999999999994e-01 7.057454999999999805e-04
6.353495999999999588e-01 7.724741999999999503e-04
6.391128999999999838e-01 8.438856999999999695e-04
6.428369000000000444e-01 9.188084999999999699e-04
6.465946999999999667e-01 9.989985000000000271e-04
6.503849000000000435e-01 1.090311000000000058e-03
6.541411999999999782e-01 1.185134999999999921e-03
6.579017999999999811e-01 1.292250999999999903e-03
6.616277999999999881e-01 1.404635999999999905e-03
6.653879999999999795e-01 1.525213999999999997e-03
6.691420999999999619e-01 1.656914999999999907e-03
6.729395000000000238e-01 1.803834000000000036e-03
6.766995999999999567e-01 1.956606000000000057e-03
6.804527999999999688e-01 2.123425999999999873e-03
6.841774999999999940e-01 2.300196999999999919e-03
6.879332999999999698e-01 2.492771999999999870e-03
6.917328000000000365e-01 2.700566000000000164e-03
6.954867999999999606e-01 2.924163000000000023e-03
6.992469000000000046e-01 3.162980000000000132e-03
7.030003000000000224e-01 3.417013999999999902e-03
7.067307999999999923e-01 3.688025000000000157e-03
7.105559000000000180e-01 3.985373000000000387e-03
7.142783000000000326e-01 4.292673000000000322e-03
7.180362000000000133e-01 4.626316000000000109e-03
7.217934000000000294e-01 4.980441999999999855e-03
7.255542000000000380e-01 5.357393999999999698e-03
7.292767999999999473e-01 5.751912999999999991e-03
7.331109999999999571e-01 6.188571999999999823e-03
7.368322000000000482e-01 6.632836999999999934e-03
7.405922999999999812e-01 7.109884999999999816e-03
7.443520999999999610e-01 7.617956999999999854e-03
7.481098999999999943e-01 8.152951999999999769e-03
7.518985000000000252e-01 8.718383999999999162e-03
7.556564000000000059e-01 9.313085000000000460e-03
7.593851999999999824e-01 9.937636999999999166e-03
7.631407000000000052e-01 1.059555000000000045e-02
7.669023999999999841e-01 1.128799999999999942e-02
7.706895000000000273e-01 1.202317999999999963e-02
7.744503999999999833e-01 1.278645999999999949e-02
7.782113999999999976e-01 1.358719000000000073e-02
7.819348000000000409e-01 1.441717999999999993e-02
7.856891000000000291e-01 1.529461000000000015e-02
7.894485999999999448e-01 1.621241000000000002e-02
7.932438000000000544e-01 1.717822000000000099e-02
7.969996000000000302e-01 1.817563000000000165e-02
8.007271000000000249e-01 1.920523000000000022e-02
8.044875000000000220e-01 2.028575999999999990e-02
8.082413000000000514e-01 2.140900999999999915e-02
8.120351999999999570e-01 2.258786000000000127e-02
8.157914000000000554e-01 2.379716999999999943e-02
8.195495999999999892e-01 2.505564000000000055e-02
8.232718999999999454e-01 2.634161999999999962e-02
8.270370000000000221e-01 2.769024000000000138e-02
8.308242000000000127e-01 2.909151999999999919e-02
8.345865000000000089e-01 3.052908999999999831e-02
8.383464999999999945e-01 3.201467000000000201e-02
8.420986000000000304e-01 3.353479000000000182e-02
8.458267000000000424e-01 3.509587000000000123e-02
8.495838999999999475e-01 3.671549999999999814e-02
8.533789999999999987e-01 3.839305999999999969e-02
8.571301000000000059e-01 4.010106000000000087e-02
8.608959999999999946e-01 4.185472999999999971e-02
8.646500000000000297e-01 4.365226999999999996e-02
8.683815999999999757e-01 4.547849999999999809e-02
8.722075999999999718e-01 4.739841999999999667e-02
8.759306999999999510e-01 4.931069999999999898e-02
8.796891999999999490e-01 5.128094999999999876e-02
8.834482000000000168e-01 5.329974999999999991e-02
8.872058000000000444e-01 5.535546000000000216e-02
8.909937999999999469e-01 5.747668000000000221e-02
8.947595000000000409e-01 5.962427000000000005e-02
8.984824999999999617e-01 6.178767000000000287e-02
9.022419000000000411e-01 6.400785000000000502e-02
9.059973000000000054e-01 6.626898000000000510e-02
9.097532999999999870e-01 6.856877999999999584e-02
9.135478000000000209e-01 7.093410999999999467e-02
9.173094999999999999e-01 7.331229999999999691e-02
9.210310999999999915e-01 7.570512999999999548e-02
9.247883999999999549e-01 7.815595999999999655e-02
9.285539000000000431e-01 8.065239999999999909e-02
9.323394999999999877e-01 8.319622000000000128e-02
9.360998000000000374e-01 8.576177000000000106e-02
9.398212000000000232e-01 8.833074999999999954e-02
9.435795999999999628e-01 9.095949999999999869e-02
9.473392999999999953e-01 9.362165999999999544e-02
9.511302000000000367e-01 9.634402999999999717e-02
9.548915999999999515e-01 9.907225000000000059e-02
9.586438999999999933e-01 1.018262999999999946e-01
9.623737999999999460e-01 1.046001000000000014e-01
9.661342000000000541e-01 1.074237999999999998e-01
9.698879000000000250e-01 1.102761000000000019e-01
9.736799999999999899e-01 1.131869999999999959e-01
9.774361999999999773e-01 1.160989999999999939e-01
9.812016000000000071e-01 1.190420999999999979e-01
9.849217999999999584e-01 1.219852000000000020e-01
9.886850000000000360e-01 1.249854999999999994e-01
9.924701000000000217e-01 1.280328000000000022e-01
9.962328999999999768e-01 1.310877000000000014e-01
9.999924000000000035e-01 1.341652999999999873e-01
1.003746000000000027e+00 1.372682000000000069e-01
1.007476000000000038e+00 1.403803999999999885e-01
1.011301000000000005e+00 1.435867999999999867e-01
1.015033000000000074e+00 1.467447000000000057e-01
1.018782999999999994e+00 1.499436000000000102e-01
1.022545000000000037e+00 1.531752000000000113e-01
1.026297999999999933e+00 1.564225999999999950e-01
1.030094999999999983e+00 1.597291000000000127e-01
1.033854000000000051e+00 1.630234000000000127e-01
1.037579000000000029e+00 1.663183000000000022e-01
1.041334999999999900e+00 1.696621000000000101e-01
1.045096999999999943e+00 1.730260999999999882e-01
1.048853999999999953e+00 1.764081999999999872e-01
1.052642000000000078e+00 1.798401000000000027e-01
1.056403999999999899e+00 1.832700999999999913e-01
1.060127000000000042e+00 1.866855000000000042e-01
1.063882999999999912e+00 1.901442000000000132e-01
1.067644999999999955e+00 1.936380000000000046e-01
1.071439000000000030e+00 1.971729000000000120e-01
1.075194999999999901e+00 2.006906999999999996e-01
1.078918999999999961e+00 2.042080000000000006e-01
1.082678999999999947e+00 2.077669000000000044e-01
1.086435000000000040e+00 2.113421000000000050e-01
1.090230000000000032e+00 2.149699999999999944e-01
1.093990999999999936e+00 2.185867999999999978e-01
1.097744000000000053e+00 2.222110999999999947e-01
1.101472000000000007e+00 2.258336999999999983e-01
1.105231999999999992e+00 2.294961000000000084e-01
1.108989000000000003e+00 2.331731999999999971e-01
1.112775000000000070e+00 2.368930999999999953e-01
1.116540000000000088e+00 2.406092999999999982e-01
1.120292000000000066e+00 2.443326000000000109e-01
1.124022000000000077e+00 2.480482999999999993e-01
1.127779000000000087e+00 2.518032000000000048e-01
1.131571000000000105e+00 2.556055999999999884e-01
1.135327999999999893e+00 2.593909999999999827e-01
1.139086000000000043e+00 2.631861999999999813e-01
1.142851999999999979e+00 2.670089999999999963e-01
1.146570000000000089e+00 2.707995000000000263e-01
1.150404999999999900e+00 2.747054999999999914e-01
1.154125000000000068e+00 2.785218999999999889e-01
1.157890000000000086e+00 2.823943999999999899e-01
1.161645999999999956e+00 2.862758000000000247e-01
1.165397999999999934e+00 2.901577000000000184e-01
1.169122999999999912e+00 2.940302000000000193e-01
1.172951999999999995e+00 2.980110999999999732e-01
1.174422999999999995e+00 2.998765999999999932e-01
