1.764259999999999944e-06 -3.821298000000000018e-05
5.013214000000000212e-03 -3.704239000000000229e-05
1.002554999999999939e-02 -3.294489999999999691e-05
1.503845000000000008e-02 -3.411557000000000039e-05
2.005091000000000165e-02 -3.645703000000000219e-05
2.507235999999999840e-02 -3.762760999999999938e-05
3.008312000000000139e-02 -3.645683000000000175e-05
3.509639999999999982e-02 -3.645679999999999966e-05
4.010750999999999900e-02 -3.411539000000000135e-05
4.512134999999999757e-02 -3.411551000000000297e-05
5.013081999999999955e-02 -3.470087999999999699e-05
5.514478999999999909e-02 -3.704219000000000186e-05
6.015601000000000281e-02 -3.528617999999999967e-05
6.516871999999999943e-02 -3.587149000000000305e-05
7.017909999999999426e-02 -3.704228000000000138e-05
7.519228000000000023e-02 -3.353014000000000217e-05
8.020262999999999698e-02 -3.704241999999999762e-05
8.521745000000000014e-02 -3.645687999999999848e-05
9.022818999999999978e-02 -3.528621000000000177e-05
9.524166000000000576e-02 -3.762773000000000100e-05
1.002513000000000015e-01 -3.411557000000000039e-05
1.052656000000000008e-01 -3.587155000000000047e-05
1.102756000000000014e-01 -3.528635999999999871e-05
1.152941999999999995e-01 -3.528626999999999919e-05
1.203005000000000047e-01 -3.294480999999999739e-05
1.253202999999999956e-01 -3.528623999999999709e-05
1.303263000000000060e-01 -3.528626999999999919e-05
1.353438999999999892e-01 -3.411557000000000039e-05
1.403523999999999883e-01 -3.411560000000000249e-05
1.453686999999999896e-01 -3.587160999999999789e-05
1.503780000000000117e-01 -3.645694000000000267e-05
1.553924999999999890e-01 -3.645696999999999800e-05
1.604034000000000015e-01 -3.587155000000000047e-05
1.654193999999999942e-01 -3.528623999999999709e-05
1.704292000000000029e-01 -3.353025999999999701e-05
1.754426000000000041e-01 -3.177443000000000064e-05
1.804543000000000119e-01 -3.294509999999999735e-05
1.854690999999999979e-01 -3.353025999999999701e-05
1.904783999999999922e-01 -3.353019999999999959e-05
1.954928999999999972e-01 -3.470105000000000211e-05
2.005057000000000089e-01 -3.470127999999999787e-05
2.055192000000000130e-01 -3.470107999999999743e-05
2.105418000000000012e-01 -3.294507000000000202e-05
2.155658000000000019e-01 -3.587160999999999789e-05
2.205527999999999933e-01 -3.294489999999999691e-05
2.255407000000000106e-01 -3.353041000000000073e-05
2.306011000000000033e-01 -3.294509999999999735e-05
2.355869999999999909e-01 -3.294503999999999993e-05
2.406086000000000058e-01 -3.470089999999999839e-05
2.455963999999999925e-01 -3.294489999999999691e-05
2.506552000000000224e-01 -3.235962000000000240e-05
2.556392000000000109e-01 -3.177430999999999902e-05
2.606620000000000048e-01 -3.235962000000000240e-05
2.656548000000000243e-01 -3.470102000000000001e-05
2.707070999999999783e-01 -3.118894999999999892e-05
2.756977999999999929e-01 -3.470093000000000049e-05
2.806855999999999796e-01 -3.177430999999999902e-05
2.857067999999999830e-01 -3.235971000000000192e-05
2.907641999999999727e-01 -3.060366999999999764e-05
2.957538000000000111e-01 -3.235959000000000030e-05
3.007427999999999768e-01 -3.060366999999999764e-05
3.057306000000000190e-01 -3.353048999999999955e-05
3.107836999999999961e-01 -3.177439999999999854e-05
3.158100999999999825e-01 -3.353028999999999911e-05
3.207982999999999807e-01 -3.118897000000000032e-05
3.257925999999999878e-01 -3.060361000000000022e-05
3.308466999999999936e-01 -3.411570999999999663e-05
3.358400000000000274e-01 -3.470107999999999743e-05
3.408594999999999819e-01 -3.235971000000000192e-05
3.458466000000000040e-01 -3.118905999999999984e-05
3.509064000000000072e-01 -3.235975999999999864e-05
3.558925000000000005e-01 -3.060364000000000232e-05
3.609155000000000002e-01 -3.236000000000000188e-05
3.659059000000000061e-01 -3.001876999999999923e-05
3.709601000000000148e-01 -3.353048999999999955e-05
3.759490999999999805e-01 -3.411580000000000293e-05
3.809377999999999931e-01 -3.235962000000000240e-05
3.859602999999999784e-01 -3.177443000000000064e-05
3.909828000000000192e-01 -3.235975999999999864e-05
3.960004999999999775e-01 -3.294509999999999735e-05
4.009939000000000142e-01 -3.177446000000000274e-05
4.059802000000000133e-01 -3.118909000000000194e-05
4.110351999999999895e-01 -3.411568000000000131e-05
4.160587000000000035e-01 -3.177439999999999854e-05
4.210509000000000057e-01 -3.118911999999999726e-05
4.260390000000000010e-01 -3.235975999999999864e-05
4.310919999999999752e-01 -3.235988000000000026e-05
4.360850000000000004e-01 -3.177434000000000112e-05
4.411038999999999932e-01 -3.001859000000000019e-05
4.460928000000000115e-01 -3.235982000000000284e-05
4.511491999999999725e-01 -3.001851000000000137e-05
4.561353000000000213e-01 -3.470116999999999695e-05
4.611671999999999993e-01 -3.001836000000000104e-05
4.661525999999999725e-01 -3.177448999999999806e-05
4.712107999999999852e-01 -3.118905999999999984e-05
4.762007999999999797e-01 -3.118909000000000194e-05
4.811858999999999997e-01 -3.235975999999999864e-05
4.862118000000000273e-01 -3.118914999999999936e-05
4.912325000000000164e-01 -3.118929000000000238e-05
4.962538000000000227e-01 -3.177454000000000156e-05
5.012421999999999711e-01 -3.294518999999999687e-05
5.062354999999999494e-01 -3.177450999999999946e-05
5.112889000000000461e-01 -3.118927000000000098e-05
5.163075000000000303e-01 -3.235988000000000026e-05
5.213033000000000250e-01 -2.884765999999999885e-05
5.262887000000000537e-01 -3.060375000000000324e-05
5.313434999999999686e-01 -3.177450999999999946e-05
5.363373000000000168e-01 -3.001861999999999890e-05
5.413539000000000545e-01 -3.177450999999999946e-05
5.463438000000000461e-01 -3.060393000000000228e-05
5.513951999999999742e-01 -3.118934999999999980e-05
5.563881000000000521e-01 -3.177450999999999946e-05
5.614112999999999465e-01 -3.177448999999999806e-05
5.663996000000000031e-01 -3.118929000000000238e-05
5.714601000000000264e-01 -2.943320000000000138e-05
5.764453000000000493e-01 -2.826261000000000010e-05
5.814333000000000418e-01 -3.001851000000000137e-05
5.864525000000000432e-01 -3.060390000000000018e-05
5.914810000000000345e-01 -2.943320000000000138e-05
5.965074999999999683e-01 -3.235975999999999864e-05
6.014939000000000258e-01 -2.943320000000000138e-05
6.064869000000000510e-01 -3.001845000000000056e-05
6.115369999999999973e-01 -2.943316999999999928e-05
6.165618999999999961e-01 -2.709177000000000167e-05
6.215534000000000336e-01 -3.001845000000000056e-05
6.265397999999999801e-01 -3.118911999999999726e-05
6.315996999999999861e-01 -3.060390000000000018e-05
6.365811000000000108e-01 -3.001859000000000019e-05
6.416083999999999676e-01 -2.943329000000000090e-05
6.465961999999999543e-01 -2.884792000000000009e-05
6.516465000000000174e-01 -2.884798000000000090e-05
6.566410999999999776e-01 -3.001851000000000137e-05
6.616298999999999930e-01 -2.884774999999999837e-05
6.666511000000000520e-01 -2.943320000000000138e-05
6.717045999999999850e-01 -2.826247000000000047e-05
6.766997999999999625e-01 -3.001861999999999890e-05
6.816851999999999911e-01 -2.884785999999999929e-05
6.867018999999999762e-01 -2.943339999999999843e-05
6.917343000000000242e-01 -2.826261000000000010e-05
6.967497999999999747e-01 -3.060395999999999760e-05
7.017383999999999844e-01 -2.826263999999999881e-05
7.067312999999999512e-01 -2.650655000000000120e-05
7.117831999999999493e-01 -3.001861999999999890e-05
7.168069000000000246e-01 -3.118927000000000098e-05
7.217955999999999817e-01 -2.943320000000000138e-05
7.267860000000000431e-01 -2.884807000000000042e-05
7.318411000000000222e-01 -2.767731000000000081e-05
7.368333000000000244e-01 -2.650660000000000131e-05
7.418571000000000470e-01 -2.943325999999999880e-05
7.468443999999999638e-01 -2.884807000000000042e-05
7.519012999999999947e-01 -2.709194000000000001e-05
7.568869000000000291e-01 -2.709194000000000001e-05
7.618821000000000065e-01 -2.826249999999999918e-05
7.669038000000000244e-01 -2.650655000000000120e-05
7.719553000000000109e-01 -2.826249999999999918e-05
7.769477000000000189e-01 -2.709187999999999920e-05
7.819371999999999989e-01 -2.943354999999999875e-05
7.869564000000000004e-01 -2.767733999999999952e-05
7.919810999999999934e-01 -2.943352000000000004e-05
7.970000999999999891e-01 -2.650665999999999873e-05
8.019908999999999510e-01 -2.767741999999999834e-05
8.069760999999999740e-01 -2.416517000000000160e-05
8.120378000000000318e-01 -2.826261000000000010e-05
8.170617999999999492e-01 -2.884794999999999881e-05
8.220442000000000027e-01 -2.767733999999999952e-05
8.270370000000000221e-01 -2.709214000000000045e-05
8.320931999999999773e-01 -2.767741999999999834e-05
8.370794999999999764e-01 -2.767733999999999952e-05
8.420999999999999597e-01 -2.767736000000000092e-05
8.470961000000000185e-01 -3.001885000000000144e-05
8.521454000000000528e-01 -2.826292999999999877e-05
8.571305000000000174e-01 -2.884818000000000134e-05
8.621231000000000311e-01 -2.884821000000000005e-05
8.671459999999999724e-01 -2.884812000000000053e-05
8.722090000000000121e-01 -3.001870999999999842e-05
8.772024999999999961e-01 -2.826263999999999881e-05
8.821862000000000315e-01 -2.592133000000000073e-05
8.872069000000000205e-01 -2.533598999999999864e-05
8.922278000000000153e-01 -2.709196999999999872e-05
8.972514999999999796e-01 -2.767727999999999871e-05
9.022430999999999646e-01 -2.767745000000000044e-05
9.072276000000000229e-01 -2.650707000000000031e-05
9.122862999999999944e-01 -2.650689999999999858e-05
9.173113000000000516e-01 -2.416535000000000064e-05
9.222966000000000220e-01 -2.533602000000000074e-05
9.272827999999999626e-01 -2.416549000000000027e-05
9.323422999999999572e-01 -2.826272999999999833e-05
9.373337999999999948e-01 -2.767747999999999915e-05
9.423502999999999741e-01 -2.416551999999999898e-05
9.473403000000000240e-01 -2.475095000000000059e-05
9.523962999999999735e-01 -2.709211999999999905e-05
9.573844999999999716e-01 -2.592149999999999907e-05
9.623747999999999747e-01 -2.533616000000000036e-05
9.674004000000000492e-01 -2.358004000000000065e-05
9.724566999999999517e-01 -2.416537999999999935e-05
9.774389999999999468e-01 -2.240939999999999927e-05
9.824313999999999547e-01 -2.065368000000000043e-05
9.874530999999999725e-01 -1.948327000000000159e-05
9.924711999999999978e-01 -1.597107999999999888e-05
9.974956000000000378e-01 -1.187352000000000046e-05
1.002488000000000046e+00 -4.264206000000000352e-06
1.007478000000000096e+00 6.857240999999999827e-06
1.012531999999999988e+00 2.090507999999999941e-05
1.017559000000000102e+00 5.543982999999999941e-05
1.022547000000000095e+00 9.582787999999999636e-05
1.027536000000000005e+00 1.654826999999999936e-04
1.032591999999999954e+00 2.766960999999999748e-04
1.037581000000000087e+00 4.476134999999999793e-04
1.042601000000000111e+00 7.104286999999999495e-04
1.047590999999999939e+00 1.087382999999999926e-03
1.052643999999999913e+00 1.610085999999999939e-03
1.057633999999999963e+00 2.277368000000000101e-03
1.062619999999999898e+00 3.097420999999999942e-03
1.067644999999999955e+00 4.066728999999999830e-03
1.072707999999999995e+00 5.184718999999999960e-03
1.077692000000000094e+00 6.412166999999999867e-03
1.082681000000000004e+00 7.756675999999999675e-03
1.087703000000000086e+00 9.216500000000000734e-03
1.092727000000000004e+00 1.078051000000000009e-02
1.097744999999999971e+00 1.243583000000000015e-02
1.102735000000000021e+00 1.416958999999999927e-02
1.107725999999999988e+00 1.598822999999999911e-02
1.112776999999999905e+00 1.790109999999999965e-02
1.117769000000000013e+00 1.987190999999999957e-02
1.122797000000000045e+00 2.193403999999999840e-02
1.127780999999999922e+00 2.404885000000000009e-02
1.132838999999999929e+00 2.625614000000000073e-02
1.137826000000000004e+00 2.849855000000000096e-02
1.142852999999999897e+00 3.083110999999999838e-02
1.147837999999999914e+00 3.320052999999999893e-02
1.152897000000000061e+00 3.566712999999999828e-02
1.157891999999999921e+00 3.816475999999999896e-02
1.162868999999999930e+00 4.071386999999999923e-02
1.167899000000000020e+00 4.335022999999999654e-02
1.172954000000000052e+00 4.605622000000000188e-02
1.177940999999999905e+00 4.878621999999999820e-02
1.182933999999999930e+00 5.158353000000000244e-02
1.187950999999999979e+00 5.444697999999999899e-02
1.192978000000000094e+00 5.737833999999999990e-02
1.197993000000000086e+00 6.035535000000000205e-02
1.202984000000000053e+00 6.338560999999999501e-02
1.207977000000000078e+00 6.647559000000000107e-02
1.213032000000000110e+00 6.963816000000000450e-02
1.218021999999999938e+00 7.279425000000000479e-02
1.223039999999999905e+00 7.603171999999999708e-02
1.228034000000000070e+00 7.930550999999999573e-02
1.233082999999999929e+00 8.270334000000000019e-02
1.238073999999999897e+00 8.597478000000000065e-02
1.243103000000000069e+00 8.911863000000000423e-02
1.248081999999999914e+00 9.241111999999999937e-02
1.253142999999999896e+00 9.585873999999999784e-02
1.258126999999999995e+00 9.936192000000000635e-02
1.263115999999999906e+00 1.029330999999999996e-01
1.268140999999999963e+00 1.065832000000000029e-01
1.273195999999999994e+00 1.103692000000000006e-01
1.278199000000000085e+00 1.141791000000000056e-01
1.283177999999999930e+00 1.177847000000000061e-01
1.288200000000000012e+00 1.213570000000000065e-01
1.293225999999999987e+00 1.251821999999999935e-01
1.298246999999999929e+00 1.291244000000000003e-01
1.303236999999999979e+00 1.331567999999999918e-01
1.308221000000000078e+00 1.372475999999999974e-01
1.313282999999999978e+00 1.414566999999999908e-01
1.318262999999999963e+00 1.456377000000000088e-01
1.323293000000000053e+00 1.498433999999999877e-01
1.328284999999999938e+00 1.541619999999999935e-01
1.333333000000000101e+00 1.585871000000000086e-01
1.338330999999999937e+00 1.630730999999999986e-01
1.343345999999999929e+00 1.676257999999999915e-01
1.348333000000000004e+00 1.722229999999999872e-01
1.353386999999999896e+00 1.769536999999999916e-01
1.358375000000000110e+00 1.814583999999999919e-01
1.363366999999999996e+00 1.848287999999999875e-01
1.368389000000000078e+00 1.888751999999999931e-01
1.373448000000000002e+00 1.933276999999999912e-01
1.378432000000000102e+00 1.979348999999999970e-01
1.383426000000000045e+00 2.027211999999999903e-01
1.388412999999999897e+00 2.075741999999999865e-01
1.393464000000000036e+00 2.126286000000000009e-01
1.398487999999999953e+00 2.175236999999999865e-01
1.403472000000000053e+00 2.226628999999999969e-01
1.408465000000000078e+00 2.274093000000000087e-01
1.413531000000000093e+00 2.325164000000000120e-01
1.418511000000000077e+00 2.377994999999999970e-01
1.423537999999999970e+00 2.430310999999999999e-01
1.428528999999999938e+00 2.484637000000000095e-01
1.433586000000000027e+00 2.536555999999999811e-01
1.438569999999999904e+00 2.589452999999999894e-01
1.443589999999999929e+00 2.646973000000000242e-01
1.448582999999999954e+00 2.701343999999999967e-01
1.453635000000000010e+00 2.757356000000000251e-01
1.458625999999999978e+00 2.812575999999999965e-01
1.463615000000000110e+00 2.868211999999999984e-01
1.468642000000000003e+00 2.925252999999999881e-01
1.473694999999999977e+00 2.980391000000000012e-01
1.475038999999999989e+00 2.998578000000000077e-01
