4.999972999999999779e-01 1.925779000000000076e-03
5.037236999999999965e-01 1.962624000000000053e-03
5.074790000000000134e-01 2.000329999999999817e-03
5.112731000000000359e-01 2.038793000000000116e-03
5.150303000000000520e-01 2.077504999999999890e-03
5.187853999999999521e-01 2.116537999999999840e-03
5.225130000000000052e-01 2.155863999999999957e-03
5.262693000000000509e-01 2.195931999999999832e-03
5.300593000000000110e-01 2.236727999999999893e-03
5.338163999999999687e-01 2.277706000000000001e-03
5.375784999999999592e-01 2.319098999999999813e-03
5.413343999999999934e-01 2.360889000000000130e-03
5.450608999999999593e-01 2.402804000000000138e-03
5.488212999999999564e-01 2.445586999999999935e-03
5.526081999999999939e-01 2.489008000000000019e-03
5.563685999999999909e-01 2.532607000000000087e-03
5.601268000000000358e-01 2.576501000000000138e-03
5.638866000000000156e-01 2.620832000000000023e-03
5.676069000000000253e-01 2.665240000000000144e-03
5.714396999999999949e-01 2.711204999999999952e-03
5.751621000000000095e-01 2.756508999999999869e-03
5.789201000000000485e-01 2.802471999999999863e-03
5.826774000000000120e-01 2.848802000000000105e-03
5.864317000000000002e-01 2.895594000000000032e-03
5.902252999999999528e-01 2.943396999999999940e-03
5.939826000000000272e-01 2.991059999999999813e-03
5.977162000000000308e-01 3.038846999999999902e-03
6.014707999999999721e-01 3.087124000000000118e-03
6.052347000000000143e-01 3.136100000000000172e-03
6.089877000000000207e-01 3.185250000000000147e-03
6.127823999999999494e-01 3.235477000000000058e-03
6.165389000000000008e-01 3.285519000000000200e-03
6.202623999999999915e-01 3.335583000000000038e-03
6.240208000000000421e-01 3.386385999999999910e-03
6.277819999999999512e-01 3.437710000000000071e-03
6.315743000000000329e-01 3.489664999999999868e-03
6.353282999999999570e-01 3.541621999999999913e-03
6.390900999999999943e-01 3.594149000000000042e-03
6.428135000000000376e-01 3.646373999999999969e-03
6.465705999999999953e-01 3.699525999999999856e-03
6.503611000000000253e-01 3.753509999999999833e-03
6.541169999999999485e-01 3.807548999999999916e-03
6.578785000000000327e-01 3.862010999999999829e-03
6.616028999999999938e-01 3.916127999999999623e-03
6.653632999999999909e-01 3.971429999999999752e-03
6.691167000000000087e-01 4.026842999999999569e-03
6.729123999999999661e-01 4.083098999999999756e-03
6.766744000000000092e-01 4.139369000000000381e-03
6.804261999999999810e-01 4.195891000000000204e-03
6.841509999999999536e-01 4.252391000000000330e-03
6.879062000000000232e-01 4.309760000000000153e-03
6.917060000000000430e-01 4.368013999999999925e-03
6.954593999999999498e-01 4.426158999999999823e-03
6.992194999999999938e-01 4.484713999999999888e-03
7.029731999999999648e-01 4.543494999999999825e-03
7.067039000000000515e-01 4.602267999999999637e-03
7.105278000000000427e-01 4.662758999999999827e-03
7.142509999999999692e-01 4.722251999999999700e-03
7.180064999999999920e-01 4.782421000000000241e-03
7.217658000000000129e-01 4.843242000000000207e-03
7.255257000000000511e-01 4.904364999999999940e-03
7.292473999999999901e-01 4.965324000000000126e-03
7.330830999999999875e-01 5.028185999999999593e-03
7.368038999999999561e-01 5.089666999999999976e-03
7.405642000000000058e-01 5.152325000000000134e-03
7.443231000000000153e-01 5.215202999999999853e-03
7.480805999999999845e-01 5.278414999999999843e-03
7.518690000000000095e-01 5.342318000000000414e-03
7.556266000000000371e-01 5.406595000000000151e-03
7.593554000000000137e-01 5.470120999999999664e-03
7.631101999999999608e-01 5.534662000000000089e-03
7.668719000000000507e-01 5.599950000000000240e-03
7.706593000000000471e-01 5.665955000000000297e-03
7.744183999999999513e-01 5.731519000000000023e-03
7.781808999999999532e-01 5.797758000000000078e-03
7.819032000000000204e-01 5.863425000000000234e-03
7.856583999999999790e-01 5.930168999999999892e-03
7.894170000000000353e-01 5.997269999999999858e-03
7.932109999999999994e-01 6.065509000000000178e-03
7.969669000000000336e-01 6.133440000000000419e-03
8.006942000000000226e-01 6.200881000000000101e-03
8.044546999999999670e-01 6.269499999999999899e-03
8.082082000000000432e-01 6.338584999999999879e-03
8.120013000000000369e-01 6.408546000000000208e-03
8.157579000000000358e-01 6.477852000000000089e-03
8.195145999999999820e-01 6.547752000000000433e-03
8.232372000000000023e-01 6.617241999999999742e-03
8.270011999999999919e-01 6.688084000000000390e-03
8.307896000000000170e-01 6.759705000000000401e-03
8.345512000000000485e-01 6.830878000000000297e-03
8.383116999999999930e-01 6.902750000000000032e-03
8.420613999999999599e-01 6.974359999999999761e-03
8.457886999999999489e-01 7.046194000000000415e-03
8.495466000000000406e-01 7.119107999999999860e-03
8.533420999999999923e-01 7.192706000000000099e-03
8.570913000000000004e-01 7.265724000000000314e-03
8.608590000000000408e-01 7.339341999999999568e-03
8.646118999999999888e-01 7.413674000000000305e-03
8.683427999999999702e-01 7.487245000000000011e-03
8.721689999999999721e-01 7.563137999999999632e-03
8.758907000000000220e-01 7.637414999999999829e-03
8.796498000000000372e-01 7.712840000000000321e-03
8.834102999999999817e-01 7.788594999999999720e-03
8.871658000000000044e-01 7.864687999999999887e-03
8.909534000000000065e-01 7.941906999999999786e-03
8.947184999999999722e-01 8.018805999999999851e-03
8.984423999999999744e-01 8.095445999999999198e-03
9.022008000000000250e-01 8.172884000000000052e-03
9.059574999999999712e-01 8.250178000000000372e-03
9.097110999999999947e-01 8.328409000000000159e-03
9.135050999999999588e-01 8.407523999999999553e-03
9.172668000000000488e-01 8.486614999999999437e-03
9.209888999999999992e-01 8.564702000000000426e-03
9.247442999999999635e-01 8.643849999999999797e-03
9.285109999999999753e-01 8.723747999999999919e-03
9.322968000000000366e-01 8.804291000000000547e-03
9.360551999999999762e-01 8.885262999999999148e-03
9.397761000000000031e-01 8.964529000000000594e-03
9.435331999999999608e-01 9.045881000000000408e-03
9.472930000000000517e-01 9.127395999999999426e-03
9.510859000000000396e-01 9.209950999999999208e-03
9.548450000000000548e-01 9.292187999999999837e-03
9.585974000000000439e-01 9.374257999999999896e-03
9.623262000000000205e-01 9.456096000000000640e-03
9.660857999999999945e-01 9.538984999999999825e-03
9.698402999999999885e-01 9.622086999999999654e-03
9.736344000000000110e-01 9.706763000000000197e-03
9.773889999999999523e-01 9.790468999999999561e-03
9.811531000000000002e-01 9.875319000000000458e-03
9.848740999999999746e-01 9.959241000000000621e-03
9.886369999999999880e-01 1.004402000000000073e-02
9.924207000000000445e-01 1.012985999999999921e-02
9.961845999999999757e-01 1.021585000000000028e-02
9.999430000000000263e-01 1.030161999999999918e-02
1.003695999999999922e+00 1.038827999999999974e-02
1.007425999999999933e+00 1.047414999999999978e-02
1.011287000000000047e+00 1.056484000000000069e-02
1.015017000000000058e+00 1.065115999999999979e-02
1.018769000000000036e+00 1.073814000000000018e-02
1.022529999999999939e+00 1.082617999999999948e-02
1.026283000000000056e+00 1.091451000000000053e-02
1.030080000000000107e+00 1.100414000000000080e-02
1.033838000000000035e+00 1.109278000000000000e-02
1.037563000000000013e+00 1.118173000000000084e-02
1.041320000000000023e+00 1.127113000000000073e-02
1.045080999999999927e+00 1.136063999999999997e-02
1.048837999999999937e+00 1.145121999999999980e-02
1.052629000000000037e+00 1.154274999999999919e-02
1.056389999999999940e+00 1.163335000000000063e-02
1.060111999999999943e+00 1.172423000000000042e-02
1.063868999999999954e+00 1.181560000000000075e-02
1.067628999999999939e+00 1.190782999999999946e-02
1.071422000000000097e+00 1.200133999999999923e-02
1.075180000000000025e+00 1.209316000000000037e-02
1.078904000000000085e+00 1.218506999999999924e-02
1.082664999999999988e+00 1.227814999999999983e-02
1.086421000000000081e+00 1.237190999999999985e-02
1.090214000000000016e+00 1.246587000000000042e-02
1.093974999999999920e+00 1.255999999999999998e-02
1.097728999999999955e+00 1.265401000000000026e-02
1.101458000000000048e+00 1.274838000000000013e-02
1.105216999999999894e+00 1.284336999999999979e-02
1.108972999999999987e+00 1.293874000000000066e-02
1.112759999999999971e+00 1.303595999999999921e-02
1.116524999999999990e+00 1.313243000000000049e-02
1.120278000000000107e+00 1.322889000000000009e-02
1.124006000000000061e+00 1.332466000000000032e-02
1.127763999999999989e+00 1.342162000000000042e-02
1.131555000000000089e+00 1.351972000000000070e-02
1.135312000000000099e+00 1.361811999999999918e-02
1.139070000000000027e+00 1.371617999999999969e-02
1.142838000000000021e+00 1.381460999999999974e-02
1.146554999999999991e+00 1.391218999999999963e-02
1.150389000000000106e+00 1.401270999999999940e-02
1.154109999999999969e+00 1.411184000000000049e-02
1.157874999999999988e+00 1.421248999999999950e-02
1.161629999999999940e+00 1.431241999999999931e-02
1.165383000000000058e+00 1.441226999999999960e-02
1.169108000000000036e+00 1.451198000000000071e-02
1.172935999999999979e+00 1.461426000000000044e-02
1.176663000000000014e+00 1.471573999999999972e-02
1.180412999999999935e+00 1.481747999999999919e-02
1.184177999999999953e+00 1.491984000000000019e-02
1.187932999999999906e+00 1.502240999999999993e-02
1.191727999999999899e+00 1.512651999999999920e-02
1.195481999999999934e+00 1.522934999999999914e-02
1.199206999999999912e+00 1.533113000000000010e-02
1.202965999999999980e+00 1.543552999999999939e-02
1.206730000000000080e+00 1.553938000000000021e-02
1.210520000000000040e+00 1.564385999999999902e-02
1.214275999999999911e+00 1.574862999999999957e-02
1.218005000000000004e+00 1.585237000000000104e-02
1.221764999999999990e+00 1.595794999999999852e-02
1.225519000000000025e+00 1.606495999999999966e-02
1.229276000000000035e+00 1.617042999999999953e-02
1.233065000000000078e+00 1.627779999999999852e-02
1.236825000000000063e+00 1.638575999999999921e-02
1.240548999999999902e+00 1.649093999999999907e-02
1.244310000000000027e+00 1.659831999999999974e-02
1.248062999999999922e+00 1.670628999999999864e-02
1.251859999999999973e+00 1.681594999999999965e-02
1.255619999999999958e+00 1.692385999999999890e-02
1.259373000000000076e+00 1.703119999999999981e-02
1.263096999999999914e+00 1.714014000000000162e-02
1.266855999999999982e+00 1.725004999999999941e-02
1.270653999999999950e+00 1.736046999999999937e-02
1.274407000000000068e+00 1.747071999999999861e-02
1.278178999999999954e+00 1.758186999999999944e-02
1.281927999999999956e+00 1.769166000000000141e-02
1.285660000000000025e+00 1.780307999999999891e-02
1.289414999999999978e+00 1.791531000000000026e-02
1.293206000000000078e+00 1.802665000000000170e-02
1.296958999999999973e+00 1.813860999999999946e-02
1.300718000000000041e+00 1.825130999999999976e-02
1.304480000000000084e+00 1.836366000000000040e-02
1.308202000000000087e+00 1.847506999999999969e-02
1.312032000000000087e+00 1.859096999999999833e-02
1.315752999999999950e+00 1.870391999999999888e-02
1.319512999999999936e+00 1.881874000000000047e-02
1.323274000000000061e+00 1.893268999999999855e-02
1.327029000000000014e+00 1.904959000000000166e-02
1.330818999999999974e+00 1.916498999999999980e-02
1.334583000000000075e+00 1.928016999999999925e-02
1.338311000000000028e+00 1.939538000000000026e-02
1.342065000000000063e+00 1.951048000000000018e-02
1.345822000000000074e+00 1.962782000000000068e-02
1.349544999999999995e+00 1.974433000000000091e-02
1.353366000000000069e+00 1.986316000000000123e-02
1.357093000000000105e+00 1.997973000000000110e-02
1.360851000000000033e+00 2.009754000000000054e-02
1.364608000000000043e+00 2.021606000000000097e-02
1.368368999999999946e+00 2.033470000000000069e-02
1.372158999999999907e+00 2.045504999999999893e-02
1.375915999999999917e+00 2.057432000000000011e-02
1.379644000000000092e+00 2.069324000000000163e-02
1.383404999999999996e+00 2.081335999999999950e-02
1.387156000000000056e+00 2.093485999999999958e-02
1.390953000000000106e+00 2.105529000000000081e-02
1.394713000000000092e+00 2.117756000000000152e-02
1.398468000000000044e+00 2.129986000000000032e-02
1.402190000000000047e+00 2.142024999999999832e-02
1.405953999999999926e+00 2.154336999999999919e-02
1.409705999999999904e+00 2.166577000000000086e-02
1.413510000000000044e+00 2.178959999999999925e-02
1.417265999999999915e+00 2.191438999999999887e-02
1.421019999999999950e+00 2.203708000000000056e-02
1.424746000000000068e+00 2.216094999999999871e-02
1.428507999999999889e+00 2.228636000000000159e-02
1.432298999999999989e+00 2.241094999999999893e-02
1.436048999999999909e+00 2.253631999999999858e-02
1.439818000000000042e+00 2.266256000000000173e-02
1.443570999999999938e+00 2.278871999999999842e-02
1.447302000000000088e+00 2.291346999999999828e-02
1.451127999999999973e+00 2.304207999999999951e-02
1.454850999999999894e+00 2.316841000000000039e-02
1.458606000000000069e+00 2.329652000000000112e-02
1.462366999999999972e+00 2.342595999999999914e-02
1.466121999999999925e+00 2.355412999999999951e-02
1.469843000000000011e+00 2.368034000000000111e-02
1.473673999999999928e+00 2.381087999999999955e-02
1.477397000000000071e+00 2.393997999999999959e-02
1.481160000000000032e+00 2.407054999999999959e-02
1.484914000000000067e+00 2.419972000000000095e-02
1.488637999999999906e+00 2.432936000000000126e-02
1.492458999999999980e+00 2.446148000000000072e-02
1.496185000000000098e+00 2.459230000000000096e-02
1.499946999999999919e+00 2.472453000000000151e-02
1.503698999999999897e+00 2.485686000000000145e-02
1.507465000000000055e+00 2.498983000000000107e-02
1.511260000000000048e+00 2.512313999999999867e-02
1.515012999999999943e+00 2.525528999999999968e-02
1.518737000000000004e+00 2.538870000000000016e-02
1.522491000000000039e+00 2.552164999999999989e-02
1.526251999999999942e+00 2.565624000000000030e-02
1.530040999999999984e+00 2.579375999999999891e-02
1.533802000000000110e+00 2.592536000000000146e-02
1.537555000000000005e+00 2.606353999999999962e-02
1.541287000000000074e+00 2.620008000000000059e-02
1.545050000000000034e+00 2.633717000000000003e-02
1.548802000000000012e+00 2.647294000000000036e-02
1.552597999999999923e+00 2.661211000000000132e-02
1.556356000000000073e+00 2.675106000000000012e-02
1.560117999999999894e+00 2.688808000000000170e-02
1.563838000000000061e+00 2.702440000000000050e-02
1.567601999999999940e+00 2.716510999999999926e-02
1.571393000000000040e+00 2.730399999999999841e-02
1.575155000000000083e+00 2.744415000000000049e-02
1.578908999999999896e+00 2.758508999999999961e-02
1.582664000000000071e+00 2.772445999999999938e-02
1.586386999999999992e+00 2.786479999999999860e-02
1.590213000000000099e+00 2.800659999999999955e-02
1.593941000000000052e+00 2.815000999999999962e-02
1.597695000000000087e+00 2.829001000000000085e-02
1.601461999999999941e+00 2.843238999999999836e-02
1.605212000000000083e+00 2.857706999999999956e-02
1.608940999999999955e+00 2.871945999999999874e-02
1.612730999999999915e+00 2.886297000000000168e-02
1.616495000000000015e+00 2.900915000000000091e-02
1.620246999999999993e+00 2.915413000000000032e-02
1.624009000000000036e+00 2.929821999999999982e-02
1.627734999999999932e+00 2.944139000000000131e-02
1.631556999999999924e+00 2.959184000000000120e-02
1.635283999999999960e+00 2.973773000000000041e-02
1.639040000000000052e+00 2.988152000000000169e-02
1.642795999999999923e+00 3.002772000000000080e-02
1.646559000000000106e+00 3.017647000000000038e-02
1.650347000000000008e+00 3.032649999999999929e-02
1.654106000000000076e+00 3.047520000000000090e-02
1.657828999999999997e+00 3.062310000000000032e-02
1.661593000000000098e+00 3.077405000000000071e-02
1.665345999999999993e+00 3.092394000000000046e-02
1.669108999999999954e+00 3.107495999999999869e-02
1.672901999999999889e+00 3.122712999999999878e-02
1.676652999999999949e+00 3.137796999999999809e-02
1.680382000000000042e+00 3.152665999999999802e-02
1.684139999999999970e+00 3.167956000000000244e-02
1.687909000000000104e+00 3.183293000000000234e-02
1.691692999999999891e+00 3.198688000000000226e-02
1.695454999999999934e+00 3.214055999999999857e-02
1.699208000000000052e+00 3.229256999999999961e-02
1.702939999999999898e+00 3.244492999999999683e-02
1.706695999999999991e+00 3.260169999999999735e-02
1.710482999999999976e+00 3.275820000000000121e-02
1.714242000000000044e+00 3.291308999999999901e-02
1.718005999999999922e+00 3.306972999999999857e-02
1.721762000000000015e+00 3.322666999999999982e-02
1.725481000000000043e+00 3.337997999999999660e-02
1.729246000000000061e+00 3.353628000000000164e-02
1.733038000000000078e+00 3.369671999999999945e-02
1.736801000000000039e+00 3.385552000000000006e-02
1.740552000000000099e+00 3.401320000000000038e-02
1.744310000000000027e+00 3.417239999999999861e-02
1.748037000000000063e+00 3.433177999999999924e-02
1.751832000000000056e+00 3.449467999999999979e-02
1.755587999999999926e+00 3.465432000000000234e-02
1.759339999999999904e+00 3.481714999999999810e-02
1.763106000000000062e+00 3.497945999999999694e-02
1.766829999999999901e+00 3.513952000000000048e-02
1.770651999999999893e+00 3.530538999999999900e-02
1.774375000000000036e+00 3.546656000000000114e-02
1.778135000000000021e+00 3.563125000000000320e-02
1.781890999999999892e+00 3.579596000000000167e-02
1.785652999999999935e+00 3.596026000000000084e-02
1.789376000000000078e+00 3.612288000000000304e-02
1.793199999999999905e+00 3.629115000000000119e-02
1.796926000000000023e+00 3.645451999999999720e-02
1.800689999999999902e+00 3.662371999999999850e-02
1.804443999999999937e+00 3.678946999999999773e-02
1.808206999999999898e+00 3.695662999999999726e-02
1.811989000000000072e+00 3.712433999999999873e-02
1.815752000000000033e+00 3.729389999999999789e-02
1.819474999999999953e+00 3.746168999999999888e-02
1.823245000000000005e+00 3.763144000000000211e-02
1.826994000000000007e+00 3.780328000000000160e-02
1.830792999999999893e+00 3.797645000000000187e-02
1.834556999999999993e+00 3.814784000000000230e-02
1.838308000000000053e+00 3.831895999999999913e-02
1.842028999999999916e+00 3.848822999999999828e-02
1.845785999999999927e+00 3.865970999999999991e-02
1.849549000000000110e+00 3.883095000000000296e-02
1.853337000000000012e+00 3.900702999999999809e-02
1.857102999999999948e+00 3.918300000000000255e-02
1.860856999999999983e+00 3.935741999999999713e-02
1.864587999999999912e+00 3.953418999999999683e-02
1.868347999999999898e+00 3.970937000000000078e-02
1.872135000000000105e+00 3.988462000000000257e-02
1.875885999999999942e+00 4.005986999999999743e-02
1.879648999999999903e+00 4.023940000000000156e-02
1.883380000000000054e+00 4.041879000000000305e-02
1.887129000000000056e+00 4.059486000000000344e-02
1.890927000000000024e+00 4.077750000000000125e-02
1.894684000000000035e+00 4.095569999999999766e-02
1.898441000000000045e+00 4.113565999999999750e-02
1.902196999999999916e+00 4.131622000000000072e-02
1.905923999999999952e+00 4.149636999999999770e-02
1.909677000000000069e+00 4.167732999999999854e-02
1.913470999999999922e+00 4.186138999999999832e-02
1.917232000000000047e+00 4.204692000000000152e-02
1.920989999999999975e+00 4.223083999999999866e-02
1.924757000000000051e+00 4.241538000000000252e-02
1.928482000000000030e+00 4.259954999999999992e-02
1.932293999999999956e+00 4.278636999999999718e-02
1.936020000000000074e+00 4.296851000000000143e-02
1.939780999999999977e+00 4.315780000000000310e-02
1.943537000000000070e+00 4.334435999999999845e-02
1.947294000000000080e+00 4.353071000000000024e-02
1.951092999999999966e+00 4.372308999999999918e-02
1.954844999999999944e+00 4.391342000000000162e-02
1.958580999999999905e+00 4.409827999999999665e-02
1.962337999999999916e+00 4.428851000000000315e-02
1.966089999999999893e+00 4.447982999999999798e-02
1.969853999999999994e+00 4.466956999999999872e-02
1.973643000000000036e+00 4.486314000000000274e-02
1.977406999999999915e+00 4.505528000000000310e-02
1.981122000000000050e+00 4.524275999999999992e-02
1.984893000000000018e+00 4.543698999999999655e-02
1.988642000000000021e+00 4.563151000000000013e-02
1.992440999999999907e+00 4.582913999999999738e-02
1.996196999999999999e+00 4.602441000000000171e-02
1.999946999999999919e+00 4.621851999999999905e-02
