4.996826999999999797e-01 9.096858000000000038e-05
5.035880000000000356e-01 1.001182000000000065e-04
5.100430999999999715e-01 1.172866000000000029e-04
5.150322000000000511e-01 1.331053000000000010e-04
5.200213000000000196e-01 1.508989000000000131e-04
5.250738999999999823e-01 1.710970999999999987e-04
5.300629999999999509e-01 1.934657000000000000e-04
5.350806000000000173e-01 2.186033999999999948e-04
5.401392000000000415e-01 2.469308000000000245e-04
5.451262999999999526e-01 2.782829999999999917e-04
5.501122000000000511e-01 3.132275000000000228e-04
5.551696000000000408e-01 3.528647000000000099e-04
5.601528999999999536e-01 3.964164999999999746e-04
5.651774000000000520e-01 4.454257000000000203e-04
5.702310999999999908e-01 5.005577999999999460e-04
5.752163999999999611e-01 5.612170999999999566e-04
5.802041000000000004e-01 6.289152999999999584e-04
5.852559000000000511e-01 7.053807000000000479e-04
5.902420999999999918e-01 7.895531999999999811e-04
5.952591999999999883e-01 8.840722999999999551e-04
6.003148999999999846e-01 9.903755999999999237e-04
6.053378999999999843e-01 1.108531000000000056e-03
6.103256999999999710e-01 1.239143999999999966e-03
6.153775999999999691e-01 1.386634000000000087e-03
6.203670999999999491e-01 1.548997999999999998e-03
6.253923999999999594e-01 1.731314999999999981e-03
6.304129000000000538e-01 1.934486999999999925e-03
6.354319000000000495e-01 2.161014000000000164e-03
6.404246999999999579e-01 2.412006999999999866e-03
6.454758000000000440e-01 2.694738999999999815e-03
6.504647999999999541e-01 3.006065999999999946e-03
6.554864999999999720e-01 3.355252999999999881e-03
6.605039999999999800e-01 3.743755000000000086e-03
6.655261000000000093e-01 4.176685999999999767e-03
6.705100999999999978e-01 4.654509999999999724e-03
6.755676000000000458e-01 5.193833999999999604e-03
6.805550000000000210e-01 5.785623000000000155e-03
6.855729000000000406e-01 6.447226000000000345e-03
6.905966000000000049e-01 7.182542999999999567e-03
6.956128000000000311e-01 7.997370999999999647e-03
7.005995999999999890e-01 8.895411000000000637e-03
7.056487999999999650e-01 9.902199999999999891e-03
7.106742000000000337e-01 1.102269999999999986e-02
7.156641000000000252e-01 1.223965999999999943e-02
7.207137999999999600e-01 1.359999999999999924e-02
7.257398999999999933e-01 1.509191999999999999e-02
7.307225000000000525e-01 1.671773999999999830e-02
7.357848999999999640e-01 1.853012000000000062e-02
7.407768999999999604e-01 2.048925000000000052e-02
7.457610999999999546e-01 2.262462000000000154e-02
7.508162000000000447e-01 2.498672999999999866e-02
7.558357999999999466e-01 2.753548999999999927e-02
7.608268000000000253e-01 3.028161000000000047e-02
7.658814000000000455e-01 3.328922000000000131e-02
7.708660000000000512e-01 3.648602000000000095e-02
7.758587000000000122e-01 3.992339000000000304e-02
7.809106000000000103e-01 4.364814999999999667e-02
7.859289999999999887e-01 4.760005999999999959e-02
7.909152000000000404e-01 5.177935000000000176e-02
7.959772000000000514e-01 5.628153999999999796e-02
8.009604999999999642e-01 6.097222000000000058e-02
8.059433999999999765e-01 6.591487999999999514e-02
8.110003999999999547e-01 7.119182999999999761e-02
8.159859000000000417e-01 7.664735999999999772e-02
8.210102000000000233e-01 8.239891000000000576e-02
8.260644999999999794e-01 8.843821000000000321e-02
8.310480999999999563e-01 9.463069999999999815e-02
8.360362999999999545e-01 1.010694000000000037e-01
8.411343000000000014e-01 1.080592999999999970e-01
8.461267000000000094e-01 1.149324000000000040e-01
8.511492000000000502e-01 1.220886999999999944e-01
8.561994000000000549e-01 1.295024999999999926e-01
8.611917000000000044e-01 1.370468999999999993e-01
8.661811999999999845e-01 1.447903000000000107e-01
8.712394999999999445e-01 1.528316999999999870e-01
8.762273000000000422e-01 1.609485999999999972e-01
8.812537999999999760e-01 1.693217999999999945e-01
8.863086999999999493e-01 1.779086000000000001e-01
8.912974999999999648e-01 1.865582000000000074e-01
8.962864999999999860e-01 1.953645999999999994e-01
9.013423000000000407e-01 2.044484000000000024e-01
9.063318999999999681e-01 2.135691000000000117e-01
9.113531999999999744e-01 2.228999999999999870e-01
9.163746000000000391e-01 2.323553999999999897e-01
9.213968999999999632e-01 2.419550000000000034e-01
9.263818999999999804e-01 2.516141000000000072e-01
9.314411000000000218e-01 2.615396999999999861e-01
9.364346000000000059e-01 2.714670000000000138e-01
9.414514000000000493e-01 2.815505999999999842e-01
9.464740000000000375e-01 2.917564999999999742e-01
9.503460000000000241e-01 2.999095999999999984e-01
