1.276882999999999960e-06 -3.528630000000000129e-05
3.759932000000000118e-03 -3.645723000000000263e-05
7.519528000000000149e-03 -3.470107999999999743e-05
1.128126999999999949e-02 -3.821310000000000180e-05
1.503917999999999922e-02 -3.470107999999999743e-05
1.879733000000000098e-02 -3.528626999999999919e-05
2.256145999999999846e-02 -3.587178000000000301e-05
2.632131000000000054e-02 -3.821298000000000018e-05
3.008438000000000084e-02 -3.411562999999999781e-05
3.384180999999999995e-02 -3.411553999999999829e-05
3.760245999999999728e-02 -3.587151999999999837e-05
4.135861999999999872e-02 -3.645694000000000267e-05
4.512040999999999968e-02 -3.587155000000000047e-05
4.887095000000000328e-02 -3.879822999999999936e-05
5.263609000000000343e-02 -3.528617999999999967e-05
5.639373000000000302e-02 -3.938362000000000156e-05
6.015608000000000066e-02 -3.821310000000000180e-05
6.391352000000000144e-02 -3.821298000000000018e-05
6.767315000000000136e-02 -3.645694000000000267e-05
7.143462000000000423e-02 -3.528614999999999757e-05
7.518850000000000533e-02 -3.353012000000000077e-05
7.894829999999999903e-02 -3.645694000000000267e-05
8.270951999999999471e-02 -3.470098999999999791e-05
8.646993000000000040e-02 -3.821298000000000018e-05
9.022874000000000172e-02 -3.587168999999999671e-05
9.398824999999999541e-02 -3.470096000000000259e-05
9.774761999999999340e-02 -3.704233999999999880e-05
1.015096000000000054e-01 -3.762778999999999842e-05
1.052667000000000047e-01 -3.470078999999999747e-05
1.090277000000000052e-01 -3.704233999999999880e-05
1.127830999999999972e-01 -3.879839999999999770e-05
1.165434000000000053e-01 -3.411544999999999877e-05
1.203028000000000014e-01 -3.587166000000000139e-05
1.240634999999999932e-01 -3.587180999999999833e-05
1.278198999999999863e-01 -3.587168999999999671e-05
1.315821000000000074e-01 -3.704253999999999923e-05
1.353440999999999950e-01 -3.470093000000000049e-05
1.391030000000000044e-01 -3.587178000000000301e-05
1.428545999999999982e-01 -3.470089999999999839e-05
1.466167999999999916e-01 -3.470087999999999699e-05
1.503777000000000030e-01 -3.470096000000000259e-05
1.541346000000000105e-01 -3.528630000000000129e-05
1.578984999999999972e-01 -3.587160999999999789e-05
1.616561999999999999e-01 -3.411568000000000131e-05
1.654206000000000010e-01 -3.294483999999999949e-05
1.691760999999999959e-01 -3.411544999999999877e-05
1.729391999999999874e-01 -3.411557000000000039e-05
1.766911999999999927e-01 -3.528635999999999871e-05
1.804551000000000072e-01 -3.294491999999999831e-05
1.842136000000000051e-01 -3.470093000000000049e-05
1.879734000000000127e-01 -3.587166000000000139e-05
1.917300999999999866e-01 -3.645685999999999708e-05
1.954926999999999915e-01 -3.470105000000000211e-05
1.992551999999999934e-01 -3.470089999999999839e-05
2.030131000000000019e-01 -3.528632999999999661e-05
2.067705999999999988e-01 -3.353019999999999959e-05
2.105408000000000002e-01 -3.177427999999999693e-05
2.143024000000000040e-01 -3.294495000000000041e-05
2.180605999999999933e-01 -3.353041000000000073e-05
2.218181999999999932e-01 -3.235973000000000332e-05
2.255418999999999896e-01 -3.177427999999999693e-05
2.292987999999999971e-01 -3.470098999999999791e-05
2.330942000000000014e-01 -3.470102000000000001e-05
2.368528000000000022e-01 -3.294498000000000250e-05
2.406090999999999924e-01 -3.235959000000000030e-05
2.443651000000000018e-01 -3.645717999999999913e-05
2.480935999999999975e-01 -3.353037999999999863e-05
2.518838999999999939e-01 -3.294516000000000154e-05
2.556397000000000252e-01 -3.470119999999999905e-05
2.593998000000000137e-01 -3.704244999999999971e-05
2.631542000000000048e-01 -3.470098999999999791e-05
2.668861000000000150e-01 -3.177427999999999693e-05
2.707072999999999841e-01 -3.411570999999999663e-05
2.744363000000000219e-01 -3.177430999999999902e-05
2.781887000000000110e-01 -3.353044000000000283e-05
2.819540999999999853e-01 -3.353052000000000165e-05
2.857083000000000261e-01 -3.353035000000000331e-05
2.894348999999999950e-01 -3.411568000000000131e-05
2.932602000000000264e-01 -3.001823999999999942e-05
2.969840999999999731e-01 -3.470114000000000163e-05
3.007445000000000257e-01 -2.826232000000000014e-05
3.044999999999999929e-01 -3.177446000000000274e-05
3.082610000000000072e-01 -3.001836000000000104e-05
3.120484000000000036e-01 -3.118905999999999984e-05
3.158106999999999998e-01 -3.001836000000000104e-05
3.195342999999999933e-01 -3.060377999999999856e-05
3.232936000000000143e-01 -3.001841999999999846e-05
3.270565999999999751e-01 -2.826247000000000047e-05
3.308473000000000108e-01 -2.884774999999999837e-05
3.346069999999999878e-01 -3.118914999999999936e-05
3.383669000000000260e-01 -2.709181999999999839e-05
3.420941000000000121e-01 -2.884798000000000090e-05
3.458474999999999744e-01 -2.650649000000000039e-05
3.496075000000000155e-01 -2.592111999999999959e-05
3.533991000000000215e-01 -2.299444000000000070e-05
3.571573000000000109e-01 -2.416517000000000160e-05
3.609051999999999816e-01 -2.182373999999999851e-05
3.646399000000000168e-01 -2.299464999999999845e-05
3.683995999999999937e-01 -2.006810999999999919e-05
3.721915000000000084e-01 -1.889714999999999914e-05
3.759490999999999805e-01 -1.714116999999999906e-05
3.797072000000000225e-01 -1.362918000000000018e-05
3.834334999999999827e-01 -1.245856000000000020e-05
3.871963999999999961e-01 -9.531620999999999453e-06
3.909830000000000250e-01 -8.361268999999999245e-06
3.947404999999999942e-01 -6.019835999999999669e-06
3.984959000000000140e-01 -1.922453999999999805e-06
4.022575999999999929e-01 4.188332000000000132e-07
4.059828999999999799e-01 2.174580000000000193e-06
4.097411000000000247e-01 6.272078999999999686e-06
4.135301000000000116e-01 9.784183999999999834e-06
4.172913999999999790e-01 1.739373000000000126e-05
4.210502999999999885e-01 2.207616000000000108e-05
4.248062000000000227e-01 2.792964000000000048e-05
4.285319000000000211e-01 3.085619999999999775e-05
4.323556000000000066e-01 4.022161000000000199e-05
4.360856000000000177e-01 4.958692999999999993e-05
4.398393999999999915e-01 5.485487000000000018e-05
4.435992999999999742e-01 5.953756000000000125e-05
4.473542999999999825e-01 7.065888999999999460e-05
4.511499999999999955e-01 7.885348000000000520e-05
4.549103999999999925e-01 9.173100000000000654e-05
4.586338999999999833e-01 1.057788999999999979e-04
4.623959999999999737e-01 1.168999999999999955e-04
4.661521000000000137e-01 1.291921999999999927e-04
4.699138999999999955e-01 1.438254999999999937e-04
4.737039000000000111e-01 1.608002999999999993e-04
4.774630000000000263e-01 1.766043000000000127e-04
4.811860000000000026e-01 1.965058000000000050e-04
4.849458999999999853e-01 2.181632999999999988e-04
4.887072000000000083e-01 2.392351000000000026e-04
4.924957999999999836e-01 2.632339000000000141e-04
4.962552000000000074e-01 2.878180000000000148e-04
5.000143999999999700e-01 3.164991999999999936e-04
5.037414000000000058e-01 3.457658999999999754e-04
5.074975000000000458e-01 3.779594999999999851e-04
5.112898000000000165e-01 4.124935999999999837e-04
5.150479999999999503e-01 4.499551000000000180e-04
5.188034999999999730e-01 4.909286999999999809e-04
5.225315999999999850e-01 5.365844000000000256e-04
5.262881999999999838e-01 5.828262000000000069e-04
5.300793999999999784e-01 6.343352000000000452e-04
5.338357000000000241e-01 6.881858999999999936e-04
5.375980999999999677e-01 7.473052000000000427e-04
5.413531000000000315e-01 8.105210999999999536e-04
5.450810999999999851e-01 8.825178999999999619e-04
5.488401000000000529e-01 9.533417999999999667e-04
5.526273999999999909e-01 1.037044999999999894e-03
5.563877999999999879e-01 1.123674999999999978e-03
5.601458999999999744e-01 1.216742999999999948e-03
5.639073000000000002e-01 1.320348000000000051e-03
5.676271999999999984e-01 1.426292999999999919e-03
5.714601000000000264e-01 1.547456999999999912e-03
5.751817000000000180e-01 1.673302999999999900e-03
5.789406000000000274e-01 1.812028000000000033e-03
5.826972999999999736e-01 1.959532999999999848e-03
5.864521999999999791e-01 2.118744000000000096e-03
5.902458999999999900e-01 2.292587000000000010e-03
5.940039999999999765e-01 2.479308999999999853e-03
5.977373000000000269e-01 2.677151999999999917e-03
6.014912999999999510e-01 2.896066000000000092e-03
6.052560999999999636e-01 3.127857999999999854e-03
6.090090000000000225e-01 3.380723999999999882e-03
6.128038000000000096e-01 3.652316999999999977e-03
6.165606000000000142e-01 3.943228000000000011e-03
6.202845999999999638e-01 4.255212000000000404e-03
6.240436000000000316e-01 4.593535000000000153e-03
6.278046000000000459e-01 4.962295000000000247e-03
6.315969999999999640e-01 5.354468999999999722e-03
6.353503000000000345e-01 5.781760000000000371e-03
6.391130000000000422e-01 6.236565000000000338e-03
6.428369999999999918e-01 6.724153000000000074e-03
6.465946999999999667e-01 7.248611000000000290e-03
6.503843999999999737e-01 7.823409999999999392e-03
6.541409000000000251e-01 8.431569999999999343e-03
6.579009999999999581e-01 9.087730000000000460e-03
6.616271999999999709e-01 9.787205000000000210e-03
6.653892000000000140e-01 1.054111999999999931e-02
6.691416000000000031e-01 1.135239000000000040e-02
6.729378000000000304e-01 1.222922000000000071e-02
6.766990999999999978e-01 1.316107000000000041e-02
6.804518999999999984e-01 1.416022999999999935e-02
6.841772000000000409e-01 1.521791999999999936e-02
6.879332000000000225e-01 1.635698999999999834e-02
6.917320000000000135e-01 1.758677999999999977e-02
6.954858999999999902e-01 1.889383000000000035e-02
6.992464999999999931e-01 2.027698000000000000e-02
7.030003000000000224e-01 2.175084999999999866e-02
7.067301000000000277e-01 2.330959000000000156e-02
7.105553999999999482e-01 2.500998000000000110e-02
7.142783999999999800e-01 2.677066000000000168e-02
7.180341000000000085e-01 2.864490999999999912e-02
7.217932000000000237e-01 3.063621999999999873e-02
7.255546000000000495e-01 3.274223999999999885e-02
7.292758999999999769e-01 3.493899999999999784e-02
7.331119999999999859e-01 3.732483000000000328e-02
7.368333999999999717e-01 3.976506999999999958e-02
7.405928000000000511e-01 4.235400999999999749e-02
7.443522999999999668e-01 4.506994999999999751e-02
7.481098000000000470e-01 4.791291999999999773e-02
7.518991000000000424e-01 5.091508000000000145e-02
7.556557999999999886e-01 5.402673000000000197e-02
7.593851000000000351e-01 5.725074000000000135e-02
7.631396999999999764e-01 6.062519999999999715e-02
7.669025999999999899e-01 6.414013999999999827e-02
7.706903999999999977e-01 6.782130999999999577e-02
7.744495000000000129e-01 7.161133999999999555e-02
7.782118000000000091e-01 7.553308000000000244e-02
7.819352000000000524e-01 7.955547999999999786e-02
7.856900999999999469e-01 8.374060999999999311e-02
7.894484000000000501e-01 8.806208999999999565e-02
7.932432999999999845e-01 9.255571999999999411e-02
7.970000999999999891e-01 9.713658000000000015e-02
8.007279000000000480e-01 1.018093000000000053e-01
8.044888000000000039e-01 1.066464000000000023e-01
8.082426999999999806e-01 1.115498000000000045e-01
8.120363000000000442e-01 1.166766999999999943e-01
8.157931999999999961e-01 1.218680999999999931e-01
8.195506999999999653e-01 1.271735999999999978e-01
8.232736999999999972e-01 1.325614999999999988e-01
8.270370999999999695e-01 1.381033999999999873e-01
8.308248999999999773e-01 1.438116999999999868e-01
8.345875999999999850e-01 1.495741999999999905e-01
8.383473000000000175e-01 1.554474999999999885e-01
8.420986000000000304e-01 1.613951000000000136e-01
8.458265999999999840e-01 1.674258000000000135e-01
8.495833999999999886e-01 1.735810999999999882e-01
8.533800999999999748e-01 1.798968999999999985e-01
8.571301000000000059e-01 1.862400999999999918e-01
8.608959999999999946e-01 1.926958000000000004e-01
8.646506000000000469e-01 1.992145999999999917e-01
8.683821999999999930e-01 2.057943000000000133e-01
8.722079999999999833e-01 2.126211000000000073e-01
8.759312000000000209e-01 2.193431000000000131e-01
8.796886000000000427e-01 2.262114000000000069e-01
8.834490999999999872e-01 2.331545999999999896e-01
8.872052000000000271e-01 2.401720999999999995e-01
8.909945999999999700e-01 2.473184999999999967e-01
8.947595000000000409e-01 2.544964000000000115e-01
8.984830999999999790e-01 2.616613999999999884e-01
9.022415999999999769e-01 2.689805000000000113e-01
9.059971999999999470e-01 2.763410000000000033e-01
9.097515000000000462e-01 2.837535999999999947e-01
9.135470999999999453e-01 2.914626000000000161e-01
9.172759000000000329e-01 2.989284999999999859e-01
