1.692923999999999946e-06 -3.587122999999999842e-05
3.760736000000000200e-03 -3.352979999999999871e-05
7.518788999999999681e-03 -3.294458000000000163e-05
1.127666000000000085e-02 -3.470064000000000053e-05
1.503459000000000045e-02 -3.177379000000000330e-05
1.879737000000000074e-02 -3.470064000000000053e-05
2.256021999999999889e-02 -3.352999999999999915e-05
2.632216000000000070e-02 -3.470035000000000057e-05
3.008210999999999871e-02 -3.352974000000000129e-05
3.384000999999999676e-02 -3.528574999999999670e-05
3.760088999999999793e-02 -3.352974000000000129e-05
4.135867000000000016e-02 -3.235904000000000249e-05
4.512139999999999901e-02 -3.411502000000000257e-05
4.887444999999999984e-02 -3.587110999999999680e-05
5.263500000000000123e-02 -3.352970999999999919e-05
5.639356000000000230e-02 -3.528580000000000019e-05
6.015699000000000046e-02 -3.411510000000000139e-05
6.391257999999999662e-02 -3.352979999999999871e-05
6.767336000000000185e-02 -3.470035000000000057e-05
7.143549999999999900e-02 -3.528574999999999670e-05
7.519198000000000548e-02 -3.294454999999999953e-05
7.894782000000000188e-02 -3.411515999999999881e-05
8.270674000000000081e-02 -3.118851000000000202e-05
8.647045000000000425e-02 -3.294469000000000255e-05
9.022835999999999357e-02 -3.294466000000000045e-05
9.398953000000000169e-02 -3.294446000000000001e-05
9.774625000000000674e-02 -3.411515999999999881e-05
1.015077999999999953e-01 -3.235921000000000083e-05
1.052658000000000066e-01 -3.235926999999999825e-05
1.090264999999999984e-01 -3.411524999999999833e-05
1.127823000000000020e-01 -3.001788999999999865e-05
1.165429999999999938e-01 -3.118851000000000202e-05
1.203010000000000052e-01 -3.177372999999999911e-05
1.240625999999999951e-01 -3.528574999999999670e-05
1.278196000000000054e-01 -3.294440000000000259e-05
1.315819000000000016e-01 -3.294451999999999743e-05
1.353438999999999892e-01 -3.411515999999999881e-05
1.391024999999999900e-01 -3.294460000000000303e-05
1.428552999999999906e-01 -3.294466000000000045e-05
1.466178999999999955e-01 -3.177379000000000330e-05
1.503799000000000108e-01 -3.118856999999999944e-05
1.541370999999999991e-01 -3.177398999999999697e-05
1.578981000000000134e-01 -3.411515999999999881e-05
1.616557999999999884e-01 -3.411531000000000253e-05
1.654191999999999885e-01 -3.177376000000000121e-05
1.691750999999999949e-01 -3.060323000000000074e-05
1.729355999999999949e-01 -3.118856999999999944e-05
1.766907000000000061e-01 -3.118860000000000154e-05
1.804545999999999928e-01 -3.001780999999999983e-05
1.842142999999999975e-01 -3.235914999999999663e-05
1.879746999999999946e-01 -3.177384000000000003e-05
1.917308000000000068e-01 -3.352985000000000221e-05
1.954930000000000001e-01 -3.411515999999999881e-05
1.992547000000000068e-01 -3.411531000000000253e-05
2.030129999999999990e-01 -3.177398999999999697e-05
2.067711000000000132e-01 -3.235917999999999873e-05
2.105414999999999925e-01 -3.177389999999999745e-05
2.143025000000000069e-01 -3.352994000000000173e-05
2.180590000000000028e-01 -3.060319999999999864e-05
2.218190999999999913e-01 -3.001794999999999946e-05
2.255406000000000077e-01 -3.118844999999999783e-05
2.293000000000000038e-01 -3.118842000000000250e-05
2.330950999999999995e-01 -3.411531000000000253e-05
2.368512000000000117e-01 -3.118864999999999826e-05
2.406087000000000087e-01 -3.294462999999999835e-05
2.443659999999999999e-01 -3.294462999999999835e-05
2.480955999999999995e-01 -3.177398999999999697e-05
2.518844000000000083e-01 -3.411533999999999785e-05
2.556391000000000080e-01 -3.177392999999999955e-05
2.593996000000000079e-01 -3.177417000000000278e-05
2.631550999999999751e-01 -3.060337999999999768e-05
2.668844000000000216e-01 -3.118853999999999735e-05
2.707060000000000022e-01 -3.177392999999999955e-05
2.744353999999999960e-01 -3.177398999999999697e-05
2.781896999999999842e-01 -3.060328999999999816e-05
2.819529000000000063e-01 -2.943262000000000146e-05
2.857056000000000040e-01 -3.060323000000000074e-05
2.894345999999999863e-01 -3.177398999999999697e-05
2.932598000000000149e-01 -3.118885999999999940e-05
2.969830999999999999e-01 -3.235937999999999917e-05
3.007428999999999797e-01 -3.294454999999999953e-05
3.044999999999999929e-01 -3.353006000000000335e-05
3.082597000000000254e-01 -3.118880000000000198e-05
3.120490000000000208e-01 -3.001792000000000075e-05
3.158111000000000113e-01 -3.294474999999999997e-05
3.195323999999999942e-01 -3.118860000000000154e-05
3.232930999999999999e-01 -2.943249999999999984e-05
3.270571999999999924e-01 -2.943270000000000028e-05
3.308474000000000137e-01 -2.884727999999999937e-05
3.346097000000000099e-01 -2.884740000000000099e-05
3.383667000000000202e-01 -2.943265000000000017e-05
3.420925000000000216e-01 -3.060328999999999816e-05
3.458474999999999744e-01 -2.592045000000000015e-05
3.496087999999999973e-01 -2.767649000000000105e-05
3.533990000000000187e-01 -2.767683999999999843e-05
3.571568999999999994e-01 -2.826205999999999890e-05
3.609158000000000088e-01 -2.709156000000000053e-05
3.646383999999999737e-01 -2.767654999999999847e-05
3.684003000000000139e-01 -2.826189000000000056e-05
3.721924999999999817e-01 -2.709133000000000138e-05
3.759495999999999949e-01 -2.475019000000000164e-05
3.797063999999999995e-01 -2.475004000000000131e-05
3.834337999999999913e-01 -2.475000999999999921e-05
3.871955999999999731e-01 -2.357946000000000073e-05
3.909830999999999723e-01 -2.357927999999999831e-05
3.947406999999999999e-01 -2.416459000000000169e-05
3.984969999999999901e-01 -2.240866999999999902e-05
4.022604000000000180e-01 -1.714057999999999844e-05
4.059805000000000219e-01 -1.597000000000000126e-05
4.097399999999999931e-01 -1.655521999999999834e-05
4.135297000000000001e-01 -1.655531000000000125e-05
4.172917999999999905e-01 -1.245794999999999988e-05
4.210507000000000000e-01 -1.011657999999999929e-05
4.248072999999999988e-01 -3.677851000000000102e-06
4.285318000000000183e-01 -5.433802000000000021e-06
4.323540000000000161e-01 -3.678054999999999804e-06
4.360853000000000090e-01 -1.660664999999999869e-07
4.398394999999999944e-01 5.687412000000000291e-06
4.436005000000000087e-01 9.784679000000000580e-06
4.473540999999999768e-01 1.154071999999999917e-05
4.511495999999999840e-01 1.563790000000000151e-05
4.549107000000000012e-01 2.149139999999999891e-05
4.586334000000000244e-01 2.675952000000000159e-05
4.623956000000000177e-01 3.436871000000000251e-05
4.661520000000000108e-01 3.963674000000000228e-05
4.699141000000000012e-01 4.841672000000000152e-05
4.737031999999999909e-01 5.544075999999999670e-05
4.774633999999999823e-01 6.422077000000000482e-05
4.811857999999999969e-01 7.183009000000000128e-05
4.849452000000000207e-01 8.178074000000000400e-05
4.887073000000000111e-01 9.524341999999999823e-05
4.924954999999999750e-01 1.075355000000000007e-04
4.962543999999999844e-01 1.221689000000000087e-04
5.000141000000000169e-01 1.362167000000000065e-04
5.037416000000000116e-01 1.520209000000000068e-04
5.074969999999999759e-01 1.689957000000000124e-04
5.112891000000000519e-01 1.871412000000000032e-04
5.150476000000000498e-01 2.058719000000000033e-04
5.188036999999999788e-01 2.298703999999999938e-04
5.225315999999999850e-01 2.521131000000000240e-04
5.262881000000000364e-01 2.743560000000000139e-04
5.300799000000000483e-01 3.065492999999999755e-04
5.338357000000000241e-01 3.352305999999999884e-04
5.375978000000000145e-01 3.674241000000000182e-04
5.413535999999999904e-01 4.043003000000000091e-04
5.450804000000000205e-01 4.400057999999999877e-04
5.488399999999999945e-01 4.827348999999999985e-04
5.526278000000000024e-01 5.283911999999999767e-04
5.563873999999999764e-01 5.746317999999999825e-04
5.601456000000000213e-01 6.267269999999999916e-04
5.639066000000000356e-01 6.835052000000000098e-04
5.676274000000000042e-01 7.414528999999999564e-04
5.714599000000000206e-01 8.122786000000000329e-04
5.751821999999999768e-01 8.813484999999999592e-04
5.789408999999999805e-01 9.621249999999999811e-04
5.826968999999999621e-01 1.043485999999999936e-03
5.864519000000000259e-01 1.135383000000000009e-03
5.902452999999999728e-01 1.234889999999999989e-03
5.940031000000000061e-01 1.338495000000000093e-03
5.977367999999999570e-01 1.457317000000000074e-03
6.014910999999999452e-01 1.582578999999999974e-03
6.052553999999999990e-01 1.716620000000000082e-03
6.090088000000000168e-01 1.862953999999999999e-03
6.128038999999999570e-01 2.024507000000000043e-03
6.165608000000000199e-01 2.194839999999999985e-03
6.202843999999999580e-01 2.378632999999999789e-03
6.240444000000000546e-01 2.577648999999999999e-03
6.278046000000000459e-01 2.795978000000000178e-03
6.315977999999999870e-01 3.033038999999999961e-03
6.353509999999999991e-01 3.286489000000000077e-03
6.391134000000000537e-01 3.561009999999999870e-03
6.428369999999999918e-01 3.855434999999999938e-03
6.465959999999999486e-01 4.175612999999999894e-03
6.503849999999999909e-01 4.525058000000000205e-03
6.541413000000000366e-01 4.899671000000000408e-03
6.579024999999999457e-01 5.301796999999999586e-03
6.616275000000000350e-01 5.737286999999999769e-03
6.653894000000000197e-01 6.207896000000000074e-03
6.691422999999999677e-01 6.717723000000000097e-03
6.729378999999999778e-01 7.272030999999999981e-03
6.766993000000000036e-01 7.862634000000000289e-03
6.804527000000000214e-01 8.503577000000000011e-03
6.841770000000000351e-01 9.182562000000000016e-03
6.879342000000000512e-01 9.925939999999999416e-03
6.917322000000000193e-01 1.073078000000000053e-02
6.954860999999999960e-01 1.159004999999999931e-02
6.992471000000000103e-01 1.251252999999999914e-02
7.030001000000000166e-01 1.350291999999999985e-02
7.067312000000000038e-01 1.455769999999999981e-02
7.105555999999999539e-01 1.572308999999999859e-02
7.142783999999999800e-01 1.693356000000000028e-02
7.180358000000000018e-01 1.824179000000000078e-02
7.217947999999999587e-01 1.963840000000000030e-02
7.255551000000000084e-01 2.113392999999999869e-02
7.292758999999999769e-01 2.270965000000000136e-02
7.331124999999999448e-01 2.444400000000000045e-02
7.368337999999999832e-01 2.623160999999999896e-02
7.405937000000000214e-01 2.814741000000000118e-02
7.443539000000000128e-01 3.018262000000000028e-02
7.481103999999999532e-01 3.233549000000000145e-02
7.519000999999999602e-01 3.463175999999999755e-02
7.556570000000000231e-01 3.703864999999999935e-02
7.593860999999999528e-01 3.954797000000000173e-02
7.631405999999999468e-01 4.221242000000000050e-02
7.669046000000000474e-01 4.501498999999999778e-02
7.706906000000000034e-01 4.797444000000000014e-02
7.744499000000000244e-01 5.104687000000000113e-02
7.782128000000000378e-01 5.427206999999999865e-02
7.819361999999999702e-01 5.760028999999999844e-02
7.856906000000000168e-01 6.109064000000000161e-02
7.894510999999999612e-01 6.472732999999999959e-02
7.932443000000000133e-01 6.855190999999999368e-02
7.969998999999999834e-01 7.246484999999999732e-02
8.007281000000000537e-01 7.648786000000000473e-02
8.044894999999999685e-01 8.068941000000000308e-02
8.082418000000000102e-01 8.501907000000000214e-02
8.120384999999999964e-01 8.953849999999999310e-02
8.157931999999999961e-01 9.413747000000000087e-02
8.195506999999999653e-01 9.887458000000000358e-02
8.232734999999999914e-01 1.037047999999999998e-01
8.270383000000000040e-01 1.087058000000000052e-01
8.308250000000000357e-01 1.138726000000000044e-01
8.345877999999999908e-01 1.191241999999999995e-01
8.383469000000000060e-01 1.245086999999999999e-01
8.420986000000000304e-01 1.299751000000000101e-01
8.458257000000000136e-01 1.355275999999999981e-01
8.495838000000000001e-01 1.412422000000000122e-01
8.533794999999999575e-01 1.471265999999999963e-01
8.571313999999999877e-01 1.530518999999999907e-01
8.608957999999999888e-01 1.591018999999999906e-01
8.646506999999999943e-01 1.652269000000000099e-01
8.683815999999999757e-01 1.714391000000000109e-01
8.722073999999999661e-01 1.778835000000000000e-01
8.759301000000000448e-01 1.842631000000000130e-01
8.796897999999999662e-01 1.907907000000000075e-01
8.834484999999999699e-01 1.974260999999999933e-01
8.872050000000000214e-01 2.041129000000000138e-01
8.909939999999999527e-01 2.109566999999999970e-01
8.947593000000000352e-01 2.178405999999999954e-01
8.984820999999999502e-01 2.247358999999999885e-01
9.022415000000000296e-01 2.317741000000000107e-01
9.059977000000000169e-01 2.388753000000000126e-01
9.097539999999999516e-01 2.460520999999999958e-01
9.135474999999999568e-01 2.533706000000000014e-01
9.173095999999999473e-01 2.607094999999999829e-01
9.210319999999999618e-01 2.680390000000000272e-01
9.247889000000000248e-01 2.755049999999999999e-01
9.285543000000000546e-01 2.830410999999999899e-01
9.323409000000000280e-01 2.906837999999999922e-01
9.360960000000000392e-01 2.983229000000000020e-01
